0 0.31100000000000705 0.8840000000000003 0.021472933748814947 0.020404721753794267 23-014333
0 0.3129999999999882 0.8670000000000009 0.024298319768395735 0.020961214165261394 23-012676
0 0.36600000000001387 0.8499999999999996 0.034658068506859124 0.03246205733558179 23-007105
0 0.3269999999999982 0.8499999999999996 0.023921601632451602 0.02263069139966276 23-012019
0 0.460000000000008 0.7989999999999995 0.029572373671613462 0.024856661045531213 23-009470
0 0.3499999999999943 0.7430000000000003 0.028065501127837133 0.02522765598650924 23-009829
0 0.6135682967959669 0.6510590219224291 0.020907856544898656 0.019477234401349092 23-015205
0 0.6289999999999907 0.5660000000000007 0.022979806292591373 0.019291736930860077 23-014141
0 0.5409999999999968 0.5310000000000006 0.020531138408954527 0.019291736930860125 23-015670
0 0.03325463743675427 0.48600000000000065 0.02128457468084286 0.01966273187183825 23-014797
0 0.423097807757169 0.3879999999999999 0.027473751011103605 0.023035413153457137 23-014384
0 0.5682546374367509 0.2713726812816196 0.03277447782713857 0.03101180438448564 23-008109
0 0.7259999999999991 0.26099999999999923 0.038425249866300526 0.029865092748735306 23-007039
0 0.8220000000000027 0.2400000000000002 0.05801459293539453 0.051011804384485666 23-004088
0 0.6949999999999932 0.2240000000000002 0.02994909180755759 0.025413153456998207 23-009256
0 0.38762731871837225 0.21937268128161813 0.04102671293415277 0.03623946037099496 23-007495
0 0.11394097807757145 0.18399999999999928 0.04181571308979747 0.03431703204047221 23-005959
0 0.5966273187183755 0.1743726812816182 0.032962836895110634 0.02949409780775718 23-007778
0 0.6984114671163464 0.08531365935919033 0.032953945924171495 0.029898819561551465 23-008615
0 0.23864755480606992 0.07168634064080981 0.029922418894740354 0.024519392917369248 23-012316
0 0.49831365935919053 0.7546374367622259 0.021922428330522766 0.021922428330522766 
0 0.5674536256323778 0.6973018549747049 0.01854974704890388 0.01854974704890388 
0 0.851602023608769 0.7133220910623945 0.016863406408094434 0.016863406408094434 
0 0.4629005059021922 0.3187183811129848 0.01517706576728499 0.016863406408094434 
0 0.28583473861720066 0.31450252951096125 0.01854974704890388 0.01517706576728499 
0 0.04131534569983136 0.6939291736930859 0.08263069139966273 0.16694772344013492 
0 0.9553119730185498 0.26475548060708265 0.0893760539629005 0.18549747048903878 
