0 0.6540590219224293 0.9879999999999995 0.021694881529810164 0.02259696458684654 17-005669
0 0.7103726812816125 0.928686340640809 0.04544458925567926 0.043338954468802704 17-001318
0 0.5817453625632406 0.9213726812816181 0.029005979687208496 0.02967959527824622 17-003763
0 0.5342158516020247 0.7705295109612149 0.025607283883016734 0.026812816188870114 17-004351
0 0.5043726812816236 0.6036863406408097 0.038252697569473325 0.034738617200674476 17-001998
0 0.16621585160202978 0.556470489038785 0.022063367085059658 0.025463743676222634 17-004897
0 0.23890219224283715 0.5594317032040474 0.04490486818409178 0.04586846543001694 17-001535
0 0.4187453625632439 0.2996273187183819 0.454578266832873 0.4342327150084318 17-000028
0 0.8263726812816121 0.17131365935919052 0.0371732554262981 0.03541315345699832 17-002437
0 0.2723440134907251 0.08347386172006743 0.02866779089376054 0.02866779089376054 
0 0.20657672849915687 0.06492411467116355 0.025295109612141653 0.021922428330522766 
