0 0.07137268128163088 0.9703726812816194 0.02618191044811648 0.021703204047217546 23-011381
0 0.7577453625632425 0.9139409780775721 0.10679959154015835 0.09905564924114672 23-002312
0 0.6735885328836393 0.8789999999999996 0.02636137854514931 0.02433389544688028 23-012328
0 0.27021585160201467 0.8503726812816184 0.025401801263410982 0.02173693086003375 23-016495
0 0.847215851602013 0.7798431703204046 0.030281355088806246 0.026981450252951095 23-015823
0 0.647902192242829 0.7193136593591907 0.02802104627314161 0.024738617200674468 23-017460
0 0.8853726812816238 0.7046273187183814 0.019042047807056338 0.02114671163575036 23-013540
0 0.2136863406407985 0.6728431703204053 0.027671001050014715 0.024721753794266485 23-013403
0 0.45443170320404525 0.6336863406408091 0.2095441932943225 0.19219224283305222 23-001062
0 0.24799999999999045 0.5190000000000001 0.12394026672561599 0.11370994940978084 23-002026
0 0.0359021922428342 0.434843170320404 0.02297091532165223 0.022091062394603556 23-014585
0 0.8433726812816222 0.43031365935919097 0.04708976699301514 0.045075885328836454 23-004851
0 0.48321585160203706 0.37137268128161927 0.027114814817037664 0.024519392917369248 23-012116
0 0.901529510961215 0.3666863406408096 0.02973405982676828 0.024333895446880187 23-012489
0 0.5345885328836293 0.3056863406408097 0.02221747904976397 0.020809443507588586 23-017305
0 0.06590219224283522 0.25337268128161894 0.03350124118620959 0.03067453625632387 23-010150
0 0.8033726812816302 0.19831365935918988 0.024863396972312025 0.023187183811129847 23-011493
0 0.1153726812816136 0.1720000000000006 0.05066858928448447 0.04674536256323782 23-004556
0 0.7333726812816086 0.1653136593591904 0.02787714205986507 0.025413153456998207 23-009781
0 0.706529510961222 0.07162731871838035 0.06636462872273902 0.0696795952782461 23-003026
0 0.4620573355817875 0.5134907251264755 0.03035413153456998 0.025295109612141653 
0 0.6779089376053963 0.18634064080944346 0.023608768971332208 0.021922428330522766 
0 0.8920741989881956 0.524451939291737 0.016863406408094434 0.016863406408094434 
0 0.5927487352445193 0.46543001686340646 0.021922428330522766 0.016863406408094434 
