0 0.29090219224282965 0.0446863406408087 0.025984660409205274 0.025075885328836433 23-012323
0 0.3946863406408102 0.12737268128161944 0.019777702137066266 0.017807757166947727 23-017424
0 0.060059021922435285 0.14637268128161957 0.02354488349650757 0.021703204047217498 23-012573
0 0.8836863406408144 0.1590000000000007 0.02222637002070316 0.020590219224283317 23-013717
0 0.1787453625632348 0.17099999999999937 0.04036218637165546 0.03802698145025297 23-005122
0 0.9600590219224409 0.1966273187183804 0.026558628584060544 0.022259696458684634 23-011159
0 0.8706863406408092 0.21968634064080939 0.058956388275255005 0.0537942664418213 23-003983
0 0.5550590219224397 0.2352748735244528 0.021661292816786918 0.019494097807757172 23-015695
0 0.8295295109612124 0.24621585160202447 0.019409874972061328 0.02023608768971332 23-015801
0 0.26505902192241926 0.26374536256323744 0.038425249866300526 0.03450252951096128 23-006159
0 0.3633726812816326 0.2579999999999991 0.06121669709091964 0.05564924114671164 23-003899
0 0.8673726812816231 0.278059021922428 0.0478432032649034 0.03610455311973023 23-005003
0 0.2570590219224379 0.2782546374367624 0.04313422656560177 0.03691399662731879 23-005590
0 0.46005902192244086 0.3013726812816189 0.04407602190546229 0.041551433389544666 23-005258
0 0.8600000000000136 0.31099999999999994 0.050291871148540196 0.03691399662731879 23-005639
0 0.7570590219224379 0.3243726812816186 0.02222637002070321 0.017993254637436694 23-015276
0 0.46668634064081294 0.4513726812816192 0.020907856544898656 0.018920741989882 23-015690
0 0.5987453625632507 0.47921585160202324 0.029195655535669333 0.02954468802698142 23-009660
0 0.43911804384485864 0.48600000000000065 0.02371546062260154 0.024182124789207473 23-017269
0 0.3724317032040516 0.5730000000000004 0.025240115108256155 0.02337268128161891 23-011175
0 0.255745362563233 0.7729999999999997 0.02580519231217235 0.021517706576728485 23-011548
0 0.5557453625632442 0.7870000000000008 0.03145596435133411 0.02671163575042164 23-008738
