0 0.5589999999999975 0.029999999999999364 0.02655862858406061 0.021703204047217546 23-011402
0 0.5113726812816287 0.08037268128161884 0.03465806850685922 0.029679595278246197 23-007480
0 0.2290590219224179 0.11794097807757101 0.0239216016324517 0.01743676222596965 23-014331
0 0.5049999999999955 0.12400000000000054 0.04143899495385338 0.03784148397976391 23-005749
0 0.041223068633694515 0.12700000000000067 0.09069075099412804 0.11426644182124793 23-001961
0 0.9503726812816217 0.2129999999999992 0.03635330011860771 0.03209106239460369 23-006908
0 0.8823726812816095 0.23294097807757122 0.04614797165315486 0.042478920741989876 23-005046
0 0.4007453625632432 0.23831365935919077 0.021849651884758983 0.018920741989882 23-014804
0 0.6954317032040591 0.33162731871838197 0.02071949747692669 0.018920741989881907 23-015852
0 0.5354317032040341 0.39705902192242776 0.0896589163547009 0.0792074198988196 23-002764
0 0.4973726812816187 0.46472512647554826 0.0902239935586171 0.07426644182124797 23-002650
0 0.8177453625632448 0.51531365935919 0.04935007580867987 0.04544688026981458 23-004703
0 0.010158277694980122 0.7350978077571666 0.020316555389960154 0.025649241146711504 23-013365
0 0.9100590219224295 0.798 0.11056677289959956 0.10629005059021918 23-002202
0 0.8550590219224227 0.8699999999999992 0.04030884054602103 0.03765598650927475 23-005866
0 0.5339999999999918 0.8727251264755482 0.5110181514082007 0.2800047217537939 23-000349
0 0.9490590219224168 0.9323726812816192 0.026558628584060558 0.023558178752107972 23-010675
0 0.8279932546374368 0.45531197301854975 0.02023608768971332 0.016863406408094434 
0 0.2512647554806071 0.4612141652613828 0.016863406408094434 0.01854974704890388 
0 0.30269814502529513 0.44350758853288363 0.01517706576728499 0.013490725126475547 
0 0.0708263069139966 0.8128161888701517 0.016863406408094434 0.02023608768971332 
0 0.05817875210792578 0.6433389544688027 0.021922428330522766 0.021922428330522766 
0 0.13237774030354132 0.4620573355817875 0.01854974704890388 0.016863406408094434 
0 0.17284991568296793 0.9426644182124789 0.01517706576728499 0.013490725126475547 
0 0.8296795952782462 0.3220910623946037 0.02023608768971332 0.02023608768971332 
0 0.6290050590219225 0.4468802698145025 0.016863406408094434 0.016863406408094434 
0 0.5741989881956155 0.5252951096121417 0.01854974704890388 0.01517706576728499 
0 0.6247892074198989 0.5278246205733558 0.01517706576728499 0.016863406408094434 
0 0.7546374367622259 0.6610455311973018 0.01517706576728499 0.013490725126475547 
0 0.5590219224283306 0.6956155143338955 0.01517706576728499 0.01517706576728499 
0 0.010118043844856706 0.321247892074199 0.013490725126475547 0.01517706576728499 
0 0.15345699831365933 0.031197301854974706 0.02023608768971332 0.021922428330522766 
0 0.9443507588532883 0.15851602023608768 0.023608768971332208 0.023608768971332208 
