0 0.20856829679596575 0.10247048903878626 0.030684746137567664 0.029730185497470495 23-010074
0 0.6216273187183811 0.14300000000000068 0.05161038462434451 0.04396290050590218 23-004699
0 0.6160000000000139 0.2571568296795944 0.16933480210688254 0.14799325463743682 23-001582
0 0.7196273187183942 0.31568634064080947 0.021472933748815044 0.02021922428330524 23-014465
0 0.44800000000000745 0.33705902192242904 0.021284574680842785 0.018178752107925755 23-016172
0 0.27294097807756323 0.375 0.06178177429483593 0.05249578414839797 23-003941
0 0.534254637436759 0.5823136593591902 0.03428135037091509 0.03101180438448564 23-008004
0 0.4387841483979884 0.6818431703204039 0.030846432292722395 0.026762225969645875 23-013133
0 0.013313659359176914 0.8073136593591899 0.025051756040284066 0.02207419898819567 23-012026
0 0.9303136593591785 0.8717453625632381 0.021661292816786918 0.018920741989882 23-015420
