0 0.6365295109612004 0.9653726812816187 0.029357341690824063 0.026745362563237774 23-011544
0 0.8673726812816231 0.9453726812816191 0.023168165360563438 0.02077571669477235 23-013211
0 0.1277453625632471 0.8826863406408096 0.026917564778126457 0.023220910623946055 23-013562
0 0.5326863406408153 0.8807453625632383 0.05743173378960043 0.05327150084317034 23-004288
0 0.35121585160203195 0.8604317032040476 0.03086421423460068 0.02993254637436762 23-011078
0 0.12868634064081885 0.8331568296795949 0.020719497476926783 0.01856661045531196 23-017432
0 0.585000000000008 0.7138431703204039 0.025599051302322096 0.0241652613827993 23-014823
0 0.39137268128162417 0.41000000000000014 0.12548270315314888 0.11408094435075901 23-001967
0 0.9560590219224218 0.41574536256323846 0.02844221926378117 0.02652613827993258 23-009308
0 0.9350000000000023 0.40300000000000047 0.0239216016324517 0.01984822934232731 23-013344
0 0.37568634064080475 0.31294097807757126 0.021661292816786918 0.020775716694772236 23-014019
0 0.5099999999999909 0.27999999999999936 0.10529271899638193 0.10091062394603716 23-002302
0 0.8799021922428283 0.2812158516020229 0.022217479049764066 0.022681281618887092 23-017340
0 0.96658016467666 0.25399999999999956 0.07352363771134797 0.08829679595278249 23-002638
0 0.4579999999999984 0.22000000000000064 0.038425249866300526 0.0348735244519394 23-006335
0 0.38890219224284284 0.08378414839797554 0.09398228394711906 0.0915008431703204 23-002624
0 0.3073726812816209 0.06262731871838179 0.023338742486657408 0.02155143338954464 23-017077
