0 0.6738819561551408 0.05131365935919138 0.024109960700423764 0.020590219224283307 23-012992
0 0.8054114671163457 0.0984704890387867 0.023724351593540492 0.021720067453625626 23-014189
0 0.518411467116368 0.13462731871838102 0.024289428797456686 0.02136593591905563 23-015077
0 0.4416273187183743 0.19599999999999973 0.09587476559777885 0.09200674536256324 23-002513
0 0.13678414839796751 0.30268634064080957 0.0316176505064889 0.027858347386171975 23-010529
0 0.028254637436758816 0.31762731871838085 0.024109960700423764 0.021517706576728485 23-012529
0 0.4603136593591796 0.3550000000000004 0.03446970943888716 0.02801011804384488 23-007772
0 0.7999409780775785 0.37262731871838056 0.02597576943826613 0.02696458684654302 23-013995
0 0.6630978077571781 0.3864704890387852 0.04386098992467299 0.04048903878583472 23-006221
0 0.1426273187183677 0.6039999999999992 0.07289495930518748 0.06436762225969639 23-003331
0 0.24825463743675769 0.6549999999999994 0.02053113840895462 0.019477234401349186 23-015585
0 0.8570978077571665 0.6969999999999992 0.030675855166628616 0.0267453625632378 23-011100
0 0.3406273187183752 0.7333726812816194 0.05782623386742266 0.05193929173693097 23-004074
0 0.7464704890387811 0.7907841483979763 0.02709703287515938 0.026576728499156814 23-013493
0 0.6381568296796053 0.8087841483979771 0.026173019477177338 0.021905564924114686 23-013156
0 0.8061568296795832 0.8338431703204049 0.023535992525568424 0.021534569983136756 23-014195
0 0.304725126475541 0.8873726812816193 0.03708006347767873 0.03475548060708285 23-008153
0 0.054254637436769275 0.8943136593591913 0.02260308815664727 0.02096121416526149 23-013526
0 0.8157841483979695 0.8960000000000007 0.023535992525568424 0.022107925801011636 23-015672
