0 0.10262731871837566 0.9144704890387857 0.02222637002070316 0.026205733558178762 23-013495
0 0.8092546374367647 0.8703136593591905 0.026540846642182325 0.028263069139966304 23-012864
0 0.5048819561551297 0.7810000000000006 0.022038010952731047 0.01966273187183808 23-014348
0 0.11882523832906904 0.7680000000000007 0.26141552432395193 0.4375885328836425 23-000406
0 0.41431365935918735 0.7636273187183806 0.022414729088675273 0.020404721753794305 23-013883
0 0.6909409780775697 0.75 0.028065501127836942 0.023001686340640787 23-010755
0 0.22831365935918033 0.6519409780775718 0.02524011510825606 0.02263069139966276 23-011477
0 0.6899409780775648 0.5330590219224287 0.04087391774993718 0.03654300168634057 23-005914
0 0.5837251264755373 0.3563136593591911 0.025419583205289076 0.021551433389544832 23-014339
0 0.7286273187183804 0.35599999999999987 0.02467503790433996 0.023558178752107972 23-011326
0 0.2685295109612053 0.26005902192242913 0.03500811372998592 0.027639123102866755 23-008730
0 0.2506863406408047 0.2253136593591908 0.030684746137567664 0.02581787521079268 23-010642
0 0.6476273187183915 0.1899999999999995 0.087021889403092 0.08384485666104557 23-002733
0 0.6585682967959544 0.08115682967959603 0.025240115108256155 0.02490725126475545 23-013122
0 0.5130000000000052 0.05181450252951081 0.22151026393514325 0.11399190556492361 23-001109
