0 0.9286273187183691 0.02962731871838059 0.02618191044811648 0.021703204047217546 23-011381
0 0.24225463743675746 0.08605902192242786 0.10679959154015835 0.09905564924114672 23-002312
0 0.3264114671163607 0.12100000000000043 0.02636137854514931 0.02433389544688028 23-012328
0 0.7297841483979853 0.14962731871838159 0.025401801263410982 0.02173693086003375 23-016495
0 0.15278414839798707 0.22015682967959538 0.030281355088806246 0.026981450252951095 23-015823
0 0.35209780775717103 0.28068634064080933 0.02802104627314161 0.024738617200674468 23-017460
0 0.11462731871837611 0.2953726812816187 0.019042047807056338 0.02114671163575036 23-013540
0 0.7863136593592015 0.3271568296795947 0.027671001050014715 0.024721753794266485 23-013403
0 0.5455682967959548 0.36631365935919086 0.2095441932943225 0.19219224283305222 23-001062
0 0.7520000000000095 0.4809999999999999 0.12394026672561599 0.11370994940978084 23-002026
0 0.9640978077571658 0.565156829679596 0.02297091532165223 0.022091062394603556 23-014585
0 0.1566273187183777 0.569686340640809 0.04708976699301514 0.045075885328836454 23-004851
0 0.5167841483979629 0.6286273187183807 0.027114814817037664 0.024519392917369248 23-012116
0 0.09847048903878493 0.6333136593591904 0.02973405982676828 0.024333895446880187 23-012489
0 0.4654114671163707 0.6943136593591903 0.02221747904976397 0.020809443507588586 23-017305
0 0.9340978077571648 0.7466273187183811 0.03350124118620959 0.03067453625632387 23-010150
0 0.19662731871836975 0.8016863406408101 0.024863396972312025 0.023187183811129847 23-011493
0 0.8846273187183864 0.8279999999999994 0.05066858928448447 0.04674536256323782 23-004556
0 0.26662731871839135 0.8346863406408096 0.02787714205986507 0.025413153456998207 23-009781
0 0.2934704890387781 0.9283726812816196 0.06636462872273902 0.0696795952782461 23-003026
0 0.5379426644182125 0.48650927487352447 0.03035413153456998 0.025295109612141653 
0 0.3220910623946037 0.8136593591905565 0.023608768971332208 0.021922428330522766 
0 0.10792580101180438 0.47554806070826305 0.016863406408094434 0.016863406408094434 
0 0.4072512647554806 0.5345699831365935 0.021922428330522766 0.016863406408094434 
