0 0.569902192242826 0.03678414839797676 0.020898965573959705 0.02042158516020237 23-017243
0 0.7082158516020314 0.08362731871838086 0.025419583205289174 0.023777403035413168 23-013101
0 0.746686340640814 0.23662731871838133 0.053305616236093194 0.051568296795952824 23-004241
0 0.8901047323865106 0.35999999999999943 0.24176958874967686 0.38954468802698144 23-000479
0 0.5256863406408103 0.4086863406408095 0.03013745087552966 0.028937605396290093 23-008402
0 0.40674536256324345 0.41837268128161803 0.03409299130294303 0.03209106239460376 23-007162
0 0.09474536256323163 0.5926863406408087 0.0576378747994504 0.05397976391231027 23-004028
0 0.7720590219224243 0.5982546374367627 0.030684746137567664 0.02785834738617217 23-010114
0 0.6030590219224415 0.60831365935919 0.07421347278099194 0.06919055649241161 23-003209
0 0.33337268128163144 0.6451568296795961 0.4888806910968884 0.4574367622259698 23-000352
0 0.030059021922433926 0.9219409780775714 0.02222637002070292 0.023962900505902253 23-013847
0 0.5933726812816222 0.9789999999999993 0.029760732739585526 0.02652613827993258 23-008961
