0 0.34594097807757074 0.012000000000000455 0.021694881529810164 0.02259696458684654 17-005669
0 0.2896273187183875 0.07131365935919096 0.04544458925567926 0.043338954468802704 17-001318
0 0.4182546374367594 0.07862731871838186 0.029005979687208496 0.02967959527824622 17-003763
0 0.46578414839797533 0.22947048903878514 0.025607283883016734 0.026812816188870114 17-004351
0 0.4956273187183764 0.3963136593591902 0.038252697569473325 0.034738617200674476 17-001998
0 0.8337841483979702 0.4435295109612149 0.022063367085059658 0.025463743676222634 17-004897
0 0.7610978077571628 0.4405682967959526 0.04490486818409178 0.04586846543001694 17-001535
0 0.5812546374367561 0.7003726812816181 0.454578266832873 0.4342327150084318 17-000028
0 0.17362731871838782 0.8286863406408095 0.0371732554262981 0.03541315345699832 17-002437
0 0.7276559865092749 0.9165261382799326 0.02866779089376054 0.02866779089376054 
0 0.7934232715008431 0.9350758853288365 0.025295109612141653 0.021922428330522766 
