0 0.21274536256322663 0.9106863406408101 0.02768878299189281 0.026526138279932554 23-009478
0 0.6849021922428351 0.7812158516020229 0.05480359780893057 0.05306913996627321 23-004250
0 0.8090590219224304 0.7096070826306906 0.14447140513457052 0.1611129848229342 23-001738
0 0.9899913611471112 0.7204704890387866 0.022019005476355547 0.022124789207419907 23-016025
0 0.01851290929739624 0.6790000000000003 0.037187085108572236 0.058431703204047176 23-003725
0 0.4000000000000057 0.6522158516020233 0.021284574680842785 0.022681281618887092 23-016246
0 0.8997453625632384 0.5706863406408103 0.03767181359441212 0.03543001686340639 23-006340
0 0.41800000000000637 0.5079999999999991 0.03013745087552985 0.027268128161888634 23-008737
0 0.8286863406408076 0.47631365935919023 0.14444308354350227 0.14731871838111302 23-001497
0 0.10437268128161803 0.4507453625632386 0.029195655535669524 0.028381112984823004 23-008716
0 0.13352951096121435 0.44005902192242874 0.024460005923550465 0.02136593591905577 23-017578
0 0.8863726812816286 0.3819999999999997 0.045582894449238666 0.03969645868465424 23-005292
0 0.3766863406408094 0.3490000000000002 0.11941964909428643 0.11630691399662736 23-002039
0 0.6837453625632303 0.23937268128161948 0.026352487574210357 0.0260370994940979 23-014360
0 0.18868634064082124 0.19468634064080903 0.025410692234349934 0.023035413153457137 23-014522
0 0.027824620573355774 0.53035413153457 0.021922428330522766 0.025295109612141653 
0 0.29342327150084313 0.6517706576728499 0.02023608768971332 0.01854974704890388 
0 0.5590219224283306 0.7984822934232715 0.01517706576728499 0.01854974704890388 
0 0.36677908937605397 0.12563237774030356 0.01854974704890388 0.01854974704890388 
