0 0.10262731871837566 0.08552951096121435 0.02222637002070316 0.026205733558178762 23-013495
0 0.8092546374367647 0.12968634064080956 0.026540846642182325 0.028263069139966304 23-012864
0 0.5048819561551297 0.21899999999999942 0.022038010952731047 0.01966273187183808 23-014348
0 0.11882523832906904 0.23199999999999926 0.26141552432395193 0.4375885328836425 23-000406
0 0.41431365935918735 0.23637268128161942 0.022414729088675273 0.020404721753794305 23-013883
0 0.6909409780775697 0.25 0.028065501127836942 0.023001686340640787 23-010755
0 0.22831365935918033 0.34805902192242827 0.02524011510825606 0.02263069139966276 23-011477
0 0.6899409780775648 0.46694097807757123 0.04087391774993718 0.03654300168634057 23-005914
0 0.5837251264755373 0.6436863406408089 0.025419583205289076 0.021551433389544832 23-014339
0 0.7286273187183804 0.6440000000000001 0.02467503790433996 0.023558178752107972 23-011326
0 0.2685295109612053 0.7399409780775709 0.03500811372998592 0.027639123102866755 23-008730
0 0.2506863406408047 0.7746863406408092 0.030684746137567664 0.02581787521079268 23-010642
0 0.6476273187183915 0.8100000000000005 0.087021889403092 0.08384485666104557 23-002733
0 0.6585682967959544 0.918843170320404 0.025240115108256155 0.02490725126475545 23-013122
0 0.5130000000000052 0.9481854974704892 0.22151026393514325 0.11399190556492361 23-001109
