0 0.7872546374367734 0.08931365935918986 0.02768878299189281 0.026526138279932554 23-009478
0 0.3150978077571649 0.21878414839797716 0.05480359780893057 0.05306913996627321 23-004250
0 0.19094097807756963 0.29039291736930944 0.14447140513457052 0.1611129848229342 23-001738
0 0.010008638852888883 0.27952951096121337 0.022019005476355547 0.022124789207419907 23-016025
0 0.9814870907026038 0.32099999999999973 0.037187085108572236 0.058431703204047176 23-003725
0 0.5999999999999943 0.3477841483979767 0.021284574680842785 0.022681281618887092 23-016246
0 0.10025463743676154 0.42931365935918975 0.03767181359441212 0.03543001686340639 23-006340
0 0.5819999999999936 0.49200000000000094 0.03013745087552985 0.027268128161888634 23-008737
0 0.17131365935919238 0.5236863406408098 0.14444308354350227 0.14731871838111302 23-001497
0 0.895627318718382 0.5492546374367614 0.029195655535669524 0.028381112984823004 23-008716
0 0.8664704890387857 0.5599409780775713 0.024460005923550465 0.02136593591905577 23-017578
0 0.11362731871837134 0.6180000000000003 0.045582894449238666 0.03969645868465424 23-005292
0 0.6233136593591906 0.6509999999999998 0.11941964909428643 0.11630691399662736 23-002039
0 0.31625463743676974 0.7606273187183805 0.026352487574210357 0.0260370994940979 23-014360
0 0.8113136593591788 0.805313659359191 0.025410692234349934 0.023035413153457137 23-014522
0 0.9721753794266442 0.46964586846543 0.021922428330522766 0.025295109612141653 
0 0.7065767284991569 0.3482293423271501 0.02023608768971332 0.01854974704890388 
0 0.44097807757166946 0.2015177065767285 0.01517706576728499 0.01854974704890388 
0 0.633220910623946 0.8743676222596964 0.01854974704890388 0.01854974704890388 
