0 0.08405902192243597 0.09999999999999964 0.05292889810014897 0.0439629005059022 23-004643
0 0.7446863406408044 0.10952951096121348 0.0239216016324517 0.02453625632377741 23-013666
0 0.054059021922434836 0.130686340640809 0.05596042512958029 0.05320404721753792 23-003886
0 0.31578001444936277 0.162897976391231 0.6947160317885981 0.3583755480607082 23-000179
0 0.6200000000000045 0.18599999999999994 0.06385372404252855 0.05917369308600333 23-003654
0 0.05037268128161598 0.226940978077571 0.03748345452644001 0.03580101180438449 23-006343
0 0.5740000000000123 0.35029510961214094 0.14145766004701749 0.1111973018549748 23-001751
0 0.8497453625632271 0.4039999999999999 0.028065501127837036 0.0254131534569983 23-009680
0 0.5505646788912495 0.6860994940978081 0.9887577064392513 0.6905811129848222 23-000072
0 0.02337268128162906 0.7223726812816184 0.02618191044811648 0.022630691399662662 23-011088
0 0.3256863406408217 0.7616273187183816 0.036918377322524 0.031163575042158356 23-006869
0 0.5967453625632412 0.826784148397976 0.022038010952731144 0.022310286677908967 23-016145
0 0.35905902192244177 0.8759409780775719 0.023168165360563438 0.02043844856661027 23-015865
0 0.9677453625632505 0.8819999999999998 0.040685558681965106 0.03876897133220912 23-005698
0 0.7337453625632416 0.9763136593591902 0.023921601632451602 0.022816188870151726 23-011992
