0 0.08125463743675608 0.8965682967959522 0.029366232661763254 0.02993254637436762 23-010985
0 0.10194097807757099 0.8370978077571669 0.022414729088675214 0.023608768971332208 23-014697
0 0.05078414839798321 0.8304114671163567 0.029563482700674416 0.029915682967959545 23-009804
0 0.7479999999999905 0.8149999999999995 0.2508942785387848 0.2318718381112985 23-000939
0 0.1749409780775785 0.7169409780775713 0.028630578331753233 0.029713322091062307 23-009389
0 0.3516273187183709 0.7119999999999997 0.05405905250798145 0.051939291736930786 23-004194
0 0.5759409780775606 0.7111568296795949 0.024863396972312025 0.022091062394603747 23-012536
0 0.13062731871836725 0.5739409780775724 0.04313422656560187 0.038954468802698185 23-005498
0 0.28994097807755914 0.5510000000000002 0.02166129281678701 0.020809443507588586 23-016380
0 0.009818629091423977 0.5220000000000002 0.021600984001132754 0.03635750421585151 23-006119
0 0.26662731871839135 0.416627318718381 0.05142202555637254 0.04841483979763899 23-004447
0 0.7242546374367568 0.3819999999999997 0.038613608934272396 0.03505902192242846 23-006333
0 0.4407841483979696 0.25399999999999956 0.027473751011103508 0.024704890387858308 23-013327
0 0.5496273187183783 0.18168634064080913 0.03936704520616066 0.038397976391231 23-005880
0 0.5785682967959419 0.045999999999999486 0.03559986384671936 0.03657672849915654 23-006883
