0 0.43009780775717404 0.9632158516020233 0.020898965573959705 0.02042158516020237 23-017243
0 0.2917841483979687 0.9163726812816191 0.025419583205289174 0.023777403035413168 23-013101
0 0.253313659359186 0.7633726812816186 0.053305616236093194 0.051568296795952824 23-004241
0 0.10989526761348946 0.6400000000000006 0.24176958874967686 0.38954468802698144 23-000479
0 0.4743136593591896 0.5913136593591906 0.03013745087552966 0.028937605396290093 23-008402
0 0.5932546374367565 0.581627318718382 0.03409299130294303 0.03209106239460376 23-007162
0 0.9052546374367684 0.4073136593591913 0.0576378747994504 0.05397976391231027 23-004028
0 0.22794097807757577 0.40174536256323734 0.030684746137567664 0.02785834738617217 23-010114
0 0.39694097807755846 0.39168634064081 0.07421347278099194 0.06919055649241161 23-003209
0 0.6666273187183686 0.3548431703204039 0.4888806910968884 0.4574367622259698 23-000352
0 0.9699409780775661 0.07805902192242864 0.02222637002070292 0.023962900505902253 23-013847
0 0.4066273187183777 0.021000000000000685 0.029760732739585526 0.02652613827993258 23-008961
