0 0.7090978077571704 0.9553136593591913 0.025984660409205274 0.025075885328836433 23-012323
0 0.6053136593591898 0.8726273187183806 0.019777702137066266 0.017807757166947727 23-017424
0 0.9399409780775647 0.8536273187183805 0.02354488349650757 0.021703204047217498 23-012573
0 0.11631365935918556 0.8409999999999993 0.02222637002070316 0.020590219224283317 23-013717
0 0.8212546374367652 0.8290000000000006 0.04036218637165546 0.03802698145025297 23-005122
0 0.03994097807755916 0.8033726812816195 0.026558628584060544 0.022259696458684634 23-011159
0 0.12931365935919079 0.7803136593591906 0.058956388275255005 0.0537942664418213 23-003983
0 0.4449409780775603 0.7647251264755472 0.021661292816786918 0.019494097807757172 23-015695
0 0.17047048903878764 0.7537841483979755 0.019409874972061328 0.02023608768971332 23-015801
0 0.7349409780775807 0.7362546374367626 0.038425249866300526 0.03450252951096128 23-006159
0 0.6366273187183674 0.7420000000000009 0.06121669709091964 0.05564924114671164 23-003899
0 0.1326273187183768 0.7219409780775721 0.0478432032649034 0.03610455311973023 23-005003
0 0.7429409780775621 0.7217453625632376 0.04313422656560177 0.03691399662731879 23-005590
0 0.5399409780775591 0.6986273187183811 0.04407602190546229 0.041551433389544666 23-005258
0 0.13999999999998636 0.6890000000000001 0.050291871148540196 0.03691399662731879 23-005639
0 0.24294097807756213 0.6756273187183814 0.02222637002070321 0.017993254637436694 23-015276
0 0.5333136593591871 0.5486273187183808 0.020907856544898656 0.018920741989882 23-015690
0 0.4012546374367493 0.5207841483979767 0.029195655535669333 0.02954468802698142 23-009660
0 0.5608819561551414 0.5139999999999993 0.02371546062260154 0.024182124789207473 23-017269
0 0.6275682967959484 0.4269999999999996 0.025240115108256155 0.02337268128161891 23-011175
0 0.744254637436767 0.2270000000000003 0.02580519231217235 0.021517706576728485 23-011548
0 0.4442546374367557 0.2129999999999992 0.03145596435133411 0.02671163575042164 23-008738
