0 0.08594256611062212 0.10999999999999943 0.1890736454433686 0.19922428330522768 23-001096
0 0.946372681281631 0.11100000000000065 0.04256914936168572 0.0406239460370995 23-005409
0 0.5180000000000007 0.1485682967959528 0.055000847847841684 0.051939291736930876 23-004162
0 0.6548900933131057 0.2528161888701517 0.4362557346869197 0.4252276559865094 23-000380
0 0.7649999999999864 0.20856829679595332 0.03333955503105476 0.030607082630691434 23-007492
0 0.9130590219224154 0.2489409780775712 0.0214729337488149 0.019477234401349092 23-014876
0 0.4099021922428294 0.26062731871838046 0.02334763345759636 0.021922428330522766 23-015469
0 0.1158431703204138 0.36909780775716694 0.05725226569256732 0.051585160202360834 23-004209
0 0.42221585160203 0.37494097807757243 0.02786825108892573 0.029005059021922408 23-011153
0 0.30921585160203047 0.42994097807757214 0.031823791516339295 0.029898819561551417 23-008853
0 0.3689999999999998 0.6140000000000008 0.09851179254938758 0.0862563237774032 23-002567
0 0.789999999999992 0.7330000000000005 0.12808416622100124 0.11148397976391233 23-002021
0 0.9373726812816163 0.7272546374367622 0.02693534672000467 0.023743676222597033 23-010374
0 0.9384290072521275 0.7430000000000003 0.13545618404531945 0.21814502529510962 23-001035
0 0.21821585160202228 0.741881956155144 0.04009380856523168 0.038279932546374254 23-007119
0 0.25937268128161906 0.8639409780775715 0.025616833244200287 0.023558178752107972 23-011134
0 0.6325295109612097 0.8711568296795951 0.04482056720641131 0.042866779089376174 23-005352
0 0.10699999999999932 0.8879999999999999 0.06234685149875194 0.05397976391231027 23-003880
0 0.5769999999999982 0.9431155143338957 0.1388206330954087 0.12514586846542983 23-001796
0 0.14839797639123098 0.9502529510961214 0.026981450252951095 0.025295109612141653 
0 0.53035413153457 0.22175379426644182 0.025295109612141653 0.021922428330522766 
0 0.5480607082630691 0.327150084317032 0.02023608768971332 0.02023608768971332 
0 0.53035413153457 0.3617200674536256 0.01854974704890388 0.021922428330522766 
0 0.7453625632377741 0.327150084317032 0.023608768971332208 0.02023608768971332 
0 0.684654300168634 0.13406408094435077 0.023608768971332208 0.021922428330522766 
0 0.43591905564924116 0.22259696458684655 0.021922428330522766 0.02023608768971332 
0 0.790893760539629 0.5421585160202361 0.02023608768971332 0.021922428330522766 
0 0.8988195615514334 0.5809443507588533 0.023608768971332208 0.021922428330522766 
0 0.9645868465430016 0.3777403035413153 0.02023608768971332 0.02023608768971332 
