0 0.8317453625632264 0.14005902192242814 0.029366232661763254 0.0282293423271501 23-010417
0 0.3680590219224279 0.18952951096121354 0.028989514525819174 0.026391231028667802 23-011968
0 0.11905902192243267 0.18747048903878533 0.029007296467697265 0.024688026981450277 23-010155
0 0.7837453625632246 0.3670590219224284 0.03823689079832827 0.03524451939291733 23-006297
0 0.8920590219224288 0.4760000000000009 0.02184965188475903 0.01762225969645876 23-016459
0 0.8637453625632371 0.547529510961214 0.024468896894489656 0.02249578414839803 23-016749
0 0.8813726812816047 0.6539999999999999 0.05820295200336674 0.0543507588532884 23-003974
0 0.34172089132794914 0.6720573355817875 0.7517859609214882 0.721473861720068 23-000088
0 0.6196863406408044 0.6833726812816187 0.027500423923920936 0.025969645868465393 23-009701
0 0.5267453625632479 0.7650590219224281 0.028253860195809197 0.025042158516020083 23-009913
0 0.1066863406407993 0.8206863406408103 0.02354488349650757 0.01873524451939294 23-014163
0 0.9213726812816252 0.94268634064081 0.04556511250736047 0.04028667790893777 23-005800
