0 0.21762731871838475 0.037686340640809037 0.068374341673858 0.06399662731871841 23-003433
0 0.6516273187183822 0.04437268128161926 0.024863396972312025 0.02337268128161889 23-011449
0 0.8512546374367662 0.13700000000000045 0.021472933748814947 0.019881956155143325 23-017087
0 0.24199999999999022 0.27137268128161957 0.020907856544898754 0.01725126475548064 23-017001
0 0.9627841483979893 0.32431365935919104 0.02822718728299177 0.024148397976391317 23-013222
0 0.0616378362609149 0.5510000000000002 0.1356032397740128 0.22148397976391238 23-000987
0 0.9695682967959616 0.602156829679595 0.04857885759491337 0.04416526138279923 23-005149
0 0.07631365935919351 0.6310000000000002 0.06404208311050062 0.06177065767284991 23-003577
0 0.2990000000000066 0.6449999999999996 0.13825555589149247 0.12984822934232715 23-001800
0 0.5250978077571729 0.6479999999999997 0.032012150584311165 0.02822934232714991 23-009132
0 0.9754114671163615 0.647627318718381 0.029716277884890004 0.025109612141652592 23-015639
0 0.07494097807758418 0.7089999999999996 0.0631002877706403 0.05527824620573351 23-003788
0 0.12072512647554351 0.7110000000000003 0.023930492603390793 0.02207419898819567 23-011801
0 0.5436273187183782 0.7206273187183813 0.04577125351721068 0.0419224283305226 23-005144
0 0.632000000000005 0.7580590219224285 0.021661292816786918 0.020404721753794115 23-014182
0 0.6289999999999907 0.9209999999999995 0.15031053624170454 0.14246205733558173 23-001637
0 0.32800000000000296 0.9440000000000008 0.052928898100149065 0.05008431703204055 23-004323
