0 0.8323136593591938 0.06394097807757251 0.049538434876651986 0.048414839797639136 23-004553
0 0.43415682967959757 0.1778431703204043 0.04158289916712987 0.0371838111298482 23-007867
0 0.9219409780775643 0.4380000000000006 0.12507042113344818 0.1181618887015178 23-001989
0 0.24199999999999022 0.4580000000000002 0.020907856544898754 0.018364249578414815 23-016240
0 0.47031365935919894 0.6155682967959534 0.01996606120503833 0.018920741989882 23-016449
0 0.9746273187183898 0.6380978077571671 0.039178686138188784 0.03919055649241148 23-006294
0 0.5676273187183791 0.7095682967959528 0.04748426707083736 0.04510961214165281 23-004863
0 0.763627318718377 0.7673136593591906 0.03541150477874748 0.03376053962900503 23-006805
0 0.8853136593591909 0.7823136593591913 0.03729509545846813 0.03505902192242846 23-006424
0 0.9046273187183682 0.9269409780775721 0.0325861187591667 0.029865092748735306 23-007742
0 0.5202360876897133 0.45784148397976393 0.025295109612141653 0.021922428330522766 
0 0.5269814502529511 0.30522765598650925 0.021922428330522766 0.023608768971332208 
0 0.3684654300168634 0.31618887015177066 0.021922428330522766 0.021922428330522766 
0 0.6517706576728499 0.5556492411467117 0.01517706576728499 0.01517706576728499 
0 0.3482293423271501 0.551433389544688 0.021922428330522766 0.016863406408094434 
0 0.01517706576728499 0.5109612141652614 0.016863406408094434 0.016863406408094434 
0 0.6467116357504216 0.9013490725126475 0.021922428330522766 0.01854974704890388 
0 0.8465430016863407 0.16779089376053963 0.02023608768971332 0.01854974704890388 
