0 0.7872546374367734 0.9106863406408101 0.02768878299189281 0.026526138279932554 23-009478
0 0.3150978077571649 0.7812158516020229 0.05480359780893057 0.05306913996627321 23-004250
0 0.19094097807756963 0.7096070826306906 0.14447140513457052 0.1611129848229342 23-001738
0 0.010008638852888883 0.7204704890387866 0.022019005476355547 0.022124789207419907 23-016025
0 0.9814870907026038 0.6790000000000003 0.037187085108572236 0.058431703204047176 23-003725
0 0.5999999999999943 0.6522158516020233 0.021284574680842785 0.022681281618887092 23-016246
0 0.10025463743676154 0.5706863406408103 0.03767181359441212 0.03543001686340639 23-006340
0 0.5819999999999936 0.5079999999999991 0.03013745087552985 0.027268128161888634 23-008737
0 0.17131365935919238 0.47631365935919023 0.14444308354350227 0.14731871838111302 23-001497
0 0.895627318718382 0.4507453625632386 0.029195655535669524 0.028381112984823004 23-008716
0 0.8664704890387857 0.44005902192242874 0.024460005923550465 0.02136593591905577 23-017578
0 0.11362731871837134 0.3819999999999997 0.045582894449238666 0.03969645868465424 23-005292
0 0.6233136593591906 0.3490000000000002 0.11941964909428643 0.11630691399662736 23-002039
0 0.31625463743676974 0.23937268128161948 0.026352487574210357 0.0260370994940979 23-014360
0 0.8113136593591788 0.19468634064080903 0.025410692234349934 0.023035413153457137 23-014522
0 0.9721753794266442 0.53035413153457 0.021922428330522766 0.025295109612141653 
0 0.7065767284991569 0.6517706576728499 0.02023608768971332 0.01854974704890388 
0 0.44097807757166946 0.7984822934232715 0.01517706576728499 0.01854974704890388 
0 0.633220910623946 0.12563237774030356 0.01854974704890388 0.01854974704890388 
