0 0.7259999999999991 0.9599409780775715 0.0244866788363678 0.022074198988195622 23-012139
0 0.7360590219224229 0.9315682967959523 0.04388766283749013 0.03747048903878584 23-005554
0 0.3377453625632266 0.8913726812816188 0.04935007580867973 0.04377740303541316 23-004807
0 0.14005902192241926 0.8590590219224276 0.061028338022947576 0.05602023608768971 23-003838
0 0.36468634064080896 0.8129409780775713 0.020154420273010395 0.018364249578414864 23-016821
0 0.6904317032040352 0.7383136593591908 0.061970133362807996 0.05787521079258009 23-003768
0 0.9006863406408103 0.639254637436763 0.051422025556372576 0.04544688026981458 23-004639
0 0.05943170320403479 0.5370000000000008 0.020719497476926783 0.017065767284991575 23-017223
0 0.8116863406408117 0.4901365935919052 0.11425228684233793 0.10654300168634055 23-002058
0 0.3932351182754329 0.475876897133221 0.7662341488611525 0.681939291736931 23-000142
0 0.03421585160202467 0.3793136593591907 0.025419583205288886 0.024519392917369248 23-012811
0 0.5000590219224329 0.3711568296795952 0.04332258563357402 0.04364249578414839 23-005519
0 0.34258853288365054 0.2855295109612136 0.06493942359566561 0.06204047217537936 23-004069
0 0.9553726812816171 0.2159999999999993 0.027123705787976734 0.023743676222597033 23-010405
0 0.6139021922428372 0.14431365935919127 0.02410106972948472 0.02062394603709962 23-015629
0 0.7827453625632482 0.0656273187183819 0.03368070928324249 0.02807757166947739 23-011404
0 0.6127087022858373 0.04633482293423308 0.10905990035582314 0.09266964586846611 23-002219
0 0.9258010118043845 0.15598650927487356 0.023608768971332208 0.021922428330522766 
0 0.8962900505902193 0.7993254637436762 0.01517706576728499 0.016863406408094434 
0 0.8659359190556493 0.9367622259696459 0.021922428330522766 0.01854974704890388 
