0 0.040588532883629624 0.09168634064080931 0.022782556253680357 0.025109612141652613 23-016372
0 0.330059021922417 0.2406863406408102 0.1821432187289828 0.16379426644182132 23-001347
0 0.5053726812816284 0.24531365935919047 0.036918377322524 0.03676222596964589 23-006694
0 0.5489021922428394 0.31031365935919 0.02447778786542875 0.025075885328836433 23-012990
0 0.8175885328836447 0.3310590219224288 0.03088199617647887 0.0282293423271501 23-009591
0 0.6680590219224393 0.4083136593591907 0.08325470804365079 0.07790893760539627 23-002889
0 0.9680590219224222 0.4523136593591912 0.03239775969119444 0.03156829679595283 23-008186
0 0.8596863406408135 0.45931365935919083 0.06385372404252855 0.05824620573355831 23-003664
0 0.7325885328836368 0.4656863406408099 0.025607942273261047 0.022664418212479012 23-013426
0 0.5134317032040427 0.48915682967959545 0.021661292816786918 0.020607082630691446 23-015312
0 0.9879999999999995 0.5150000000000006 0.021472933748814906 0.01873524451939294 23-015377
0 0.8207453625632307 0.5243136593591904 0.03465806850685917 0.031163575042158356 23-007266
0 0.7465885328836468 0.5719999999999992 0.026720314739215344 0.022664418212479012 23-015103
0 0.5952748735244646 0.6140000000000008 0.024854506001372977 0.02473861720067466 23-014925
0 0.7580590219224143 0.7569999999999997 0.06272356963469619 0.055834738617200695 23-003785
0 0.9636863406407985 0.9406273187183819 0.047654844196931334 0.03988195615514311 23-005114
0 0.6110590219224229 0.9603726812816196 0.026370269516088545 0.024856661045531213 23-010415
0 0.9024537021366303 0.948236930860034 0.1354301698719116 0.10352613827993191 23-001819
0 0.5477453625632346 0.9685295109612135 0.020154420273010395 0.016492411467116313 23-016646
