0 0.764568296795949 0.09431365935919064 0.02542847417622822 0.023558178752107924 23-011184
0 0.08894097807756576 0.4176863406408098 0.17423213787415615 0.16342327150084332 23-001393
0 0.26478414839798187 0.4654317032040479 0.0280388282150198 0.027706576728499074 23-013323
0 0.36694097807758574 0.6102158516020235 0.023168165360563535 0.024350758853288457 23-014239
0 0.22278414839798025 0.6897453625632376 0.022217479049764066 0.021922428330522766 23-016375
0 0.7241463851094392 0.6906585160202356 0.6068779527592338 0.6805512647554817 23-000165
0 0.8779409780775815 0.7216273187183807 0.03124982334148376 0.031045531197301992 23-010106
0 0.6060387858347288 0.7506273187183806 0.04124174491494197 0.04010118043844852 23-006033
0 0.8459409780775707 0.884156829679595 0.05010351208056808 0.048246205733558103 23-004600
0 0.618940978077567 0.9091568296795954 0.06517223751833301 0.061821247892074334 23-003695
0 0.7837841483979873 0.962313659359191 0.0225941971857081 0.02173693086003351 23-016393
0 0.49494097807757165 0.5075885328836425 0.021922428330522766 0.026981450252951095 
0 0.7099494097807757 0.5354131534569984 0.023608768971332208 0.01854974704890388 
0 0.8701517706576728 0.8043844856661045 0.026981450252951095 0.03035413153456998 
0 0.5699831365935919 0.5708263069139966 0.02023608768971332 0.021922428330522766 
0 0.6686340640809444 0.6315345699831366 0.021922428330522766 0.021922428330522766 
