0 0.14494097807757736 0.12100000000000043 0.029007296467697362 0.02522765598650929 23-009451
0 0.09125463743677541 0.1483136593591909 0.02429831976839583 0.02151770657672853 23-012415
0 0.45931365935920326 0.26500000000000057 0.24788053345123193 0.2366947723440135 23-000936
0 0.18850927487352262 0.30486340640809473 0.3415022325260342 0.3393254637436763 23-000553
0 0.6659409780775639 0.3070000000000004 0.02279144722461931 0.021517706576728485 23-013247
0 0.8137251264755555 0.35100000000000087 0.28902282900759313 0.2801011804384485 23-000744
0 0.20209780775716535 0.36231365935919135 0.02165240184584787 0.021736930860033706 23-016918
0 0.1435682967959396 0.432627318718381 0.039555404274132726 0.038583473861720056 23-005839
0 0.30394097807756915 0.4466273187183804 0.02222637002070321 0.018364249578414815 23-015107
0 0.4629999999999938 0.5242158516020231 0.08758696660700818 0.08040472175379418 23-002851
0 0.8544114671163522 0.5619021922428322 0.02334763345759636 0.024165261382799393 23-014848
0 0.14500000000001023 0.599372681281619 0.08494993965539938 0.07939291736930867 23-002848
0 0.287940978077578 0.6134704890387854 0.021096215612870818 0.018381112984822895 23-017026
0 0.45094097807756056 0.6112546374367626 0.04746648512895927 0.046256323777403144 23-005148
0 0.7837251264755545 0.7258431703204044 0.02410106972948462 0.020607082630691446 23-014409
0 0.5801011804384486 0.7563237774030354 0.7554806070826307 0.4873524451939292 
0 0.3473861720067454 0.5404721753794266 0.023608768971332208 0.025295109612141653 
0 0.02866779089376054 0.08094435075885328 0.02023608768971332 0.016863406408094434 
