0 0.44462731871838856 0.24162731871838034 0.02787714205986507 0.02841483979763916 23-009811
0 0.9512955129187507 0.29800000000000004 0.10714987157874896 0.1867959527824621 23-001196
0 0.22762731871837566 0.5079999999999991 0.05594264318770201 0.053423271500843084 23-004085
0 0.3147841483979648 0.5208431703204043 0.022970915321652328 0.023979763912310333 23-015368
0 0.9752546374367616 0.6093136593591912 0.02542847417622822 0.02207419898819567 23-011545
0 0.5686273187183838 0.6513726812816186 0.021284574680842785 0.019291736930860125 23-015315
0 0.7396273187183761 0.6899999999999995 0.05933310641119918 0.05416526138279933 23-003965
0 0.8429409780775848 0.7456863406408093 0.025240115108256155 0.02337268128161891 23-011163
0 0.7239999999999895 0.8460000000000001 0.05801459293539453 0.05268128161888684 23-004057
0 0.10599999999999454 0.9179999999999993 0.06875105980980215 0.05694772344013488 23-003608
0 0.4106273187183684 0.9813726812816186 0.022038010952731144 0.018178752107925755 23-015080
