0 0.915940978077564 0.9000000000000004 0.05292889810014897 0.0439629005059022 23-004643
0 0.25531365935919553 0.8904704890387866 0.0239216016324517 0.02453625632377741 23-013666
0 0.9459409780775652 0.869313659359191 0.05596042512958029 0.05320404721753792 23-003886
0 0.6842199855506372 0.837102023608769 0.6947160317885981 0.3583755480607082 23-000179
0 0.37999999999999545 0.8140000000000001 0.06385372404252855 0.05917369308600333 23-003654
0 0.949627318718384 0.773059021922429 0.03748345452644001 0.03580101180438449 23-006343
0 0.4259999999999877 0.6497048903878591 0.14145766004701749 0.1111973018549748 23-001751
0 0.15025463743677292 0.5960000000000001 0.028065501127837036 0.0254131534569983 23-009680
0 0.4494353211087505 0.3139005059021919 0.9887577064392513 0.6905811129848222 23-000072
0 0.9766273187183709 0.27762731871838164 0.02618191044811648 0.022630691399662662 23-011088
0 0.6743136593591783 0.23837268128161837 0.036918377322524 0.031163575042158356 23-006869
0 0.4032546374367588 0.17321585160202402 0.022038010952731144 0.022310286677908967 23-016145
0 0.6409409780775582 0.12405902192242813 0.023168165360563438 0.02043844856661027 23-015865
0 0.03225463743674949 0.11800000000000022 0.040685558681965106 0.03876897133220912 23-005698
0 0.26625463743675837 0.023686340640809767 0.023921601632451602 0.022816188870151726 23-011992
