0 0.5589999999999975 0.9700000000000006 0.02655862858406061 0.021703204047217546 23-011402
0 0.5113726812816287 0.9196273187183812 0.03465806850685922 0.029679595278246197 23-007480
0 0.2290590219224179 0.882059021922429 0.0239216016324517 0.01743676222596965 23-014331
0 0.5049999999999955 0.8759999999999994 0.04143899495385338 0.03784148397976391 23-005749
0 0.041223068633694515 0.8729999999999993 0.09069075099412804 0.11426644182124793 23-001961
0 0.9503726812816217 0.7870000000000008 0.03635330011860771 0.03209106239460369 23-006908
0 0.8823726812816095 0.7670590219224288 0.04614797165315486 0.042478920741989876 23-005046
0 0.4007453625632432 0.7616863406408092 0.021849651884758983 0.018920741989882 23-014804
0 0.6954317032040591 0.668372681281618 0.02071949747692669 0.018920741989881907 23-015852
0 0.5354317032040341 0.6029409780775723 0.0896589163547009 0.0792074198988196 23-002764
0 0.4973726812816187 0.5352748735244517 0.0902239935586171 0.07426644182124797 23-002650
0 0.8177453625632448 0.48468634064080995 0.04935007580867987 0.04544688026981458 23-004703
0 0.010158277694980122 0.2649021922428334 0.020316555389960154 0.025649241146711504 23-013365
0 0.9100590219224295 0.20199999999999996 0.11056677289959956 0.10629005059021918 23-002202
0 0.8550590219224227 0.13000000000000078 0.04030884054602103 0.03765598650927475 23-005866
0 0.5339999999999918 0.12727487352445177 0.5110181514082007 0.2800047217537939 23-000349
0 0.9490590219224168 0.06762731871838079 0.026558628584060558 0.023558178752107972 23-010675
0 0.8279932546374368 0.5446880269814502 0.02023608768971332 0.016863406408094434 
0 0.2512647554806071 0.5387858347386172 0.016863406408094434 0.01854974704890388 
0 0.30269814502529513 0.5564924114671164 0.01517706576728499 0.013490725126475547 
0 0.0708263069139966 0.18718381112984828 0.016863406408094434 0.02023608768971332 
0 0.05817875210792578 0.35666104553119726 0.021922428330522766 0.021922428330522766 
0 0.13237774030354132 0.5379426644182125 0.01854974704890388 0.016863406408094434 
0 0.17284991568296793 0.05733558178752107 0.01517706576728499 0.013490725126475547 
0 0.8296795952782462 0.6779089376053963 0.02023608768971332 0.02023608768971332 
0 0.6290050590219225 0.5531197301854975 0.016863406408094434 0.016863406408094434 
0 0.5741989881956155 0.47470489038785835 0.01854974704890388 0.01517706576728499 
0 0.6247892074198989 0.4721753794266442 0.01517706576728499 0.016863406408094434 
0 0.7546374367622259 0.3389544688026982 0.01517706576728499 0.013490725126475547 
0 0.5590219224283306 0.30438448566610454 0.01517706576728499 0.01517706576728499 
0 0.010118043844856706 0.678752107925801 0.013490725126475547 0.01517706576728499 
0 0.15345699831365933 0.9688026981450253 0.02023608768971332 0.021922428330522766 
0 0.9443507588532883 0.8414839797639123 0.023608768971332208 0.023608768971332208 
