0 0.5822748735244594 0.8037251264755487 0.04894668475991846 0.04868465430016862 23-005327
0 0.5655885328836352 0.822922428330523 0.18881580484645671 0.17288364249578417 23-001184
0 0.3291590432435024 0.744826812816189 0.654945405205386 0.508203372681282 23-000157
0 0.3663726812816185 0.7727453625632378 0.038613608934272396 0.031720067453625635 23-006611
0 0.06237268128161633 0.6263726812816182 0.027877142059864874 0.024114671163574967 23-010057
0 0.12674536256324231 0.5 0.022414729088675176 0.018920741989882 23-014532
0 0.9480590219224404 0.4120000000000008 0.02693534672000467 0.023743676222597033 23-010692
0 0.8687453625632325 0.3869409780775711 0.028065501127837036 0.028971332209106155 23-009601
0 0.9908937260719678 0.2959999999999994 0.020033802641670775 0.02819561551433394 23-008347
0 0.8123726812816163 0.11500000000000032 0.027688782991892907 0.025042158516020083 23-009936
0 0.1770590219224254 0.05543170320404778 0.025240115108256155 0.02225969645868473 23-011810
0 0.12900505902192239 0.4881956155143339 0.2580101180438449 0.33558178752107926 
