0 0.5553726812816114 0.7583726812816196 0.02787714205986507 0.02841483979763916 23-009811
0 0.048704487081249304 0.702 0.10714987157874896 0.1867959527824621 23-001196
0 0.7723726812816243 0.4920000000000009 0.05594264318770201 0.053423271500843084 23-004085
0 0.6852158516020352 0.4791568296795957 0.022970915321652328 0.023979763912310333 23-015368
0 0.02474536256323845 0.39068634064080876 0.02542847417622822 0.02207419898819567 23-011545
0 0.4313726812816162 0.3486273187183814 0.021284574680842785 0.019291736930860125 23-015315
0 0.26037268128162394 0.3100000000000005 0.05933310641119918 0.05416526138279933 23-003965
0 0.15705902192241517 0.2543136593591907 0.025240115108256155 0.02337268128161891 23-011163
0 0.27600000000001046 0.15399999999999991 0.05801459293539453 0.05268128161888684 23-004057
0 0.8940000000000055 0.08200000000000074 0.06875105980980215 0.05694772344013488 23-003608
0 0.5893726812816316 0.018627318718381414 0.022038010952731144 0.018178752107925755 23-015080
