0 0.8319999999999936 0.9852251264755485 0.04708976699301533 0.032504721753793424 23-005140
0 0.5420000000000016 0.9769907251264757 0.053493975304065355 0.050620404721753456 23-004273
0 0.10094097807756622 0.9680590219224275 0.04388766283749013 0.042478920741989876 23-005221
0 0.29462731871838294 0.778745362563238 0.023338742486657217 0.022107925801011827 23-016775
0 0.835000000000008 0.6440000000000001 0.023356524428535502 0.021703204047217546 23-012764
0 0.88900000000001 0.6140000000000008 0.021661292816786918 0.019662731871838153 23-014565
0 0.36978414839797163 0.42452951096121483 0.033330664060115624 0.0308094435075885 23-008106
0 0.3002546374367502 0.35905902192242756 0.021472933748814947 0.024367622259696537 23-016382
0 0.5316273187183777 0.2627841483979758 0.03936704520616066 0.03198988195615519 23-007927
0 0.5319409780775779 0.22468634064081017 0.029760732739585717 0.025598650927487268 23-009345
0 0.8077827248310007 0.17597217537942633 0.42287800537179904 0.3871387858347381 23-000435
0 0.02199999999999136 0.1327453625632371 0.03899032707021655 0.03561551433389536 23-006192
