0 0.47100000000000364 0.045999999999999375 0.03107924621538998 0.025969645868465438 23-008910
0 0.5069409780775721 0.0705682967959534 0.020154420273010395 0.01762225969645869 23-017350
0 0.7376273187183949 0.08931365935918986 0.022038010952731047 0.01966273187183813 23-014556
0 0.21831365935918942 0.2313136593591911 0.02053113840895462 0.017993254637436694 23-016529
0 0.6356273187183911 0.2680978077571661 0.02296202435071328 0.02060708263069135 23-016800
0 0.8812546374367675 0.4610000000000003 0.0239216016324517 0.02114671163575036 23-012649
0 0.9669230909634814 0.5395295109612149 0.06615381807303732 0.07480607082630675 23-003038
0 0.40094097807757756 0.5365682967959526 0.023168165360563535 0.021888701517706607 23-012683
0 0.7124704890387893 0.5936273187183807 0.033124523050265274 0.02693086003372686 23-010115
0 0.18347048903879287 0.6744704890387855 0.023159274389624344 0.02023608768971332 23-016040
0 0.10599999999999454 0.7110000000000003 0.023168165360563476 0.02225969645868473 23-012551
0 0.119254637436767 0.7769999999999992 0.022979806292591373 0.01966273187183825 23-013872
0 0.34200000000001296 0.8480000000000006 0.03974376334210479 0.03338954468802681 23-006259
0 0.3150978077571649 0.8784114671163568 0.10053928744238487 0.09713322091062389 23-002648
0 0.4106273187183684 0.9305682967959528 0.04369930376951811 0.04025295109612123 23-005388
