0 0.057999999999992724 0.1280000000000001 0.10774138688001897 0.09831365935919054 23-002304
0 0.0962158516020365 0.22621585160202315 0.025796301341233015 0.02505902192242833 23-011674
0 0.7633726812816097 0.24099999999999963 0.02354488349650757 0.021517706576728485 23-012743
0 0.837059021922422 0.522627318718381 0.026558628584060565 0.022445193929173792 23-011378
0 0.7036863406408076 0.5219409780775709 0.025599051302322096 0.026408094435076024 23-014144
0 0.6956863406407978 0.6360590219224285 0.02373324256447973 0.019477234401349186 23-013517
0 0.17968634064080669 0.64168634064081 0.04859663953679147 0.049747048903878585 23-004715
0 0.4874317032040607 0.76531365935919 0.3510196352832183 0.33647554806070823 23-000555
0 0.4883726812816326 0.8160000000000007 0.01996606120503852 0.018364249578414815 23-016817
0 0.3866863406408003 0.8673726812816196 0.029384014603641588 0.026711635750421736 23-009047
0 0.6229999999999905 0.9749308600337272 0.0614050561588918 0.05515210792580004 23-003787
0 0.25499999999999545 0.9915615514333895 0.02542847417622822 0.01856458684654311 23-011013
0 0.7512647554806071 0.19983136593591905 0.4974704890387858 0.3996627318718381 
0 0.9131534569983136 0.8499156829679595 0.021922428330522766 0.02023608768971332 
