0 0.7914317032040342 0.8975295109612137 0.030684746137567664 0.029730185497470495 23-010074
0 0.37837268128161894 0.8569999999999993 0.05161038462434451 0.04396290050590218 23-004699
0 0.38399999999998613 0.7428431703204056 0.16933480210688254 0.14799325463743682 23-001582
0 0.28037268128160575 0.6843136593591905 0.021472933748815044 0.02021922428330524 23-014465
0 0.5519999999999925 0.662940978077571 0.021284574680842785 0.018178752107925755 23-016172
0 0.7270590219224368 0.625 0.06178177429483593 0.05249578414839797 23-003941
0 0.46574536256324095 0.4176863406408098 0.03428135037091509 0.03101180438448564 23-008004
0 0.5612158516020116 0.31815682967959613 0.030846432292722395 0.026762225969645875 23-013133
0 0.9866863406408231 0.19268634064081014 0.025051756040284066 0.02207419898819567 23-012026
0 0.06968634064082146 0.1282546374367619 0.021661292816786918 0.018920741989882 23-015420
