0 0.9187453625632439 0.10343170320404785 0.029366232661763254 0.02993254637436762 23-010985
0 0.898059021922429 0.1629021922428331 0.022414729088675214 0.023608768971332208 23-014697
0 0.9492158516020168 0.1695885328836433 0.029563482700674416 0.029915682967959545 23-009804
0 0.25200000000000955 0.1850000000000005 0.2508942785387848 0.2318718381112985 23-000939
0 0.8250590219224215 0.28305902192242877 0.028630578331753233 0.029713322091062307 23-009389
0 0.6483726812816291 0.28800000000000026 0.05405905250798145 0.051939291736930786 23-004194
0 0.4240590219224394 0.288843170320405 0.024863396972312025 0.022091062394603747 23-012536
0 0.8693726812816327 0.42605902192242767 0.04313422656560187 0.038954468802698185 23-005498
0 0.7100590219224409 0.44899999999999984 0.02166129281678701 0.020809443507588586 23-016380
0 0.990181370908576 0.4779999999999997 0.021600984001132754 0.03635750421585151 23-006119
0 0.7333726812816086 0.583372681281619 0.05142202555637254 0.04841483979763899 23-004447
0 0.2757453625632432 0.6180000000000003 0.038613608934272396 0.03505902192242846 23-006333
0 0.5592158516020305 0.7460000000000004 0.027473751011103508 0.024704890387858308 23-013327
0 0.45037268128162167 0.8183136593591909 0.03936704520616066 0.038397976391231 23-005880
0 0.4214317032040581 0.9540000000000005 0.03559986384671936 0.03657672849915654 23-006883
