0 0.5670000000000073 0.9698431703204041 0.0350347866428033 0.03173693086003374 23-007252
0 0.9110000000000014 0.8176273187183809 0.020342779340982532 0.0245531197301855 23-017051
0 0.1840590219224303 0.8079999999999998 0.08080604016001404 0.07698145025295108 23-002963
0 0.7096863406408078 0.7273136593591898 0.02222637002070321 0.020775716694772427 23-013694
0 0.04400000000001114 0.7330590219224281 0.021472933748815044 0.02003372681281618 23-014584
0 0.6230590219224234 0.6456863406408095 0.044058239963584 0.04443507588532888 23-006103
0 0.08052951096121708 0.5996863406408102 0.026926455749065405 0.024148397976391317 23-012325
0 0.3933726812816053 0.43731365935919064 0.02371546062260154 0.02136593591905577 23-016605
0 0.19705902192243563 0.27931365935919106 0.021284574680842785 0.021551433389544832 23-016709
0 0.4803726812816227 0.20899999999999963 0.02222637002070311 0.018920741989882 23-014827
0 0.7436762225969646 0.3701517706576728 0.5126475548060708 0.7234401349072512 
0 0.8473861720067454 0.2403035413153457 0.02866779089376054 0.02866779089376054 
0 0.9249578414839797 0.4426644182124789 0.021922428330522766 0.021922428330522766 
0 0.7613827993254637 0.31618887015177066 0.021922428330522766 0.021922428330522766 
0 0.7504215851602023 0.17875210792580098 0.013490725126475547 0.013490725126475547 
0 0.30691399662731866 0.6863406408094435 0.023608768971332208 0.026981450252951095 
0 0.5193929173693086 0.5008431703204047 0.023608768971332208 0.023608768971332208 
