0 0.7823726812816152 0.962313659359191 0.068374341673858 0.06399662731871841 23-003433
0 0.3483726812816178 0.9556273187183807 0.024863396972312025 0.02337268128161889 23-011449
0 0.14874536256323379 0.8629999999999995 0.021472933748814947 0.019881956155143325 23-017087
0 0.7580000000000098 0.7286273187183805 0.020907856544898754 0.01725126475548064 23-017001
0 0.037215851602010686 0.6756863406408089 0.02822718728299177 0.024148397976391317 23-013222
0 0.9383621637390851 0.44899999999999984 0.1356032397740128 0.22148397976391238 23-000987
0 0.03043170320403843 0.39784317032040495 0.04857885759491337 0.04416526138279923 23-005149
0 0.9236863406408065 0.3689999999999998 0.06404208311050062 0.06177065767284991 23-003577
0 0.7009999999999934 0.3550000000000004 0.13825555589149247 0.12984822934232715 23-001800
0 0.47490219224282715 0.3520000000000003 0.032012150584311165 0.02822934232714991 23-009132
0 0.024588532883638492 0.352372681281619 0.029716277884890004 0.025109612141652592 23-015639
0 0.9250590219224158 0.29100000000000037 0.0631002877706403 0.05527824620573351 23-003788
0 0.8792748735244564 0.2889999999999997 0.023930492603390793 0.02207419898819567 23-011801
0 0.4563726812816218 0.27937268128161874 0.04577125351721068 0.0419224283305226 23-005144
0 0.367999999999995 0.24194097807757153 0.021661292816786918 0.020404721753794115 23-014182
0 0.3710000000000093 0.07900000000000051 0.15031053624170454 0.14246205733558173 23-001637
0 0.671999999999997 0.05599999999999916 0.052928898100149065 0.05008431703204055 23-004323
