0 0.6032158516020132 0.9179999999999993 0.038569154079576874 0.035126475548060705 23-008510
0 0.9506863406408217 0.815627318718382 0.019777702137066366 0.018178752107925803 23-017379
0 0.6838043844856632 0.7873136593591903 0.03614715910875736 0.034384485666104504 23-008298
0 0.8176863406408119 0.7390000000000008 0.0700695732856066 0.06121416526138282 23-003458
0 0.17805902192243017 0.4263136593591914 0.02429831976839583 0.022816188870151726 23-011768
0 0.23105902192242744 0.3530590219224291 0.022414729088675176 0.02003372681281618 23-013918
0 0.4117453625632389 0.27999999999999936 0.026746987652032678 0.025227655986509143 23-010178
0 0.7216863406408083 0.1460000000000008 0.29817240459977207 0.2825126475548062 23-000749
0 0.8044317032040394 0.1339409780775711 0.03767181359441217 0.035986509274873575 23-006300
0 0.3740590219224281 0.11005902192242867 0.04106227681790924 0.0348735244519394 23-006116
