0 0.8550590219224227 0.8789999999999996 0.029007296467697362 0.02522765598650929 23-009451
0 0.9087453625632246 0.8516863406408091 0.02429831976839583 0.02151770657672853 23-012415
0 0.5406863406407967 0.7349999999999994 0.24788053345123193 0.2366947723440135 23-000936
0 0.8114907251264774 0.6951365935919053 0.3415022325260342 0.3393254637436763 23-000553
0 0.3340590219224361 0.6929999999999996 0.02279144722461931 0.021517706576728485 23-013247
0 0.1862748735244445 0.6489999999999991 0.28902282900759313 0.2801011804384485 23-000744
0 0.7979021922428347 0.6376863406408086 0.02165240184584787 0.021736930860033706 23-016918
0 0.8564317032040604 0.567372681281619 0.039555404274132726 0.038583473861720056 23-005839
0 0.6960590219224309 0.5533726812816195 0.02222637002070321 0.018364249578414815 23-015107
0 0.5370000000000061 0.4757841483979769 0.08758696660700818 0.08040472175379418 23-002851
0 0.14558853288364781 0.4380978077571678 0.02334763345759636 0.024165261382799393 23-014848
0 0.8549999999999898 0.400627318718381 0.08494993965539938 0.07939291736930867 23-002848
0 0.712059021922422 0.3865295109612146 0.021096215612870818 0.018381112984822895 23-017026
0 0.5490590219224394 0.38874536256323744 0.04746648512895927 0.046256323777403144 23-005148
0 0.21627487352444552 0.27415682967959565 0.02410106972948462 0.020607082630691446 23-014409
0 0.4198988195615514 0.24367622259696464 0.7554806070826307 0.4873524451939292 
0 0.6526138279932546 0.4595278246205734 0.023608768971332208 0.025295109612141653 
0 0.9713322091062394 0.9190556492411467 0.02023608768971332 0.016863406408094434 
