0 0.41772512647554055 0.1962748735244513 0.04894668475991846 0.04868465430016862 23-005327
0 0.4344114671163648 0.17707757166947707 0.18881580484645671 0.17288364249578417 23-001184
0 0.6708409567564976 0.25517318718381093 0.654945405205386 0.508203372681282 23-000157
0 0.6336273187183815 0.22725463743676222 0.038613608934272396 0.031720067453625635 23-006611
0 0.9376273187183837 0.3736273187183818 0.027877142059864874 0.024114671163574967 23-010057
0 0.8732546374367577 0.5 0.022414729088675176 0.018920741989882 23-014532
0 0.05194097807755962 0.5879999999999992 0.02693534672000467 0.023743676222597033 23-010692
0 0.13125463743676746 0.6130590219224289 0.028065501127837036 0.028971332209106155 23-009601
0 0.00910627392803217 0.7040000000000006 0.020033802641670775 0.02819561551433394 23-008347
0 0.18762731871838362 0.8849999999999997 0.027688782991892907 0.025042158516020083 23-009936
0 0.8229409780775746 0.9445682967959522 0.025240115108256155 0.02225969645868473 23-011810
0 0.8709949409780776 0.5118043844856661 0.2580101180438449 0.33558178752107926 
