0 0.17074536256322503 0.13143170320404657 0.022603088156647244 0.02414839797639122 23-013628
0 0.5127453625632379 0.20631365935919074 0.025410692234349934 0.021922428330522766 23-014955
0 0.9910632723562585 0.28800000000000026 0.019660800816231352 0.018920741989881907 23-013696
0 0.4843726812816135 0.3019999999999996 0.07459019091693589 0.06640809443507588 23-003266
0 0.1534317032040574 0.36652951096121494 0.026558628584060516 0.02954468802698142 23-010482
0 0.35505902192242267 0.38562731871838046 0.022038010952731047 0.02155143338954464 23-015243
0 0.9623726812816221 0.40605902192242815 0.050291871148540196 0.04192242833052279 23-004888
0 0.7030590219224359 0.47390219224283303 0.02524011510825606 0.025278246205733573 23-012408
0 0.5530590219224302 0.5470000000000006 0.03748345452644001 0.03320404721753784 23-006637
0 0.38605902192242847 0.9299409780775721 0.023356524428535502 0.021517706576728485 23-012735
