0 0.26290219224283806 0.9824704890387853 0.03444303652606992 0.02839797639123102 23-009109
0 0.39799999999999613 0.9623178752107922 0.09210758423833774 0.08290067453625723 23-002658
0 0.20874536256323595 0.9429999999999996 0.04313422656560177 0.03951096121416525 23-005504
0 0.21474536256323618 0.907 0.023356524428535502 0.021517706576728506 23-012818
0 0.38305902192241426 0.907 0.020342779340982654 0.018735244519392916 23-016193
0 0.8310590219224218 0.8463726812816188 0.04614797165315486 0.044148397976391196 23-004956
0 0.18637268128161166 0.696313659359191 0.039178686138188784 0.03580101180438452 23-006133
0 0.5186863406408053 0.641 0.030890887147417917 0.028937605396290093 23-008267
0 0.4960000000000093 0.5869999999999997 0.1491803818338721 0.13634064080944355 23-001682
0 0.8455295109612035 0.5207453625632371 0.023535992525568473 0.02247892074198995 23-015141
0 0.13370844362340373 0.4109999999999996 0.2941585759714883 0.3479932546374369 23-000578
0 0.9880590219224324 0.16037268128161886 0.02260308815664727 0.020404721753794115 23-013551
0 0.06200000000001182 0.0649999999999995 0.05933310641119918 0.05620573355817901 23-003885
0 0.8979763912310287 0.11382799325463744 0.021922428330522766 0.021922428330522766 
