0 0.44100000000000256 0.029999999999999364 0.02655862858406061 0.021703204047217546 23-011402
0 0.4886273187183713 0.08037268128161884 0.03465806850685922 0.029679595278246197 23-007480
0 0.7709409780775821 0.11794097807757101 0.0239216016324517 0.01743676222596965 23-014331
0 0.49500000000000455 0.12400000000000054 0.04143899495385338 0.03784148397976391 23-005749
0 0.9587769313663055 0.12700000000000067 0.09069075099412804 0.11426644182124793 23-001961
0 0.04962731871837838 0.2129999999999992 0.03635330011860771 0.03209106239460369 23-006908
0 0.11762731871839044 0.23294097807757122 0.04614797165315486 0.042478920741989876 23-005046
0 0.5992546374367568 0.23831365935919077 0.021849651884758983 0.018920741989882 23-014804
0 0.30456829679594094 0.33162731871838197 0.02071949747692669 0.018920741989881907 23-015852
0 0.46456829679596595 0.39705902192242776 0.0896589163547009 0.0792074198988196 23-002764
0 0.5026273187183813 0.46472512647554826 0.0902239935586171 0.07426644182124797 23-002650
0 0.18225463743675518 0.51531365935919 0.04935007580867987 0.04544688026981458 23-004703
0 0.9898417223050199 0.7350978077571666 0.020316555389960154 0.025649241146711504 23-013365
0 0.08994097807757054 0.798 0.11056677289959956 0.10629005059021918 23-002202
0 0.14494097807757736 0.8699999999999992 0.04030884054602103 0.03765598650927475 23-005866
0 0.4660000000000082 0.8727251264755482 0.5110181514082007 0.2800047217537939 23-000349
0 0.050940978077583264 0.9323726812816192 0.026558628584060558 0.023558178752107972 23-010675
0 0.17200674536256325 0.45531197301854975 0.02023608768971332 0.016863406408094434 
0 0.7487352445193929 0.4612141652613828 0.016863406408094434 0.01854974704890388 
0 0.6973018549747049 0.44350758853288363 0.01517706576728499 0.013490725126475547 
0 0.9291736930860034 0.8128161888701517 0.016863406408094434 0.02023608768971332 
0 0.9418212478920742 0.6433389544688027 0.021922428330522766 0.021922428330522766 
0 0.8676222596964587 0.4620573355817875 0.01854974704890388 0.016863406408094434 
0 0.8271500843170321 0.9426644182124789 0.01517706576728499 0.013490725126475547 
0 0.1703204047217538 0.3220910623946037 0.02023608768971332 0.02023608768971332 
0 0.37099494097807756 0.4468802698145025 0.016863406408094434 0.016863406408094434 
0 0.4258010118043845 0.5252951096121417 0.01854974704890388 0.01517706576728499 
0 0.3752107925801012 0.5278246205733558 0.01517706576728499 0.016863406408094434 
0 0.24536256323777403 0.6610455311973018 0.01517706576728499 0.013490725126475547 
0 0.44097807757166946 0.6956155143338955 0.01517706576728499 0.01517706576728499 
0 0.9898819561551433 0.321247892074199 0.013490725126475547 0.01517706576728499 
0 0.8465430016863407 0.031197301854974706 0.02023608768971332 0.021922428330522766 
0 0.05564924114671164 0.15851602023608768 0.023608768971332208 0.023608768971332208 
