0 0.08594256611062212 0.8900000000000006 0.1890736454433686 0.19922428330522768 23-001096
0 0.946372681281631 0.8889999999999993 0.04256914936168572 0.0406239460370995 23-005409
0 0.5180000000000007 0.8514317032040473 0.055000847847841684 0.051939291736930876 23-004162
0 0.6548900933131057 0.7471838111298483 0.4362557346869197 0.4252276559865094 23-000380
0 0.7649999999999864 0.7914317032040467 0.03333955503105476 0.030607082630691434 23-007492
0 0.9130590219224154 0.7510590219224288 0.0214729337488149 0.019477234401349092 23-014876
0 0.4099021922428294 0.7393726812816195 0.02334763345759636 0.021922428330522766 23-015469
0 0.1158431703204138 0.6309021922428331 0.05725226569256732 0.051585160202360834 23-004209
0 0.42221585160203 0.6250590219224276 0.02786825108892573 0.029005059021922408 23-011153
0 0.30921585160203047 0.5700590219224279 0.031823791516339295 0.029898819561551417 23-008853
0 0.3689999999999998 0.38599999999999923 0.09851179254938758 0.0862563237774032 23-002567
0 0.789999999999992 0.26699999999999946 0.12808416622100124 0.11148397976391233 23-002021
0 0.9373726812816163 0.2727453625632378 0.02693534672000467 0.023743676222597033 23-010374
0 0.9384290072521275 0.2569999999999997 0.13545618404531945 0.21814502529510962 23-001035
0 0.21821585160202228 0.25811804384485604 0.04009380856523168 0.038279932546374254 23-007119
0 0.25937268128161906 0.13605902192242847 0.025616833244200287 0.023558178752107972 23-011134
0 0.6325295109612097 0.12884317032040493 0.04482056720641131 0.042866779089376174 23-005352
0 0.10699999999999932 0.1120000000000001 0.06234685149875194 0.05397976391231027 23-003880
0 0.5769999999999982 0.05688448566610427 0.1388206330954087 0.12514586846542983 23-001796
0 0.14839797639123098 0.0497470489038786 0.026981450252951095 0.025295109612141653 
0 0.53035413153457 0.7782462057335582 0.025295109612141653 0.021922428330522766 
0 0.5480607082630691 0.6728499156829679 0.02023608768971332 0.02023608768971332 
0 0.53035413153457 0.6382799325463744 0.01854974704890388 0.021922428330522766 
0 0.7453625632377741 0.6728499156829679 0.023608768971332208 0.02023608768971332 
0 0.684654300168634 0.8659359190556493 0.023608768971332208 0.021922428330522766 
0 0.43591905564924116 0.7774030354131535 0.021922428330522766 0.02023608768971332 
0 0.790893760539629 0.4578414839797639 0.02023608768971332 0.021922428330522766 
0 0.8988195615514334 0.4190556492411467 0.023608768971332208 0.021922428330522766 
0 0.9645868465430016 0.6222596964586846 0.02023608768971332 0.02023608768971332 
