0 0.8319999999999936 0.014774873524451556 0.04708976699301533 0.032504721753793424 23-005140
0 0.5420000000000016 0.023009274873524298 0.053493975304065355 0.050620404721753456 23-004273
0 0.10094097807756622 0.03194097807757248 0.04388766283749013 0.042478920741989876 23-005221
0 0.29462731871838294 0.221254637436762 0.023338742486657217 0.022107925801011827 23-016775
0 0.835000000000008 0.35599999999999987 0.023356524428535502 0.021703204047217546 23-012764
0 0.88900000000001 0.38599999999999923 0.021661292816786918 0.019662731871838153 23-014565
0 0.36978414839797163 0.5754704890387852 0.033330664060115624 0.0308094435075885 23-008106
0 0.3002546374367502 0.6409409780775724 0.021472933748814947 0.024367622259696537 23-016382
0 0.5316273187183777 0.7372158516020242 0.03936704520616066 0.03198988195615519 23-007927
0 0.5319409780775779 0.7753136593591898 0.029760732739585717 0.025598650927487268 23-009345
0 0.8077827248310007 0.8240278246205737 0.42287800537179904 0.3871387858347381 23-000435
0 0.02199999999999136 0.8672546374367629 0.03899032707021655 0.03561551433389536 23-006192
