0 0.6169999999999902 0.8419409780775712 0.020154420273010395 0.01873524451939294 23-016477
0 0.1043136593591851 0.748372681281618 0.02184965188475903 0.017622259696458666 23-015968
0 0.3079999999999927 0.6709999999999994 0.04143899495385328 0.03802698145025287 23-005695
0 0.9204704890387877 0.5678431703204049 0.03915201322537155 0.03303541315345705 23-007282
0 0.05894097807756462 0.41999999999999993 0.026352487574210284 0.025261382799325494 23-012887
0 0.21715682967958458 0.4045295109612135 0.025213442195438824 0.023608768971332208 23-016575
0 0.29068634064079674 0.39831365935919094 0.02691756477812655 0.024333895446880187 23-013035
0 0.17615682967958776 0.31590219224283356 0.026549737613121467 0.022276559865092617 23-012694
0 0.12899999999999068 0.1433726812816194 0.09851179254938773 0.08699831365935905 23-002545
0 0.09662731871837543 0.05931365935919053 0.024109960700423764 0.022816188870151726 23-011802
0 0.6222596964586846 0.38364249578414844 0.7554806070826307 0.7537942664418212 
