0 0.7370978077571619 0.017529510961214734 0.03444303652606992 0.02839797639123102 23-009109
0 0.6020000000000039 0.03768212478920782 0.09210758423833774 0.08290067453625723 23-002658
0 0.791254637436764 0.057000000000000384 0.04313422656560177 0.03951096121416525 23-005504
0 0.7852546374367638 0.09299999999999997 0.023356524428535502 0.021517706576728506 23-012818
0 0.6169409780775857 0.09299999999999997 0.020342779340982654 0.018735244519392916 23-016193
0 0.16894097807757827 0.15362731871838115 0.04614797165315486 0.044148397976391196 23-004956
0 0.8136273187183883 0.303686340640809 0.039178686138188784 0.03580101180438452 23-006133
0 0.4813136593591946 0.359 0.030890887147417917 0.028937605396290093 23-008267
0 0.5039999999999907 0.41300000000000026 0.1491803818338721 0.13634064080944355 23-001682
0 0.1544704890387965 0.4792546374367629 0.023535992525568473 0.02247892074198995 23-015141
0 0.8662915563765963 0.5890000000000004 0.2941585759714883 0.3479932546374369 23-000578
0 0.011940978077567577 0.8396273187183811 0.02260308815664727 0.020404721753794115 23-013551
0 0.9379999999999882 0.9350000000000005 0.05933310641119918 0.05620573355817901 23-003885
0 0.10202360876897133 0.8861720067453626 0.021922428330522766 0.021922428330522766 
