0 0.3830000000000098 0.15805902192242882 0.020154420273010395 0.01873524451939294 23-016477
0 0.8956863406408149 0.2516273187183819 0.02184965188475903 0.017622259696458666 23-015968
0 0.6920000000000073 0.3290000000000006 0.04143899495385328 0.03802698145025287 23-005695
0 0.0795295109612123 0.4321568296795951 0.03915201322537155 0.03303541315345705 23-007282
0 0.9410590219224354 0.5800000000000001 0.026352487574210284 0.025261382799325494 23-012887
0 0.7828431703204154 0.5954704890387865 0.025213442195438824 0.023608768971332208 23-016575
0 0.7093136593592033 0.6016863406408091 0.02691756477812655 0.024333895446880187 23-013035
0 0.8238431703204122 0.6840978077571664 0.026549737613121467 0.022276559865092617 23-012694
0 0.8710000000000093 0.8566273187183806 0.09851179254938773 0.08699831365935905 23-002545
0 0.9033726812816245 0.9406863406408095 0.024109960700423764 0.022816188870151726 23-011802
0 0.3777403035413154 0.6163575042158516 0.7554806070826307 0.7537942664418212 
