0 0.1682546374367736 0.8599409780775719 0.029366232661763254 0.0282293423271501 23-010417
0 0.6319409780775721 0.8104704890387865 0.028989514525819174 0.026391231028667802 23-011968
0 0.8809409780775673 0.8125295109612147 0.029007296467697265 0.024688026981450277 23-010155
0 0.21625463743677542 0.6329409780775717 0.03823689079832827 0.03524451939291733 23-006297
0 0.10794097807757122 0.5239999999999991 0.02184965188475903 0.01762225969645876 23-016459
0 0.13625463743676292 0.45247048903878595 0.024468896894489656 0.02249578414839803 23-016749
0 0.11862731871839521 0.3460000000000001 0.05820295200336674 0.0543507588532884 23-003974
0 0.6582791086720509 0.3279426644182125 0.7517859609214882 0.721473861720068 23-000088
0 0.38031365935919553 0.31662731871838135 0.027500423923920936 0.025969645868465393 23-009701
0 0.47325463743675206 0.23494097807757186 0.028253860195809197 0.025042158516020083 23-009913
0 0.8933136593592007 0.17931365935918975 0.02354488349650757 0.01873524451939294 23-014163
0 0.07862731871837475 0.05731365935918997 0.04556511250736047 0.04028667790893777 23-005800
