0 0.764568296795949 0.9056863406408093 0.02542847417622822 0.023558178752107924 23-011184
0 0.08894097807756576 0.5823136593591902 0.17423213787415615 0.16342327150084332 23-001393
0 0.26478414839798187 0.5345682967959521 0.0280388282150198 0.027706576728499074 23-013323
0 0.36694097807758574 0.3897841483979765 0.023168165360563535 0.024350758853288457 23-014239
0 0.22278414839798025 0.3102546374367624 0.022217479049764066 0.021922428330522766 23-016375
0 0.7241463851094392 0.30934148397976435 0.6068779527592338 0.6805512647554817 23-000165
0 0.8779409780775815 0.2783726812816193 0.03124982334148376 0.031045531197301992 23-010106
0 0.6060387858347288 0.24937268128161938 0.04124174491494197 0.04010118043844852 23-006033
0 0.8459409780775707 0.11584317032040503 0.05010351208056808 0.048246205733558103 23-004600
0 0.618940978077567 0.09084317032040456 0.06517223751833301 0.061821247892074334 23-003695
0 0.7837841483979873 0.037686340640809 0.0225941971857081 0.02173693086003351 23-016393
0 0.49494097807757165 0.4924114671163575 0.021922428330522766 0.026981450252951095 
0 0.7099494097807757 0.46458684654300164 0.023608768971332208 0.01854974704890388 
0 0.8701517706576728 0.19561551433389546 0.026981450252951095 0.03035413153456998 
0 0.5699831365935919 0.4291736930860034 0.02023608768971332 0.021922428330522766 
0 0.6686340640809444 0.3684654300168634 0.021922428330522766 0.021922428330522766 
