0 0.9594114671163704 0.9083136593591907 0.022782556253680357 0.025109612141652613 23-016372
0 0.669940978077583 0.7593136593591898 0.1821432187289828 0.16379426644182132 23-001347
0 0.49462731871837157 0.7546863406408095 0.036918377322524 0.03676222596964589 23-006694
0 0.4510978077571606 0.68968634064081 0.02447778786542875 0.025075885328836433 23-012990
0 0.18241146711635522 0.6689409780775712 0.03088199617647887 0.0282293423271501 23-009591
0 0.33194097807756073 0.5916863406408093 0.08325470804365079 0.07790893760539627 23-002889
0 0.03194097807757781 0.5476863406408088 0.03239775969119444 0.03156829679595283 23-008186
0 0.14031365935918647 0.5406863406408091 0.06385372404252855 0.05824620573355831 23-003664
0 0.2674114671163632 0.5343136593591902 0.025607942273261047 0.022664418212479012 23-013426
0 0.4865682967959573 0.5108431703204046 0.021661292816786918 0.020607082630691446 23-015312
0 0.012000000000000455 0.48499999999999943 0.021472933748814906 0.01873524451939294 23-015377
0 0.17925463743676928 0.4756863406408096 0.03465806850685917 0.031163575042158356 23-007266
0 0.2534114671163532 0.4280000000000008 0.026720314739215344 0.022664418212479012 23-015103
0 0.4047251264755353 0.38599999999999923 0.024854506001372977 0.02473861720067466 23-014925
0 0.24194097807758577 0.24300000000000033 0.06272356963469619 0.055834738617200695 23-003785
0 0.03631365935920147 0.0593726812816181 0.047654844196931334 0.03988195615514311 23-005114
0 0.3889409780775771 0.03962731871838043 0.026370269516088545 0.024856661045531213 23-010415
0 0.09754629786336967 0.05176306913996598 0.1354301698719116 0.10352613827993191 23-001819
0 0.4522546374367654 0.031470489038786464 0.020154420273010395 0.016492411467116313 23-016646
