0 0.895410455159713 0.9336610455311977 0.2300969986486316 0.1459456998313653 23-001073
0 0.0695885328836543 0.8614114671163573 0.03494494977121921 0.03715008431703204 23-007361
0 0.3190590219224212 0.8286863406408094 0.02551086495798471 0.02674536256323775 23-011147
0 0.6209021922428422 0.6045682967959523 0.022850910087433885 0.025109612141652592 23-015927
0 0.5710590219224309 0.6022546374367622 0.15589973029879542 0.1443170320404722 23-001594
0 0.4133726812816154 0.4510000000000005 0.13057783471086987 0.11760539629005061 23-001955
0 0.7782158516020246 0.40525463743676304 0.040367526744042925 0.04094435075885324 23-008384
0 0.2215295109612082 0.3857841483979769 0.02455163441796623 0.024350758853288457 23-014271
0 0.7497453625632328 0.3200000000000003 0.019841783856210386 0.018364249578414815 23-017108
0 0.5187453625632382 0.3049999999999997 0.033258609130409574 0.03153456998313648 23-007408
0 0.13305902192241414 0.2816273187183813 0.07407599306318531 0.0703035413153456 23-003188
0 0.40458853288363383 0.2443726812816185 0.025874420008380097 0.024148397976391123 23-012884
0 0.23861309959228616 0.23074704890387843 0.5249488191030295 0.5076435075885327 23-000263
0 0.29305902192243927 0.12831365935919137 0.02966819109928598 0.025042158516020083 23-009604
0 0.8679021922428278 0.09525463743676255 0.029247101289999033 0.028819561551433635 23-012156
0 0.8317453625632264 0.0920978077571678 0.025860036318657242 0.026391231028667944 23-013353
0 0.6627453625632437 0.07099999999999973 0.040817383932775536 0.0393254637436765 23-005666
0 0.6505885328836432 0.013999999999999235 0.032270611210945294 0.024485666104553088 23-010179
