0 0.06347048903878834 0.7927251264755477 0.02536504665709418 0.029881956155143313 23-008486
0 0.6027841483979757 0.662686340640809 0.024013493687234364 0.02281618887015182 23-011284
0 0.4346273187183693 0.6522546374367629 0.031179946059759087 0.02782462057335582 23-008443
0 0.8027841483979644 0.6417841483979771 0.03173247048021362 0.02951096121416526 23-008766
0 0.13684780405638577 0.654283305227656 0.27369560811277155 0.33723440134907245 23-000549
0 0.43925463743676024 0.5723136593591904 0.030990976689700037 0.029308600337268217 23-008192
0 0.8802546374367626 0.4952546374367629 0.02626674243822148 0.02337268128161891 23-010842
0 0.8683136593591951 0.44494097807757094 0.02135353881668354 0.018364249578414815 23-015860
0 0.28609780775716853 0.436352445193929 0.21104803757295845 0.20841483979763917 23-001032
0 0.6857841483979741 0.4274704890387856 0.0932789503606037 0.08537942664418212 23-002838
0 0.7326273187183711 0.2845682967959521 0.026077773068162193 0.01984822934232731 23-012308
0 0.4282546374367645 0.25531365935919015 0.05725771912792118 0.04804384485666125 23-004230
0 0.37299999999999045 0.21499999999999986 0.15514385281855875 0.14320404721753788 23-001601
0 0.1740000000000066 0.18200000000000027 0.16402541321133873 0.15563237774030358 23-001487
0 0.8909409780775582 0.15225463743676293 0.02267632440709769 0.019477234401349186 23-014051
0 0.05562731871837861 0.09694097807757207 0.03590418031123774 0.030978077571669677 23-007190
0 0.615627318718381 0.1030590219224291 0.03306963976035067 0.028937605396289805 23-007858
0 0.12494097807756713 0.08225463743676265 0.038738720862124904 0.03691399662731889 23-006084
0 0.2529999999999859 0.06085497470489076 0.2656909343031592 0.1338809443507596 23-000920
