0 0.06168634064081158 0.9591568296795961 0.02347215064245541 0.023271500843170315 17-004567
0 0.5173726812816146 0.8496273187183809 0.031654961343761535 0.02951096121416526 17-003393
0 0.4146273187183874 0.6881568296795953 0.03726091699880668 0.03271500843170316 17-002813
0 0.882000000000005 0.6750000000000007 0.0369173363259719 0.03575042158516018 17-002818
0 0.8900000000000006 0.6464704890387849 0.026157670578404565 0.02546374367622254 17-004984
0 0.9696863406408129 0.5563136593591904 0.028797651071394894 0.029173693086003344 17-002870
0 0.9246863406408112 0.5294704890387858 0.05278517272310243 0.05463743676222593 17-000993
0 0.8771568296795954 0.514254637436763 0.05361256168182486 0.056323777403035374 17-001019
0 0.8318431703204078 0.4939999999999998 0.06196716271954848 0.05767284991568304 17-000919
0 0.6245295109612141 0.37447048903878644 0.03666844382323096 0.038111298482293464 17-001864
0 0.8265295109612123 0.3692546374367617 0.049598258497495336 0.05430016863406416 17-001903
0 0.5642158516020259 0.29778414839797607 0.050927041745875604 0.054131534569983174 17-001009
0 0.8469999999999942 0.26578414839797593 0.03165496134376158 0.033220910623946116 17-003134
0 0.4196273187183829 0.07168634064080981 0.04992786245073579 0.049578414839797795 17-000986
