0 0.13302309854300431 0.859 0.29265081679460947 0.30180438448566616 23-000697
0 0.7760000000000105 0.8273136593591912 0.024377048737629844 0.023962900505902204 23-012611
0 0.6440000000000055 0.8059999999999992 0.02815643613881273 0.023929173693086 23-010109
0 0.4777453625632414 0.6490978077571663 0.04756274649601331 0.04419898819561548 23-005690
0 0.08068634064081703 0.5730000000000004 0.058958443458453386 0.056205733558178726 23-003905
0 0.22921585160201796 0.4969999999999999 0.018344412585460133 0.018178752107925945 23-017020
0 0.8360000000000127 0.4480000000000004 0.34127868232681763 0.2632209106239461 23-000724
0 0.7920000000000016 0.2940000000000005 0.08541415526673399 0.07994940978077586 23-002839
0 0.4283726812816303 0.2686863406408089 0.026455711808280383 0.023035413153457137 23-012128
0 0.9796279303342919 0.2550000000000008 0.044818553264557824 0.057875210792580185 23-003782
