0 0.5530978077571644 0.9184704890387853 0.03324422544068696 0.031956155143338986 23-008622
0 0.057940978077559845 0.8676273187183816 0.022298385666979236 0.020994940978077553 23-015496
0 0.5369409780775733 0.8443136593591907 0.0319070561605499 0.03026981450252954 23-009267
0 0.893787487085693 0.6850000000000005 0.23366752841147548 0.25598650927487354 23-000868
0 0.5929999999999893 0.5609999999999999 0.025321895587925424 0.021888701517706607 23-011823
0 0.8300000000000125 0.5060000000000002 0.3080200731964079 0.2643338954468803 23-000753
0 0.26431365935918166 0.47194097807757196 0.04818718936508221 0.04043844856661048 23-005179
0 0.9593760710851182 0.4566694772344013 0.08124785782976349 0.07354131534569985 23-003338
0 0.027627318718387025 0.43937268128161877 0.023621171257393245 0.026779089376053954 23-013630
0 0.26599999999999113 0.4350000000000005 0.05480111731715231 0.049713322091062426 23-004264
0 0.5250000000000057 0.3000000000000007 0.06765103448117431 0.06251264755480615 23-003485
0 0.7278819561551428 0.208372681281619 0.030235099209463462 0.028381112984823004 23-008502
0 0.3412546374367754 0.03643170320404765 0.04267831025392127 0.046846543001686294 23-006046
