0 0.20774536256323117 0.11031618887015208 0.3097946973792165 0.24269561551433466 23-000771
0 0.527313659359187 0.2793726812816187 0.05234451550638329 0.04822934232715012 23-004427
0 0.6240978077571624 0.4046273187183806 0.0515742543364241 0.05086003372681291 23-004574
0 0.24794097807755758 0.5869409780775722 0.06025246166942183 0.05698145025295104 23-004056
0 0.03150685337398591 0.7106492411467117 0.06301370674797183 0.13688026981450246 23-002491
0 0.18299999999999272 0.7349999999999994 0.040628414562716396 0.0348735244519394 23-006140
0 0.22100000000000364 0.7929999999999993 0.07653259487395411 0.050640809443507545 23-003631
0 0.1570000000000107 0.7940000000000005 0.06406061645005051 0.05843170320404737 23-003673
0 0.2150000000000034 0.8620000000000001 0.05442317857703404 0.04303541315345697 23-004603
0 0.6471850498774003 0.9332040472175379 0.020975600076565248 0.018920741989882 23-015708
0 0.1900716667002582 0.9540387858347387 0.048187189365082234 0.04470489038785833 23-004814
