0 0.9583327157148566 0.8431568296795947 0.09166802542731552 0.10649241146711637 23-002214
0 0.1102767061859522 0.7810000000000006 0.2426087536090947 0.22166947723440134 23-000973
0 0.850843170320399 0.753470489038786 0.09196856705625081 0.09325463743676224 23-002314
0 0.16121585160203433 0.7316273187183806 0.02341781819761127 0.021922428330522766 23-015313
0 0.5040590219224236 0.7097841483979768 0.022647557027651696 0.02023608768971332 23-017295
0 0.8689999999999998 0.6999999999999993 0.05423420920697492 0.05231028667790891 23-004164
0 0.12005902192243745 0.6489999999999991 0.030613037949581652 0.026897133220910606 23-008719
0 0.7397453625632419 0.3656863406408102 0.03304087238090487 0.02952782462057334 23-009090
0 0.10737268128163235 0.3223136593591903 0.08805972644756198 0.07698145025295106 23-002845
0 0.3610590219224229 0.21309780775716636 0.02267632440709769 0.022310286677908967 23-016357
0 0.7677453625632334 0.15662731871838131 0.023432201887334077 0.025446880269814558 23-012505
0 0.49100000000001387 0.14299409780775707 0.44766843767011705 0.31458701517706567 23-000412
