0 0.12299999999999056 0.023999999999999133 0.02551086495798471 0.02244519392917369 23-011465
0 0.21837268128162235 0.2996863406408095 0.032313762280114094 0.027268128161888634 23-008285
0 0.8846863406408192 0.3090590219224286 0.025888803698103 0.024671163575042152 23-010553
0 0.5010000000000048 0.3620000000000001 0.026833650548398768 0.024300168634064027 23-010394
0 0.7270000000000039 0.3849999999999998 0.032691701020232285 0.030050590219224273 23-007727
0 0.35174536256323663 0.5025295109612141 0.021164569446624346 0.022866779089376153 23-016804
0 0.7096863406408078 0.7063726812816182 0.026644681178339576 0.023187183811129847 23-010815
0 0.46399999999999864 0.7244317032040465 0.02154250818674273 0.02003372681281618 23-014675
0 0.9753726812816274 0.7690000000000001 0.038360782122006616 0.035615514333895454 23-006260
0 0.45705902192242653 0.8544704890387851 0.03322984175096396 0.03102866779089382 23-009026
0 0.03204047217537942 0.5118043844856661 0.06408094435075885 0.10961214165261383 
