0 0.5530978077571644 0.08152951096121479 0.03324422544068696 0.031956155143338986 23-008622
0 0.057940978077559845 0.13237268128161844 0.022298385666979236 0.020994940978077553 23-015496
0 0.5369409780775733 0.15568634064080936 0.0319070561605499 0.03026981450252954 23-009267
0 0.893787487085693 0.3149999999999995 0.23366752841147548 0.25598650927487354 23-000868
0 0.5929999999999893 0.4390000000000001 0.025321895587925424 0.021888701517706607 23-011823
0 0.8300000000000125 0.49399999999999983 0.3080200731964079 0.2643338954468803 23-000753
0 0.26431365935918166 0.528059021922428 0.04818718936508221 0.04043844856661048 23-005179
0 0.9593760710851182 0.5433305227655987 0.08124785782976349 0.07354131534569985 23-003338
0 0.027627318718387025 0.5606273187183812 0.023621171257393245 0.026779089376053954 23-013630
0 0.26599999999999113 0.5649999999999995 0.05480111731715231 0.049713322091062426 23-004264
0 0.5250000000000057 0.6999999999999993 0.06765103448117431 0.06251264755480615 23-003485
0 0.7278819561551428 0.791627318718381 0.030235099209463462 0.028381112984823004 23-008502
0 0.3412546374367754 0.9635682967959524 0.04267831025392127 0.046846543001686294 23-006046
