0 0.9570590219224265 0.9270387858347392 0.02302549576777008 0.023052276559865095 23-017647
0 0.6260590219224377 0.7961568296795959 0.3874571456662017 0.3847892074198988 23-000465
0 0.803843170320402 0.6478819561551428 0.02530751189820271 0.025817875210792585 23-012465
0 0.33505902192244086 0.5660000000000007 0.024188079367570652 0.021888701517706607 23-012327
0 0.5814317032040548 0.5175295109612147 0.2046086953012246 0.19731871838111298 23-001098
0 0.7751180438448431 0.35546711635750505 0.29515379093900135 0.32431703204047224 23-000701
0 0.0519999999999925 0.42209780775716776 0.020597661336446672 0.02023608768971332 23-016330
0 0.9296863406408067 0.37425463743676246 0.04195120015313041 0.03802698145025287 23-005706
0 0.6734317032040393 0.18731365935919064 0.022298385666979212 0.01984822934232731 23-014204
0 0.18437268128163053 0.07499999999999929 0.03606438230185098 0.03586846543001683 23-007943
0 0.044999999999987494 0.03523608768971287 0.09335086880921811 0.07751939291736863 23-002579
