0 0.6724124607802964 0.9879426644182124 0.029479221729226786 0.02411467116357505 23-009567
0 0.4490000000000123 0.8539999999999992 0.14116011943418214 0.13392917369308607 23-001762
0 0.45300000000000296 0.8106273187183811 0.02267632440709769 0.021888701517706558 23-013043
0 0.17268634064080168 0.7826273187183808 0.025888803698102904 0.024300168634064125 23-010714
0 0.4590000000000032 0.575372681281618 0.032124792910054614 0.030236087689713382 23-007868
0 0.47537268128162724 0.49731365935919114 0.05121069928602871 0.04563237774030364 23-004597
0 0.5910590219224411 0.3923726812816183 0.07898919668472296 0.0747554806070827 23-003044
0 0.5159999999999911 0.36400000000000077 0.022298385666979306 0.01854974704890388 23-015383
0 0.3669999999999902 0.2918431703204051 0.02154250818674273 0.02023608768971332 23-015605
0 0.27068634064081487 0.26925463743676203 0.020219722596328673 0.019106239460371065 23-016171
0 0.5572158516020209 0.24137268128161848 0.03626773536163313 0.03527824620573349 23-007125
0 0.17037268128162053 0.1653136593591904 0.04006150645253896 0.038212478920741935 23-005847
0 0.7873726812816106 0.146686340640809 0.038463449353728585 0.03345699831365941 23-009362
0 0.3910590219224239 0.1353726812816186 0.030613037949581652 0.028566610455312065 23-008423
0 0.16774536256323913 0.1120000000000001 0.023054263147215884 0.020404721753794115 23-013397
0 0.03221585160201523 0.10100000000000087 0.026223591369052484 0.022664418212479012 23-015310
0 0.4803726812816227 0.06805902192242896 0.024754987477748135 0.023187183811129847 23-011572
