0 0.24794097807755758 0.87431365935919 0.03814304537250181 0.03453625632377744 23-007250
0 0.27878414839796345 0.7850978077571673 0.027764113708971538 0.026762225969645854 23-011586
0 0.13562731871839112 0.7636863406408099 0.02815643613881273 0.025969645868465393 23-009568
0 0.09562731871837066 0.7042546374367625 0.022676324407097513 0.0209612141652613 23-013422
0 0.018627318718372473 0.6873136593591906 0.023621171257393245 0.02021922428330524 23-013432
0 0.9650978077571706 0.6639409780775722 0.027546376959466733 0.027706576728499074 23-013587
0 0.5306273187183729 0.5033136593591914 0.054234209206974825 0.05026981450252961 23-004259
0 0.06825463743675085 0.47600000000000087 0.02683365054839872 0.021888701517706607 23-011070
0 0.8157841483979695 0.466843170320404 0.024173695677847846 0.022310286677908967 23-016104
0 0.212940978077561 0.4190000000000005 0.022109416296920113 0.020219224283305436 23-014165
0 0.5229409780775633 0.3810000000000002 0.03987253708247986 0.03413153456998315 23-006273
0 0.7856296711120954 0.3780000000000001 0.47161472355339046 0.53460370994941 23-000287
0 0.8503136593591943 0.34288195615514305 0.025132926217866423 0.017807757166947824 23-014162
0 0.32499999999998863 0.25399999999999956 0.16893861683287648 0.14728499156829666 23-001505
0 0.5534704890387975 0.2448431703204046 0.027575144338912345 0.027504215851602124 23-011499
0 0.8767841483979766 0.14103878583473795 0.03815742906222471 0.035632377740303534 23-006632
0 0.12478414839796707 0.05641146711635747 0.035511857881396595 0.03644182124789229 23-007906
0 0.5536273187183691 0.061000000000000054 0.02569983432804381 0.02207419898819586 23-011551
0 0.24562731871837634 0.04562731871838055 0.03004612983940427 0.026155143338954454 23-008974
