0 0.24794097807755758 0.12568634064081 0.03814304537250181 0.03453625632377744 23-007250
0 0.27878414839796345 0.2149021922428327 0.027764113708971538 0.026762225969645854 23-011586
0 0.13562731871839112 0.2363136593591901 0.02815643613881273 0.025969645868465393 23-009568
0 0.09562731871837066 0.29574536256323747 0.022676324407097513 0.0209612141652613 23-013422
0 0.018627318718372473 0.3126863406408094 0.023621171257393245 0.02021922428330524 23-013432
0 0.9650978077571706 0.3360590219224278 0.027546376959466733 0.027706576728499074 23-013587
0 0.5306273187183729 0.49668634064080863 0.054234209206974825 0.05026981450252961 23-004259
0 0.06825463743675085 0.5239999999999991 0.02683365054839872 0.021888701517706607 23-011070
0 0.8157841483979695 0.533156829679596 0.024173695677847846 0.022310286677908967 23-016104
0 0.212940978077561 0.5809999999999995 0.022109416296920113 0.020219224283305436 23-014165
0 0.5229409780775633 0.6189999999999998 0.03987253708247986 0.03413153456998315 23-006273
0 0.7856296711120954 0.6219999999999999 0.47161472355339046 0.53460370994941 23-000287
0 0.8503136593591943 0.657118043844857 0.025132926217866423 0.017807757166947824 23-014162
0 0.32499999999998863 0.7460000000000004 0.16893861683287648 0.14728499156829666 23-001505
0 0.5534704890387975 0.7551568296795954 0.027575144338912345 0.027504215851602124 23-011499
0 0.8767841483979766 0.858961214165262 0.03815742906222471 0.035632377740303534 23-006632
0 0.12478414839796707 0.9435885328836425 0.035511857881396595 0.03644182124789229 23-007906
0 0.5536273187183691 0.939 0.02569983432804381 0.02207419898819586 23-011551
0 0.24562731871837634 0.9543726812816195 0.03004612983940427 0.026155143338954454 23-008974
