0 0.14668634064081965 0.9023136593591905 0.02966819109928598 0.02689713322091065 23-008930
0 0.41900000000001114 0.891 0.12037348872767598 0.10035413153456997 23-002171
0 0.9757453625632319 0.783627318718382 0.021164569446624346 0.01854974704890388 23-016512
0 0.42237268128162997 0.7624114671163571 0.026455711808280383 0.027875210792580055 23-010965
0 0.3172158516020118 0.7136273187183817 0.03040968488979956 0.02652613827993248 23-009241
0 0.17037268128162053 0.665940978077571 0.030424068579522557 0.028566610455311968 23-008442
0 0.36468634064080896 0.5552546374367615 0.02494395684780723 0.02263069139966276 23-011681
0 0.5533726812816302 0.5556273187183804 0.030395301200076753 0.0282293423271501 23-010211
0 0.23268634064080396 0.505940978077571 0.1455064149455425 0.1400505902192244 23-001683
0 0.13999999999998636 0.42694097807757203 0.04025047582259806 0.038397976391231 23-005768
0 0.0389021922428201 0.4266863406408101 0.02474060378802533 0.024333895446880187 23-013235
0 0.36468634064080896 0.41847048903878514 0.021164569446624346 0.020421585160202385 23-015866
0 0.9383726812816212 0.3449409780775713 0.047053373144727344 0.04099494097807767 23-005129
0 0.847215851602013 0.3314704890387855 0.029814009400176415 0.027133220910624 23-012012
0 0.24905902192242813 0.2614704890387852 0.0284768401200396 0.02620573355817869 23-013769
0 0.7380590219224324 0.14762731871838097 0.022298385666979212 0.020590219224283175 23-013778
0 0.07552951096122162 0.10800000000000054 0.02455163441796604 0.02359190556492413 23-013944
0 0.988745023730019 0.10399999999999932 0.024760947793958033 0.02263069139966247 23-011487
0 0.4510590219224263 0.0641568296795948 0.025482097578539097 0.022091062394603556 23-013923
0 0.30699999999998795 0.0590885328836428 0.15438797533832213 0.12999477234401427 23-001612
