0 0.4989999999999952 0.028686340640808692 0.020219722596328673 0.019291736930860042 23-016001
0 0.39537268128161485 0.17174536256323691 0.044974710074076614 0.04266441821247889 23-005147
0 0.8460000000000036 0.22300000000000078 0.19652814486151182 0.18215851602023617 23-001238
0 0.00745750862490735 0.2340590219224275 0.01640651897479614 0.031264755480607025 23-010592
0 0.8509999999999991 0.3905295109612141 0.027967466768753585 0.02973018549747048 23-009989
0 0.6329409780775769 0.41774536256323735 0.03514830283100121 0.0319055649241147 23-007051
0 0.539999999999992 0.44721585160202326 0.023054263147215884 0.021905564924114686 23-013683
0 0.13037268128162838 0.5773136593591912 0.023621171257393363 0.021703204047217546 23-012666
0 0.2015295109612264 0.6180590219224279 0.03340442743130025 0.031045531197301992 23-010018
0 0.3233136593591792 0.662215851602023 0.02777849739869444 0.02843170320404724 23-010478
0 0.2546863406407953 0.6967453625632373 0.10846841841394965 0.10350758853288383 23-002241
0 0.4576863406407984 0.7559612141652605 0.030235099209463462 0.03177065767284997 23-008906
0 0.3456273187183706 0.8063726812816197 0.02777849739869444 0.02337268128161891 23-010473
0 0.3569999999999993 0.8230000000000004 0.030046129839404172 0.026340640809443514 23-009048
0 0.3356863406408126 0.871059021922428 0.025132926217866326 0.02225969645868473 23-011787
0 0.46000000000000796 0.8800000000000008 0.041573261413011924 0.035059021922428366 23-006032
