0 0.5656273187183695 0.13062731871838146 0.06349370833987304 0.05824620573355817 23-003699
0 0.07131365935919806 0.23862731871838197 0.034959333460941995 0.030050590219224273 23-007444
0 0.8836273187183815 0.28162731871838126 0.020030753226269578 0.01854974704890388 23-016839
0 0.13031365935919556 0.36800000000000027 0.14361672124495095 0.12780775716694762 23-001785
0 0.3333136593591985 0.40337268128161924 0.02173147755680173 0.02021922428330524 23-014335
0 0.27531365935917734 0.4226863406408088 0.02286529377715669 0.01947723440134914 23-013913
0 0.8300000000000125 0.44800000000000034 0.06954072818176585 0.06306913996627315 23-003449
0 0.746313659359181 0.45268634064081 0.03911665960224329 0.02949409780775718 23-006887
0 0.8640000000000043 0.5229999999999997 0.02173147755680173 0.019291736930860125 23-014967
0 0.6476273187183915 0.6806273187183803 0.024754987477748135 0.022816188870151726 23-011618
0 0.891999999999996 0.7249999999999996 0.08276858408590594 0.07623946037099481 23-002943
0 0.45799999999999835 0.7633136593591912 0.038738720862124904 0.035615514333895454 23-006200
0 0.26962731871837725 0.7933726812816181 0.08125682912543279 0.07382799325463758 23-003028
0 0.5183136593592007 0.7926273187183804 0.030613037949581652 0.026340640809443514 23-009012
0 0.42494097807757847 0.798 0.026077773068162145 0.02337268128161891 23-011021
0 0.907999999999987 0.8049999999999997 0.06273783085963645 0.05843170320404737 23-003728
0 0.445999999999998 0.8450000000000006 0.01984178385621029 0.01873524451939294 23-016781
0 0.8649409780775762 0.9533136593591907 0.024348281358184138 0.022107925801011636 23-015998
0 0.6069999999999993 0.9626863406408097 0.021164569446624346 0.022293423271500887 23-015684
