0 0.04294097807757349 0.07296121416526077 0.02302549576777008 0.023052276559865095 23-017647
0 0.3739409780775623 0.20384317032040414 0.3874571456662017 0.3847892074198988 23-000465
0 0.196156829679598 0.35211804384485723 0.02530751189820271 0.025817875210792585 23-012465
0 0.6649409780775591 0.4339999999999993 0.024188079367570652 0.021888701517706607 23-012327
0 0.41856829679594526 0.4824704890387853 0.2046086953012246 0.19731871838111298 23-001098
0 0.224881956155157 0.644532883642495 0.29515379093900135 0.32431703204047224 23-000701
0 0.9480000000000075 0.5779021922428322 0.020597661336446672 0.02023608768971332 23-016330
0 0.07031365935919329 0.6257453625632375 0.04195120015313041 0.03802698145025287 23-005706
0 0.3265682967959607 0.8126863406408094 0.022298385666979212 0.01984822934232731 23-014204
0 0.8156273187183695 0.9250000000000007 0.03606438230185098 0.03586846543001683 23-007943
0 0.9550000000000125 0.9647639123102871 0.09335086880921811 0.07751939291736863 23-002579
