0 0.28988220568191847 0.9876017706576731 0.026644681178339482 0.0224210792580105 23-010266
0 0.3805885328836329 0.8833136593591904 0.02474060378802533 0.022478920741989903 23-014260
0 0.2787453625632291 0.8613136593591901 0.05574596416744798 0.051011804384485666 23-004180
0 0.7353726812816181 0.804372681281619 0.030235099209463268 0.028195615514333895 23-008606
0 0.1320000000000051 0.5790000000000006 0.21183466383630276 0.1973693086003374 23-001150
0 0.37700000000000955 0.5239999999999991 0.025888803698102904 0.021888701517706607 23-011583
0 0.31399999999999295 0.48799999999999955 0.1451284762054239 0.14172006745362575 23-001669
0 0.7454317032040421 0.4886863406408095 0.037547369882878524 0.03268128161888701 23-008228
0 0.44443170320405434 0.42062731871838055 0.027182821909071155 0.02863406408094438 23-012602
0 0.21474536256323618 0.11700000000000088 0.03836078212200671 0.03376053962900503 23-006445
