0 0.32325463743677474 0.10999999999999943 0.025321895587925615 0.020775716694772333 23-012083
0 0.31156829679594594 0.1453136593591908 0.020975600076565248 0.01725126475548064 23-017449
0 0.6946273187183886 0.16000000000000014 0.030424068579522557 0.028752107925800983 23-008410
0 0.8856273187183911 0.17900000000000027 0.02437704873762975 0.02281618887015177 23-011833
0 0.6602546374367638 0.21799999999999994 0.03250273165017319 0.02819561551433387 23-008173
0 0.28999999999999204 0.3810000000000002 0.09580747061998704 0.086256323777403 23-002578
0 0.7076273187183938 0.5266273187183804 0.025132926217866326 0.023929173693086097 23-011119
0 0.07262731871837452 0.5665295109612143 0.03590418031123774 0.02973018549747029 23-008133
0 0.9206273187183877 0.5834704890387861 0.028912313619049595 0.026543001686340464 23-009540
0 0.3786273187183861 0.6645682967959528 0.02059766133644696 0.01854974704890388 23-016249
0 0.9489409780775793 0.6910000000000007 0.03703799653159284 0.03524451939291752 23-006443
0 0.3789409780775578 0.9740000000000002 0.0291012829891085 0.024856661045531213 23-009831
0 0.20825463743676564 0.9870000000000001 0.026455711808280408 0.023743676222596842 23-010767
