0 0.9439999999999884 0.186215851602024 0.05706874975786209 0.054991568296795974 23-004310
0 0.9819073177354819 0.24937268128161935 0.03980390098193991 0.048482293423271504 23-005239
0 0.5533726812816302 0.2585295109612144 0.026804883168952964 0.026762225969645875 23-012807
0 0.732529510961204 0.26268634064080865 0.02606338937843929 0.024333895446880187 23-012795
0 0.3392158516020316 0.2995295109612148 0.055920549847784266 0.05143338954468803 23-004424
0 0.8325295109612267 0.32537268128161806 0.030598654259858797 0.03141652613827992 23-009826
0 0.17500000000001137 0.35599999999999987 0.08220167597572836 0.07067453625632382 23-003065
0 0.567529510961212 0.3727453625632374 0.025278744518757 0.021736930860033706 23-016679
0 0.22290219224284602 0.4135885328836431 0.027575144338912345 0.02843170320404724 23-010942
0 0.7803726812816056 0.5090000000000003 0.294981186662327 0.27156829679595273 23-000782
0 0.3085885328836302 0.5930590219224275 0.035294121131891794 0.031197301854974706 23-008700
0 0.5159999999999911 0.7829999999999995 0.18008780966636612 0.1574873524451941 23-001403
0 0.6810590219224161 0.8139409780775725 0.02774973001924873 0.024148397976391123 23-012728
0 0.16599999999999682 0.8825885328836425 0.02472622009830252 0.023423271500842956 23-016280
0 0.6942158516020214 0.8763136593591907 0.02530751189820271 0.022107925801011636 23-014049
0 0.21000000000000796 0.9049485666104555 0.4089297168079918 0.20911315345699774 23-000486
