0 0.12299999999999056 0.9760000000000009 0.02551086495798471 0.02244519392917369 23-011465
0 0.21837268128162235 0.7003136593591905 0.032313762280114094 0.027268128161888634 23-008285
0 0.8846863406408192 0.6909409780775714 0.025888803698103 0.024671163575042152 23-010553
0 0.5010000000000048 0.6379999999999999 0.026833650548398768 0.024300168634064027 23-010394
0 0.7270000000000039 0.6150000000000002 0.032691701020232285 0.030050590219224273 23-007727
0 0.35174536256323663 0.4974704890387859 0.021164569446624346 0.022866779089376153 23-016804
0 0.7096863406408078 0.29362731871838177 0.026644681178339576 0.023187183811129847 23-010815
0 0.46399999999999864 0.2755682967959535 0.02154250818674273 0.02003372681281618 23-014675
0 0.9753726812816274 0.23099999999999987 0.038360782122006616 0.035615514333895454 23-006260
0 0.45705902192242653 0.14552951096121491 0.03322984175096396 0.03102866779089382 23-009026
0 0.03204047217537942 0.4881956155143339 0.06408094435075885 0.10961214165261383 
