0 0.8123726812816163 0.9333726812816185 0.05310039298662006 0.051011804384485666 23-004283
0 0.28037268128160575 0.885313659359191 0.03666005779147427 0.033760539629005076 23-006647
0 0.776372681281615 0.8413136593591906 0.036093149681296885 0.033018549747048875 23-006832
0 0.1533726812816245 0.8013136593591914 0.046675434404609153 0.042107925801011775 23-005063
0 0.8033136593591974 0.7163136593591906 0.020219722596328673 0.017807757166947727 23-017600
0 0.8900590219224193 0.6836273187183806 0.02210941629692008 0.020404721753794305 23-013924
0 0.6939999999999884 0.683431703204048 0.17970987092624785 0.15080944350758854 23-001474
0 0.04868634064080657 0.6543136593591912 0.02494395684780723 0.023187183811129847 23-011655
0 0.8669999999999902 0.6379999999999999 0.28005260642765445 0.24689713322091056 23-000852
0 0.1446863406408102 0.6080000000000005 0.10922429589418632 0.09571669477234404 23-002320
0 0.5320000000000107 0.5619999999999994 0.08522518589667487 0.08291736930860027 23-002780
0 0.36199999999999477 0.5220000000000002 0.04251810826330798 0.0398819561551433 23-005515
0 0.2963726812816253 0.5109999999999992 0.03174685416993661 0.030050590219224366 23-007928
0 0.1320000000000051 0.3650000000000002 0.17630842226518334 0.1693591905564925 23-001353
0 0.04774536256323447 0.31900000000000084 0.03666005779147427 0.03301854974704897 23-006702
0 0.9477453625632403 0.3080590219224292 0.02437704873762982 0.021888701517706607 23-012178
0 0.11037268128161815 0.2273136593591898 0.024754987477748326 0.01984822934232731 23-012930
0 0.844372681281627 0.22799999999999976 0.04762028125490483 0.04526138279932552 23-004820
0 0.05168634064082067 0.15056829679595352 0.023621171257393363 0.020404721753794115 23-013241
0 0.8990000000000009 0.1120000000000001 0.061037106529104164 0.053237774030354026 23-003949
0 0.033999999999991815 0.09894097807757096 0.021731477556801635 0.018920741989882 23-015256
0 0.05699999999998795 0.07199999999999906 0.11980658061749849 0.10795952782462054 23-002131
