0 0.17500000000001137 0.09352951096121347 0.027022619918457863 0.02472175379426646 23-012204
0 0.9869999999999948 0.2029999999999994 0.0283454055088719 0.024671163575042152 23-009887
0 0.7103726812816125 0.25237268128161944 0.052911423616560864 0.05419898819561559 23-004282
0 0.7780590219224245 0.31237268128161816 0.0648164939302871 0.058246205733558216 23-003660
0 0.3329999999999984 0.3160000000000007 0.2813753920180684 0.2589544688026982 23-000824
0 0.7813726812816104 0.43331365935919103 0.050454821805791944 0.04581787521079256 23-004617
0 0.4142158516020201 0.4734114671163574 0.026441328118557577 0.024873524451939293 23-011498
0 0.6906863406408024 0.49105902192242895 0.042140169523189594 0.04043844856661048 23-005479
0 0.972745362563246 0.5218431703204055 0.024348281358184093 0.020607082630691446 23-015674
0 0.8449021922428317 0.5711568296795945 0.05610951921784351 0.058330522765598705 23-004270
0 0.7239999999999895 0.6080590219224281 0.05687978038780294 0.049342327150084304 23-004225
0 0.13568634064079566 0.6099021922428323 0.02418807936757075 0.02472175379426658 23-013476
0 0.050059021922415736 0.6617453625632371 0.050832760545910134 0.0419224283305226 23-004798
0 0.45699999999999363 0.6967858347386167 0.2409359468254112 0.2177740303541315 23-001009
0 0.6070590219224322 0.7339409780775724 0.09448468502957298 0.08829679595278249 23-002575
0 0.3343726812816078 0.8010000000000002 0.020975600076565248 0.01966273187183825 23-015338
0 0.7609999999999957 0.8109999999999999 0.026833650548398768 0.024300168634064218 23-010451
0 0.5535676059705683 0.8167369308600338 0.06160401463928155 0.0528667790893759 23-003931
0 0.6519999999999868 0.8249999999999993 0.03061303794958175 0.02671163575042164 23-008840
0 0.7709999999999866 0.8350000000000009 0.030424068579522533 0.02912310286677906 23-008350
0 0.7410000000000139 0.8460000000000001 0.03004612983940427 0.018364249578414815 23-011948
0 0.18343170320405855 0.8709021922428333 0.08560312463679325 0.0862563237774029 23-003069
0 0.7450000000000045 0.8680000000000002 0.027400558658576154 0.017993254637436885 23-012741
0 0.7069999999999936 0.9090000000000006 0.02815643613881273 0.025227655986509338 23-009714
0 0.782766096223424 0.9198397976391232 0.027589528028635322 0.025413153456998207 23-009888
0 0.9374513954424677 0.919468802698145 0.030046129839404197 0.026155143338954454 23-009170
0 0.5544261506825268 0.9156998313659359 0.04308501637348527 0.04043844856661048 23-005415
0 0.7090000000000032 0.939 0.03136891542981823 0.027268128161888824 23-008582
0 0.9864886900407711 0.9413743676222597 0.027022619918457877 0.022816188870151726 23-010972
0 0.7419015984141561 0.9592580101180439 0.023432201887334077 0.020775716694772236 23-013036
0 0.8559999999999945 0.9753895446880269 0.09448468502957298 0.054143001686340675 23-002847
0 0.929000000000002 0.9860623946037099 0.06179298400934074 0.0306627318718381 23-004705
0 0.7319999999999993 0.9879999999999997 0.03325860913040967 0.024671163575041958 23-008843
0 0.7110000000000127 0.988892917369309 0.031179946059759038 0.0244355817875202 23-009157
