0 0.5939999999999941 0.8859999999999992 0.05196657676626529 0.04099494097807758 23-004853
0 0.7659999999999911 0.8439999999999994 0.04421883259384004 0.038397976391231 23-005484
0 0.811000000000007 0.766 0.16024602581015585 0.15322091062394605 23-001515
0 0.943940978077584 0.7096273187183804 0.03930562897230239 0.032091062394603666 23-006551
0 0.0806273187183843 0.6789409780775709 0.047809250624963925 0.04451939291736927 23-004870
0 0.04225463743676882 0.6793136593591897 0.04232913889324869 0.04062394603709945 23-005465
0 0.8832546374367486 0.6196273187183805 0.03738716789226504 0.03661045531197298 23-007571
0 0.1070978077571665 0.5760000000000005 0.039102275912520336 0.03824620573355814 23-006433
0 0.8528819561551428 0.5396863406408097 0.029101282989108402 0.02671163575042164 23-009202
0 0.028881956155130607 0.511254637436763 0.05593493353750722 0.05438448566610455 23-004179
0 0.8436273187183895 0.45631365935919077 0.04421883259384004 0.03969645868465424 23-005469
0 0.8673136593591904 0.4203136593591912 0.031179946059759135 0.01966273187183825 23-010712
0 0.9113136593592015 0.394940978077572 0.06028122904886763 0.05639123102866788 23-003863
0 0.8640978077571715 0.3906273187183812 0.02981400940017656 0.029190556492411566 23-011861
0 0.8684704890387951 0.35994097807757186 0.02152812449701973 0.021551433389544832 23-017156
0 0.2254114671163616 0.24847048903878532 0.035483090501950885 0.03232715008431696 23-008684
0 0.5126863406408051 0.20774536256323828 0.04421883259384023 0.04322091062394603 23-005160
0 0.8530700119111227 0.19899999999999984 0.32324597379553016 0.4156998313659361 23-000420
0 0.4496863406408169 0.12905902192242902 0.026644681178339673 0.024114671163574967 23-010487
0 0.7031956155143374 0.11299999999999966 0.044785740704017515 0.03876897133220912 23-005406
0 0.054000000000002046 0.08799999999999919 0.09240602195892239 0.08532883642495769 23-002644
0 0.1709409780775594 0.0730000000000004 0.05083276054591023 0.04396290050590208 23-004694
