0 0.972372681281613 0.12400000000000054 0.03042406857952251 0.028381112984822956 23-008467
0 0.8030590219224302 0.2569224283305222 0.08625633488530783 0.08047217537942669 23-002604
0 0.45574536256325004 0.28309780775716664 0.023999109997511366 0.023608768971332208 23-013707
0 0.6289021922428235 0.46368634064080916 0.025685450638321002 0.022849915682968073 23-013514
0 0.49243170320405616 0.5503136593591902 0.03647108842141517 0.03038785834738614 23-006682
0 0.679059021922435 0.6258043844856668 0.02173147755680173 0.019477234401349186 23-014971
0 0.7173726812816175 0.6311770657672846 0.02003075322626948 0.019477234401349186 23-016046
0 0.12842591022720617 0.657 0.2825370024998539 0.33018549747048914 23-000572
0 0.976526207947829 0.734 0.051642342514776236 0.09089376053962916 23-002543
0 0.8957453625632478 0.7449612141652614 0.03682025978208774 0.03603709949409801 23-007466
