0 0.041667284285143415 0.15684317032040532 0.09166802542731552 0.10649241146711637 23-002214
0 0.8897232938140478 0.21899999999999942 0.2426087536090947 0.22166947723440134 23-000973
0 0.14915682967960095 0.24652951096121395 0.09196856705625081 0.09325463743676224 23-002314
0 0.8387841483979657 0.26837268128161945 0.02341781819761127 0.021922428330522766 23-015313
0 0.4959409780775764 0.2902158516020232 0.022647557027651696 0.02023608768971332 23-017295
0 0.13100000000000023 0.3000000000000007 0.05423420920697492 0.05231028667790891 23-004164
0 0.8799409780775626 0.35100000000000087 0.030613037949581652 0.026897133220910606 23-008719
0 0.26025463743675814 0.6343136593591898 0.03304087238090487 0.02952782462057334 23-009090
0 0.8926273187183676 0.6776863406408097 0.08805972644756198 0.07698145025295106 23-002845
0 0.6389409780775771 0.7869021922428336 0.02267632440709769 0.022310286677908967 23-016357
0 0.23225463743676655 0.8433726812816187 0.023432201887334077 0.025446880269814558 23-012505
0 0.5089999999999861 0.8570059021922429 0.44766843767011705 0.31458701517706567 23-000412
