0 0.7101177943180815 0.9876017706576731 0.026644681178339482 0.0224210792580105 23-010266
0 0.6194114671163671 0.8833136593591904 0.02474060378802533 0.022478920741989903 23-014260
0 0.7212546374367709 0.8613136593591901 0.05574596416744798 0.051011804384485666 23-004180
0 0.2646273187183818 0.804372681281619 0.030235099209463268 0.028195615514333895 23-008606
0 0.8679999999999949 0.5790000000000006 0.21183466383630276 0.1973693086003374 23-001150
0 0.6229999999999905 0.5239999999999991 0.025888803698102904 0.021888701517706607 23-011583
0 0.686000000000007 0.48799999999999955 0.1451284762054239 0.14172006745362575 23-001669
0 0.254568296795958 0.4886863406408095 0.037547369882878524 0.03268128161888701 23-008228
0 0.5555682967959457 0.42062731871838055 0.027182821909071155 0.02863406408094438 23-012602
0 0.7852546374367638 0.11700000000000088 0.03836078212200671 0.03376053962900503 23-006445
