0 0.2472546374367529 0.9126273187183814 0.06991866692188403 0.06548060708263068 23-003385
0 0.43131365935918325 0.799627318718382 0.026615913798893866 0.024890387858347417 23-012852
0 0.7338819561551432 0.7843136593591902 0.033607780491082345 0.03231028667790896 23-008424
0 0.05125463743675495 0.7703136593591908 0.06802897322129255 0.06418212478920743 23-003440
0 0.20162731871839362 0.7296273187183817 0.048187189365082234 0.04303541315345706 23-004915
0 0.8642546374367716 0.6706273187183807 0.10053170487146569 0.09033726812816198 23-002485
0 0.03947379205217636 0.6669999999999998 0.08684234251478799 0.08903878583473863 23-002570
0 0.7779409780775588 0.6115682967959519 0.031179946059759135 0.03082630691399658 23-008471
0 0.6515682967959493 0.6007841483979768 0.024915189468361618 0.02286677908937606 23-016637
0 0.5544114671163693 0.6010000000000009 0.02152812449701973 0.021736930860033706 23-016989
0 0.5977251264755473 0.5065295109612138 0.026630297488616672 0.027133220910624 23-011794
0 0.8715682967959483 0.4682546374367619 0.21542508186742623 0.19273187183811144 23-001154
0 0.9512546374367606 0.3587841483979759 0.03225622752122249 0.03087689713322101 23-011635
0 0.0842546374367704 0.3076863406408086 0.027938699389307854 0.027892074198988134 23-012507
0 0.03894097807758281 0.28415682967959544 0.029261484979721888 0.027689713322090994 23-011316
0 0.6199409780775716 0.17562731871838133 0.13662485455276246 0.12224283305227658 23-001868
0 0.1717841483979641 0.12984317032040427 0.05270807055677887 0.050876897133221036 23-004598
0 0.29156829679596413 0.09247048903878652 0.03568644356173289 0.03510961214165251 23-007813
0 0.8110978077571742 0.05931365935919053 0.03151473373070871 0.02826306913996626 23-011640
