0 0.43437268128163053 0.13062731871838146 0.06349370833987304 0.05824620573355817 23-003699
0 0.9286863406408019 0.23862731871838197 0.034959333460941995 0.030050590219224273 23-007444
0 0.11637268128161848 0.28162731871838126 0.020030753226269578 0.01854974704890388 23-016839
0 0.8696863406408044 0.36800000000000027 0.14361672124495095 0.12780775716694762 23-001785
0 0.6666863406408015 0.40337268128161924 0.02173147755680173 0.02021922428330524 23-014335
0 0.7246863406408226 0.4226863406408088 0.02286529377715669 0.01947723440134914 23-013913
0 0.1699999999999875 0.44800000000000034 0.06954072818176585 0.06306913996627315 23-003449
0 0.25368634064081896 0.45268634064081 0.03911665960224329 0.02949409780775718 23-006887
0 0.13599999999999568 0.5229999999999997 0.02173147755680173 0.019291736930860125 23-014967
0 0.3523726812816085 0.6806273187183803 0.024754987477748135 0.022816188870151726 23-011618
0 0.10800000000000398 0.7249999999999996 0.08276858408590594 0.07623946037099481 23-002943
0 0.5420000000000016 0.7633136593591912 0.038738720862124904 0.035615514333895454 23-006200
0 0.7303726812816227 0.7933726812816181 0.08125682912543279 0.07382799325463758 23-003028
0 0.4816863406407993 0.7926273187183804 0.030613037949581652 0.026340640809443514 23-009012
0 0.5750590219224215 0.798 0.026077773068162145 0.02337268128161891 23-011021
0 0.09200000000001296 0.8049999999999997 0.06273783085963645 0.05843170320404737 23-003728
0 0.554000000000002 0.8450000000000006 0.01984178385621029 0.01873524451939294 23-016781
0 0.1350590219224238 0.9533136593591907 0.024348281358184138 0.022107925801011636 23-015998
0 0.3930000000000007 0.9626863406408097 0.021164569446624346 0.022293423271500887 23-015684
