0 0.056000000000011596 0.186215851602024 0.05706874975786209 0.054991568296795974 23-004310
0 0.018092682264518135 0.24937268128161935 0.03980390098193991 0.048482293423271504 23-005239
0 0.44662731871836975 0.2585295109612144 0.026804883168952964 0.026762225969645875 23-012807
0 0.26747048903879606 0.26268634064080865 0.02606338937843929 0.024333895446880187 23-012795
0 0.6607841483979684 0.2995295109612148 0.055920549847784266 0.05143338954468803 23-004424
0 0.16747048903877332 0.32537268128161806 0.030598654259858797 0.03141652613827992 23-009826
0 0.8249999999999886 0.35599999999999987 0.08220167597572836 0.07067453625632382 23-003065
0 0.4324704890387881 0.3727453625632374 0.025278744518757 0.021736930860033706 23-016679
0 0.777097807757154 0.4135885328836431 0.027575144338912345 0.02843170320404724 23-010942
0 0.2196273187183943 0.5090000000000003 0.294981186662327 0.27156829679595273 23-000782
0 0.6914114671163698 0.5930590219224275 0.035294121131891794 0.031197301854974706 23-008700
0 0.4840000000000089 0.7829999999999995 0.18008780966636612 0.1574873524451941 23-001403
0 0.3189409780775839 0.8139409780775725 0.02774973001924873 0.024148397976391123 23-012728
0 0.8340000000000032 0.8825885328836425 0.02472622009830252 0.023423271500842956 23-016280
0 0.3057841483979787 0.8763136593591907 0.02530751189820271 0.022107925801011636 23-014049
0 0.789999999999992 0.9049485666104555 0.4089297168079918 0.20911315345699774 23-000486
