0 0.6802730361347974 0.9888033726812818 0.03911665960224329 0.022393254637436282 23-006145
0 0.22462731871838976 0.7846273187183814 0.03136891542981823 0.028381112984822956 23-008356
0 0.3702546374367718 0.7609999999999992 0.031179946059759038 0.026897133220910606 23-008680
0 0.7425682967959575 0.7383726812816183 0.020786630706506153 0.018735244519392843 23-015834
0 0.5559409780775788 0.6562546374367625 0.0483761587351415 0.051112984822934235 23-005002
0 0.9890869677176405 0.4620590219224291 0.021826064564718858 0.019477234401349186 23-015564
0 0.2102546374367752 0.3454704890387865 0.02324323251727491 0.024350758853288457 23-013825
0 0.5295682967959637 0.20500000000000007 0.02343220188733427 0.01966273187183825 23-013702
0 0.8979999999999961 0.11599999999999966 0.19369360431062452 0.17418212478920744 23-001275
0 0.5080000000000098 0.022858347386171873 0.06349370833987304 0.05028836424957788 23-003745
