0 0.4060000000000059 0.11400000000000077 0.05196657676626529 0.04099494097807758 23-004853
0 0.23400000000000887 0.15600000000000058 0.04421883259384004 0.038397976391231 23-005484
0 0.18899999999999295 0.234 0.16024602581015585 0.15322091062394605 23-001515
0 0.056059021922415964 0.2903726812816197 0.03930562897230239 0.032091062394603666 23-006551
0 0.9193726812816156 0.3210590219224291 0.047809250624963925 0.04451939291736927 23-004870
0 0.9577453625632312 0.32068634064081025 0.04232913889324869 0.04062394603709945 23-005465
0 0.11674536256325141 0.38037268128161955 0.03738716789226504 0.03661045531197298 23-007571
0 0.8929021922428335 0.42399999999999954 0.039102275912520336 0.03824620573355814 23-006433
0 0.14711804384485716 0.4603136593591903 0.029101282989108402 0.02671163575042164 23-009202
0 0.9711180438448694 0.48874536256323703 0.05593493353750722 0.05438448566610455 23-004179
0 0.15637268128161053 0.5436863406408092 0.04421883259384004 0.03969645868465424 23-005469
0 0.13268634064080964 0.5796863406408088 0.031179946059759135 0.01966273187183825 23-010712
0 0.0886863406407985 0.605059021922428 0.06028122904886763 0.05639123102866788 23-003863
0 0.1359021922428285 0.6093726812816188 0.02981400940017656 0.029190556492411566 23-011861
0 0.1315295109612049 0.6400590219224281 0.02152812449701973 0.021551433389544832 23-017156
0 0.7745885328836384 0.7515295109612147 0.035483090501950885 0.03232715008431696 23-008684
0 0.4873136593591949 0.7922546374367617 0.04421883259384023 0.04322091062394603 23-005160
0 0.14692998808887725 0.8010000000000002 0.32324597379553016 0.4156998313659361 23-000420
0 0.5503136593591831 0.870940978077571 0.026644681178339673 0.024114671163574967 23-010487
0 0.2968043844856626 0.8870000000000003 0.044785740704017515 0.03876897133220912 23-005406
0 0.945999999999998 0.9120000000000008 0.09240602195892239 0.08532883642495769 23-002644
0 0.8290590219224406 0.9269999999999996 0.05083276054591023 0.04396290050590208 23-004694
