0 0.6779999999999973 0.9019999999999992 0.03401448661064625 0.031163575042158546 23-007383
0 0.7669999999999959 0.8699409780775716 0.02078663070650606 0.018178752107925803 23-016429
0 0.5076863406408096 0.8543136593591905 0.046864403774668155 0.041551433389544666 23-005073
0 0.3303726812816171 0.7463136593591899 0.05121069928602871 0.0413659359190556 23-004862
0 0.9917757657485189 0.7360000000000007 0.018093315353258532 0.01762225969645876 23-016910
0 0.40543170320403854 0.6713726812816181 0.02626674243822129 0.024485666104553088 23-010508
0 0.8729999999999905 0.5630590219224281 0.12226318242826748 0.10276559865092753 23-002093
0 0.9759999999999991 0.5449999999999999 0.03722696590165175 0.03079258010118042 23-006977
0 0.7050000000000125 0.4582546374367621 0.1396483644737088 0.13096121416526152 23-001789
0 0.9699999999999989 0.20531365935919133 0.024754987477748135 0.01873524451939294 23-013726
0 0.43199999999998795 0.16105902192242894 0.10298830668223452 0.08376053962900508 23-002684
0 0.6210000000000093 0.1379999999999999 0.1713952186436453 0.15470489038785837 23-001437
0 0.820999999999998 0.08200000000000074 0.16137984203051067 0.14691399662731863 23-001544
0 0.9872418582863668 0.05599999999999916 0.028067911769993088 0.02763912310286695 23-008355
0 0.6370000000000005 0.03177908937605367 0.08182373723561026 0.06991399662731805 23-002981
0 0.33600000000001273 0.02200000000000024 0.030613037949581652 0.024671163575041958 23-009414
