0 0.1393726812816145 0.7076273187183815 0.023621171257393363 0.02114671163575036 23-012980
0 0.029686340640801112 0.6626273187183815 0.028723344248989924 0.024114671163574967 23-009995
0 0.4195295109612158 0.6574114671163567 0.04795506892585431 0.04401349072512652 23-005523
0 0.5279999999999916 0.43362731871838045 0.0226763244070975 0.020590219224283175 23-013567
0 0.30937268128163053 0.42762731871838033 0.08390240030626081 0.08198988195615516 23-002827
0 0.14068634064081942 0.3683136593591897 0.1713952186436454 0.14394603709949413 23-001508
0 0.12405902192242813 0.3670000000000009 0.02853437487893102 0.02114671163575036 23-010736
0 0.394745362563243 0.24731365935919114 0.02569983432804381 0.024485666104553282 23-010721
0 0.06374536256322572 0.2326863406408094 0.035308504821614406 0.02952782462057334 23-008528
0 0.40590219224283874 0.2126863406408097 0.028331021819148924 0.027672849915683105 23-010416
0 0.7180590219224222 0.20500000000000007 0.024754987477748135 0.020590219224283175 23-012463
0 0.6936863406408167 0.15762731871838065 0.02362117125739327 0.021703204047217546 23-012698
0 0.40100000000001046 0.017129005059022373 0.06991866692188385 0.03768381112984917 23-003406
