0 0.7922546374367688 0.889683811129848 0.3097946973792165 0.24269561551433466 23-000771
0 0.47268634064081305 0.7206273187183814 0.05234451550638329 0.04822934232715012 23-004427
0 0.3759021922428376 0.5953726812816194 0.0515742543364241 0.05086003372681291 23-004574
0 0.7520590219224424 0.4130590219224278 0.06025246166942183 0.05698145025295104 23-004056
0 0.968493146626014 0.2893507588532883 0.06301370674797183 0.13688026981450246 23-002491
0 0.8170000000000073 0.26500000000000057 0.040628414562716396 0.0348735244519394 23-006140
0 0.7789999999999964 0.20700000000000074 0.07653259487395411 0.050640809443507545 23-003631
0 0.8429999999999893 0.20599999999999952 0.06406061645005051 0.05843170320404737 23-003673
0 0.7849999999999966 0.1379999999999999 0.05442317857703404 0.04303541315345697 23-004603
0 0.35281495012259967 0.06679595278246209 0.020975600076565248 0.018920741989882 23-015708
0 0.8099283332997418 0.04596121416526133 0.048187189365082234 0.04470489038785833 23-004814
