0 0.18762731871838362 0.0666273187183814 0.05310039298662006 0.051011804384485666 23-004283
0 0.7196273187183942 0.11468634064080899 0.03666005779147427 0.033760539629005076 23-006647
0 0.22362731871838498 0.15868634064080947 0.036093149681296885 0.033018549747048875 23-006832
0 0.8466273187183755 0.19868634064080862 0.046675434404609153 0.042107925801011775 23-005063
0 0.19668634064080262 0.2836863406408095 0.020219722596328673 0.017807757166947727 23-017600
0 0.10994097807758077 0.3163726812816195 0.02210941629692008 0.020404721753794305 23-013924
0 0.3060000000000116 0.31656829679595205 0.17970987092624785 0.15080944350758854 23-001474
0 0.9513136593591934 0.34568634064080883 0.02494395684780723 0.023187183811129847 23-011655
0 0.13300000000000978 0.3620000000000001 0.28005260642765445 0.24689713322091056 23-000852
0 0.8553136593591898 0.39199999999999946 0.10922429589418632 0.09571669477234404 23-002320
0 0.46799999999998926 0.4380000000000006 0.08522518589667487 0.08291736930860027 23-002780
0 0.6380000000000052 0.4779999999999997 0.04251810826330798 0.0398819561551433 23-005515
0 0.7036273187183747 0.4890000000000007 0.03174685416993661 0.030050590219224366 23-007928
0 0.8679999999999949 0.6349999999999998 0.17630842226518334 0.1693591905564925 23-001353
0 0.9522546374367655 0.6809999999999992 0.03666005779147427 0.03301854974704897 23-006702
0 0.052254637436759725 0.6919409780775708 0.02437704873762982 0.021888701517706607 23-012178
0 0.8896273187183819 0.7726863406408102 0.024754987477748326 0.01984822934232731 23-012930
0 0.15562731871837293 0.7720000000000002 0.04762028125490483 0.04526138279932552 23-004820
0 0.9483136593591793 0.8494317032040465 0.023621171257393363 0.020404721753794115 23-013241
0 0.10099999999999909 0.8879999999999999 0.061037106529104164 0.053237774030354026 23-003949
0 0.9660000000000082 0.901059021922429 0.021731477556801635 0.018920741989882 23-015256
0 0.943000000000012 0.9280000000000009 0.11980658061749849 0.10795952782462054 23-002131
