0 0.7119999999999891 0.0382158516020243 0.0226763244070975 0.029021922428330526 23-013668
0 0.8243726812816168 0.13662731871838169 0.08144579849549188 0.0740134907251265 23-003008
0 0.41021585160202956 0.19996121416526141 0.022661940717374693 0.02435075885328836 23-015476
0 0.9236863406408065 0.40000000000000036 0.031557884799877374 0.029123102866779153 23-008125
0 0.28321585160202 0.4239021922428323 0.03456701103110102 0.03269814502529508 23-008251
0 0.09990219224282726 0.4312748735244525 0.022284001977256118 0.023608768971332163 23-016348
0 0.7450590219224374 0.4599021922428337 0.023970342618065847 0.023237774030354087 23-016588
0 0.6510590219224149 0.5958043844856658 0.04154449403356641 0.04032040472175374 23-006466
0 0.644745362563243 0.7494317032040468 0.11451543825584236 0.10925801011804379 23-002136
0 0.5295885328836338 0.819686340640809 0.034349274281595926 0.03082630691399658 23-008956
