0 0.1393726812816145 0.2923726812816186 0.023621171257393363 0.02114671163575036 23-012980
0 0.029686340640801112 0.3373726812816185 0.028723344248989924 0.024114671163574967 23-009995
0 0.4195295109612158 0.3425885328836434 0.04795506892585431 0.04401349072512652 23-005523
0 0.5279999999999916 0.5663726812816195 0.0226763244070975 0.020590219224283175 23-013567
0 0.30937268128163053 0.5723726812816197 0.08390240030626081 0.08198988195615516 23-002827
0 0.14068634064081942 0.6316863406408103 0.1713952186436454 0.14394603709949413 23-001508
0 0.12405902192242813 0.6329999999999991 0.02853437487893102 0.02114671163575036 23-010736
0 0.394745362563243 0.7526863406408089 0.02569983432804381 0.024485666104553282 23-010721
0 0.06374536256322572 0.7673136593591906 0.035308504821614406 0.02952782462057334 23-008528
0 0.40590219224283874 0.7873136593591903 0.028331021819148924 0.027672849915683105 23-010416
0 0.7180590219224222 0.7949999999999999 0.024754987477748135 0.020590219224283175 23-012463
0 0.6936863406408167 0.8423726812816194 0.02362117125739327 0.021703204047217546 23-012698
0 0.40100000000001046 0.9828709949409776 0.06991866692188385 0.03768381112984917 23-003406
