0 0.17131365935919238 0.0649999999999995 0.0357152109411786 0.034688026981450244 23-006665
0 0.7466273187183811 0.0713726812816185 0.05083276054591033 0.044148397976391245 23-004770
0 0.33600000000001273 0.12398482293423282 0.5117290541201673 0.27276661045531225 23-000334
0 0.5929999999999893 0.20656829679595265 0.12226318242826752 0.10165261382799327 23-002123
0 0.08131365935918897 0.21899999999999942 0.03363654787052801 0.024300168634064125 23-008789
0 0.6533136593591916 0.24200000000000085 0.05234451550638329 0.048971332209106176 23-004394
0 0.6689409780775782 0.42900000000000027 0.02192044692686092 0.01984822934232712 23-014566
0 0.8663136593591855 0.49200000000000094 0.035904180311237786 0.03320404721753784 23-006825
0 0.6995682967959511 0.6750000000000007 0.02551086495798471 0.02563237774030362 23-011471
0 0.9670442881917168 0.7769999999999992 0.07250256597822283 0.1075885328836426 23-002133
0 0.35994097807758074 0.9296863406408103 0.024566018107689037 0.024890387858347372 23-012293
