0 0.32200000000000273 0.09800000000000075 0.03401448661064625 0.031163575042158546 23-007383
0 0.2330000000000041 0.13005902192242833 0.02078663070650606 0.018178752107925803 23-016429
0 0.49231365935919036 0.14568634064080957 0.046864403774668155 0.041551433389544666 23-005073
0 0.6696273187183829 0.25368634064081014 0.05121069928602871 0.0413659359190556 23-004862
0 0.008224234251481152 0.26399999999999935 0.018093315353258532 0.01762225969645876 23-016910
0 0.5945682967959615 0.32862731871838186 0.02626674243822129 0.024485666104553088 23-010508
0 0.12700000000000955 0.4369409780775719 0.12226318242826748 0.10276559865092753 23-002093
0 0.02400000000000091 0.45500000000000007 0.03722696590165175 0.03079258010118042 23-006977
0 0.2949999999999875 0.5417453625632379 0.1396483644737088 0.13096121416526152 23-001789
0 0.030000000000001137 0.7946863406408087 0.024754987477748135 0.01873524451939294 23-013726
0 0.568000000000012 0.8389409780775711 0.10298830668223452 0.08376053962900508 23-002684
0 0.3789999999999907 0.8620000000000001 0.1713952186436453 0.15470489038785837 23-001437
0 0.17900000000000205 0.9179999999999993 0.16137984203051067 0.14691399662731863 23-001544
0 0.012758141713633219 0.9440000000000008 0.028067911769993088 0.02763912310286695 23-008355
0 0.36299999999999955 0.9682209106239463 0.08182373723561026 0.06991399662731805 23-002981
0 0.6639999999999873 0.9779999999999998 0.030613037949581652 0.024671163575041958 23-009414
