0 0.8669769014569957 0.141 0.29265081679460947 0.30180438448566616 23-000697
0 0.22399999999998954 0.17268634064080882 0.024377048737629844 0.023962900505902204 23-012611
0 0.35599999999999454 0.19400000000000084 0.02815643613881273 0.023929173693086 23-010109
0 0.5222546374367586 0.3509021922428337 0.04756274649601331 0.04419898819561548 23-005690
0 0.919313659359183 0.4269999999999996 0.058958443458453386 0.056205733558178726 23-003905
0 0.770784148397982 0.5030000000000001 0.018344412585460133 0.018178752107925945 23-017020
0 0.16399999999998727 0.5519999999999996 0.34127868232681763 0.2632209106239461 23-000724
0 0.2079999999999984 0.7059999999999995 0.08541415526673399 0.07994940978077586 23-002839
0 0.5716273187183697 0.7313136593591911 0.026455711808280383 0.023035413153457137 23-012128
0 0.0203720696657081 0.7449999999999992 0.044818553264557824 0.057875210792580185 23-003782
