0 0.972372681281613 0.8759999999999994 0.03042406857952251 0.028381112984822956 23-008467
0 0.8030590219224302 0.7430775716694777 0.08625633488530783 0.08047217537942669 23-002604
0 0.45574536256325004 0.7169021922428334 0.023999109997511366 0.023608768971332208 23-013707
0 0.6289021922428235 0.5363136593591908 0.025685450638321002 0.022849915682968073 23-013514
0 0.49243170320405616 0.4496863406408098 0.03647108842141517 0.03038785834738614 23-006682
0 0.679059021922435 0.3741956155143332 0.02173147755680173 0.019477234401349186 23-014971
0 0.7173726812816175 0.3688229342327154 0.02003075322626948 0.019477234401349186 23-016046
0 0.12842591022720617 0.34299999999999997 0.2825370024998539 0.33018549747048914 23-000572
0 0.976526207947829 0.266 0.051642342514776236 0.09089376053962916 23-002543
0 0.8957453625632478 0.2550387858347386 0.03682025978208774 0.03603709949409801 23-007466
