0 0.44690219224283556 0.08152951096121479 0.03324422544068696 0.031956155143338986 23-008622
0 0.9420590219224402 0.13237268128161844 0.022298385666979236 0.020994940978077553 23-015496
0 0.46305902192242665 0.15568634064080936 0.0319070561605499 0.03026981450252954 23-009267
0 0.106212512914307 0.3149999999999995 0.23366752841147548 0.25598650927487354 23-000868
0 0.4070000000000107 0.4390000000000001 0.025321895587925424 0.021888701517706607 23-011823
0 0.1699999999999875 0.49399999999999983 0.3080200731964079 0.2643338954468803 23-000753
0 0.7356863406408183 0.528059021922428 0.04818718936508221 0.04043844856661048 23-005179
0 0.04062392891488176 0.5433305227655987 0.08124785782976349 0.07354131534569985 23-003338
0 0.972372681281613 0.5606273187183812 0.023621171257393245 0.026779089376053954 23-013630
0 0.7340000000000089 0.5649999999999995 0.05480111731715231 0.049713322091062426 23-004264
0 0.4749999999999943 0.6999999999999993 0.06765103448117431 0.06251264755480615 23-003485
0 0.27211804384485716 0.791627318718381 0.030235099209463462 0.028381112984823004 23-008502
0 0.6587453625632246 0.9635682967959524 0.04267831025392127 0.046846543001686294 23-006046
