0 0.5049999999999955 0.0984064080944352 0.297815727213214 0.2164940978077575 23-000761
0 0.1466273187183868 0.19605902192242905 0.03212479291005481 0.027639123102866755 23-008181
0 0.35894097807757597 0.23637268128161942 0.02210941629692002 0.01966273187183806 23-014381
0 0.3796273187183909 0.35599999999999987 0.04969894432555536 0.046374367622259695 23-004653
0 0.18662731871837884 0.36568634064081024 0.025293128208479856 0.022293423271500794 23-015254
0 0.7343136593591806 0.3780000000000001 0.20635455210458742 0.190876897133221 23-001183
0 0.22700000000000387 0.5359999999999996 0.04006150645253896 0.0348735244519394 23-006197
0 0.8515682967959665 0.5419409780775724 0.033825517240587154 0.03153456998313648 23-007371
0 0.7876273187183779 0.5446273187183811 0.04402986322378094 0.03913996627318724 23-005422
0 0.6140000000000043 0.6753726812816195 0.020786630706506153 0.019477234401349186 23-015529
0 0.2652546374367536 0.7076273187183814 0.025321895587925615 0.022816188870151726 23-011385
0 0.06794097807757918 0.7213136593591912 0.12339699864862229 0.11779089376053967 23-002002
0 0.892313659359196 0.7546273187183802 0.036849027161533175 0.033389544688026906 23-006631
0 0.0970978077571756 0.8037841483979762 0.032110409220331954 0.03177065767284997 23-008933
0 0.7149409780775706 0.8086273187183805 0.02853437487893102 0.024856661045531022 23-009689
0 0.5086273187183815 0.8263726812816192 0.1328454671515796 0.12335581787521066 23-001889
0 0.19999999999998863 0.949 0.04138429204295292 0.03876897133220912 23-005686
