0 0.7922546374367688 0.11031618887015208 0.3097946973792165 0.24269561551433466 23-000771
0 0.47268634064081305 0.2793726812816187 0.05234451550638329 0.04822934232715012 23-004427
0 0.3759021922428376 0.4046273187183806 0.0515742543364241 0.05086003372681291 23-004574
0 0.7520590219224424 0.5869409780775722 0.06025246166942183 0.05698145025295104 23-004056
0 0.968493146626014 0.7106492411467117 0.06301370674797183 0.13688026981450246 23-002491
0 0.8170000000000073 0.7349999999999994 0.040628414562716396 0.0348735244519394 23-006140
0 0.7789999999999964 0.7929999999999993 0.07653259487395411 0.050640809443507545 23-003631
0 0.8429999999999893 0.7940000000000005 0.06406061645005051 0.05843170320404737 23-003673
0 0.7849999999999966 0.8620000000000001 0.05442317857703404 0.04303541315345697 23-004603
0 0.35281495012259967 0.9332040472175379 0.020975600076565248 0.018920741989882 23-015708
0 0.8099283332997418 0.9540387858347387 0.048187189365082234 0.04470489038785833 23-004814
