0 0.6518819561551495 0.05131365935919138 0.023781373248006655 0.02266441821247893 23-015814
0 0.8786273187183862 0.11274536256323767 0.03666005779147427 0.03209106239460372 23-006609
0 0.8843136593591862 0.1343136593591898 0.04025047582259806 0.034317032040472165 23-005950
0 0.6562546374367731 0.19262731871838085 0.027400558658576248 0.023558178752107924 23-010486
0 0.3646273187183761 0.3407453625632374 0.030235099209463268 0.02782462057335582 23-008674
0 0.15594097807757304 0.3540590219224285 0.025321895587925566 0.024300168634064027 23-010864
0 0.7199409780775661 0.3673136593591903 0.040439445192657346 0.03524451939291733 23-006128
0 0.04331365935917805 0.3776863406408089 0.0493210055854371 0.042849915682968004 23-004849
0 0.17228556305213108 0.42200000000000065 0.3818950178040645 0.7597976391231029 23-000131
0 0.8666273187183856 0.4366863406408099 0.020030753226269578 0.019291736930860077 23-016212
0 0.6193136593591998 0.46905902192242876 0.0614150452692226 0.05397976391231027 23-003900
0 0.5116273187183674 0.4930590219224279 0.028912313619049404 0.024671163575042152 23-009675
0 0.8696273187183716 0.5633726812816193 0.019652814486151096 0.018178752107925945 23-017355
0 0.9649409780775706 0.8200000000000003 0.025699834328044 0.023001686340640787 23-011214
0 0.11899999999999977 0.9909999999999997 0.020597661336446912 0.019106239460370874 23-015787
