0 0.3275875392197036 0.012057335581787525 0.029479221729226786 0.02411467116357505 23-009567
0 0.5509999999999877 0.1460000000000008 0.14116011943418214 0.13392917369308607 23-001762
0 0.546999999999997 0.18937268128161885 0.02267632440709769 0.021888701517706558 23-013043
0 0.8273136593591983 0.2173726812816193 0.025888803698102904 0.024300168634064125 23-010714
0 0.5409999999999968 0.42462731871838194 0.032124792910054614 0.030236087689713382 23-007868
0 0.5246273187183728 0.5026863406408089 0.05121069928602871 0.04563237774030364 23-004597
0 0.4089409780775589 0.6076273187183817 0.07898919668472296 0.0747554806070827 23-003044
0 0.4840000000000089 0.6359999999999992 0.022298385666979306 0.01854974704890388 23-015383
0 0.6330000000000098 0.7081568296795949 0.02154250818674273 0.02023608768971332 23-015605
0 0.7293136593591851 0.730745362563238 0.020219722596328673 0.019106239460371065 23-016171
0 0.44278414839797914 0.7586273187183815 0.03626773536163313 0.03527824620573349 23-007125
0 0.8296273187183795 0.8346863406408096 0.04006150645253896 0.038212478920741935 23-005847
0 0.2126273187183893 0.853313659359191 0.038463449353728585 0.03345699831365941 23-009362
0 0.6089409780775761 0.8646273187183814 0.030613037949581652 0.028566610455312065 23-008423
0 0.8322546374367609 0.8879999999999999 0.023054263147215884 0.020404721753794115 23-013397
0 0.9677841483979848 0.8989999999999991 0.026223591369052484 0.022664418212479012 23-015310
0 0.5196273187183773 0.931940978077571 0.024754987477748135 0.023187183811129847 23-011572
