0 0.9383136593591884 0.04084317032040387 0.02347215064245541 0.023271500843170315 17-004567
0 0.4826273187183853 0.15037268128161912 0.031654961343761535 0.02951096121416526 17-003393
0 0.5853726812816126 0.31184317032040465 0.03726091699880668 0.03271500843170316 17-002813
0 0.117999999999995 0.3249999999999993 0.0369173363259719 0.03575042158516018 17-002818
0 0.10999999999999943 0.35352951096121504 0.026157670578404565 0.02546374367622254 17-004984
0 0.03031365935918703 0.44368634064080964 0.028797651071394894 0.029173693086003344 17-002870
0 0.07531365935918874 0.47052951096121415 0.05278517272310243 0.05463743676222593 17-000993
0 0.12284317032040461 0.48574536256323697 0.05361256168182486 0.056323777403035374 17-001019
0 0.1681568296795922 0.5060000000000002 0.06196716271954848 0.05767284991568304 17-000919
0 0.37547048903878594 0.6255295109612136 0.03666844382323096 0.038111298482293464 17-001864
0 0.17347048903878776 0.6307453625632383 0.049598258497495336 0.05430016863406416 17-001903
0 0.43578414839797414 0.7022158516020239 0.050927041745875604 0.054131534569983174 17-001009
0 0.1530000000000058 0.7342158516020241 0.03165496134376158 0.033220910623946116 17-003134
0 0.5803726812816171 0.9283136593591902 0.04992786245073579 0.049578414839797795 17-000986
