0 0.813999999999993 0.9476273187183816 0.03647108842141522 0.033760539629005056 23-006667
0 0.09205902192241744 0.9466863406408097 0.02192044692686092 0.02021922428330522 23-014305
0 0.3720000000000141 0.9199999999999999 0.02551086495798471 0.025042158516020225 23-010584
0 0.41768634064080623 0.8893136593591906 0.02853437487893102 0.0254131534569983 23-009607
0 0.9780420351660902 0.875 0.048307522634601474 0.055092748735244536 23-003877
0 0.7700000000000102 0.8740000000000006 0.06954072818176575 0.05991568296795953 23-003505
0 0.31399999999999295 0.7929999999999993 0.034014486610646155 0.03023608768971331 23-007542
0 0.7789999999999964 0.7569999999999997 0.07199732999253466 0.06269814502529512 23-003379
0 0.5740000000000123 0.6300000000000008 0.1262315391995095 0.11927487352445187 23-001976
0 0.07149640636674981 0.5950000000000006 0.15729209400684993 0.15414839797639124 23-001453
0 0.1419999999999958 0.5719999999999992 0.036093149681296885 0.03357504215851611 23-006732
0 0.14699999999999125 0.5299999999999994 0.037226965901651844 0.03301854974704897 23-006659
0 0.17300000000000182 0.5269999999999992 0.024566018107688846 0.01966273187183825 23-013200
0 0.44905902192241665 0.5196273187183809 0.023621171257393363 0.02021922428330524 23-013205
0 0.33899999999999864 0.5129999999999999 0.06651721826081934 0.06047217537942667 23-003553
0 0.8500590219224272 0.3629409780775721 0.038738720862124904 0.035986509274873575 23-006171
0 0.8907453625632239 0.29668634064080934 0.02078663070650606 0.019106239460371065 23-015756
0 0.3453726812816318 0.29062731871838154 0.032313762280114094 0.030050590219224366 23-007851
0 0.8359144769825688 0.24600000000000044 0.3609881506383487 0.5275548060708265 23-000272
0 0.19499999999999318 0.22000000000000064 0.020786630706506153 0.017807757166947824 23-016578
0 0.7253726812816272 0.19268634064081014 0.040439445192657346 0.03876897133220912 23-005747
0 0.7720590219224243 0.18900000000000006 0.03439242535076454 0.030792580101180616 23-007319
0 0.5253136593591774 0.09962731871838082 0.02210941629692002 0.018920741989882 23-015013
0 0.2949999999999875 0.09500000000000064 0.02210941629692021 0.018364249578414624 23-015413
0 0.8120000000000118 0.07699999999999996 0.033825517240587154 0.02930860033726793 23-007736
0 0.1810000000000116 0.06399999999999995 0.023054263147215884 0.021332209106239612 23-013131
0 0.031313659359177626 0.05599999999999916 0.019652814486151 0.019106239460370874 23-016640
0 0.27337268128162906 0.034686340640809 0.023243232517274788 0.02003372681281637 23-013647
