0 0.6802730361347974 0.011196627318718141 0.03911665960224329 0.022393254637436282 23-006145
0 0.22462731871838976 0.21537268128161863 0.03136891542981823 0.028381112984822956 23-008356
0 0.3702546374367718 0.23900000000000077 0.031179946059759038 0.026897133220910606 23-008680
0 0.7425682967959575 0.2616273187183817 0.020786630706506153 0.018735244519392843 23-015834
0 0.5559409780775788 0.3437453625632375 0.0483761587351415 0.051112984822934235 23-005002
0 0.9890869677176405 0.5379409780775709 0.021826064564718858 0.019477234401349186 23-015564
0 0.2102546374367752 0.6545295109612135 0.02324323251727491 0.024350758853288457 23-013825
0 0.5295682967959637 0.7949999999999999 0.02343220188733427 0.01966273187183825 23-013702
0 0.8979999999999961 0.8840000000000003 0.19369360431062452 0.17418212478920744 23-001275
0 0.5080000000000098 0.9771416526138281 0.06349370833987304 0.05028836424957788 23-003745
