0 0.21999999999999886 0.016606239460371278 0.04950997495549627 0.036533726812816816 23-005055
0 0.3596863406408135 0.13937268128161812 0.020786630706506153 0.019291736930860028 23-015701
0 0.5206863406408149 0.16637268128161914 0.022487355037038404 0.02003372681281623 23-013885
0 0.19499999999999307 0.2367268128161883 0.30802007319640795 0.26693086003372685 23-000774
0 0.5710590219224309 0.2801568296795959 0.03077323994019509 0.02898819561551433 23-010448
0 0.7880590219224154 0.3249999999999993 0.07313114621288946 0.06956155143338955 23-003224
0 0.1810000000000116 0.37599999999999945 0.14682920053595636 0.13634064080944355 23-001709
0 0.776745362563248 0.4169999999999998 0.027022619918457863 0.024485666104553088 23-010402
0 0.049431703204043886 0.44652951096121496 0.02642694442883477 0.025463743676222634 23-013618
0 0.7719021922428242 0.4756273187183803 0.03324422544068677 0.029156829679595216 23-008746
0 0.2857841483979684 0.5778431703204048 0.07791489662692146 0.06956155143338955 23-003992
0 0.12568634064080475 0.6123136593591912 0.0353085048216145 0.0297133220910624 23-008703
