0 0.7119999999999891 0.9617841483979757 0.0226763244070975 0.029021922428330526 23-013668
0 0.8243726812816168 0.8633726812816183 0.08144579849549188 0.0740134907251265 23-003008
0 0.41021585160202956 0.8000387858347386 0.022661940717374693 0.02435075885328836 23-015476
0 0.9236863406408065 0.5999999999999996 0.031557884799877374 0.029123102866779153 23-008125
0 0.28321585160202 0.5760978077571677 0.03456701103110102 0.03269814502529508 23-008251
0 0.09990219224282726 0.5687251264755475 0.022284001977256118 0.023608768971332163 23-016348
0 0.7450590219224374 0.5400978077571663 0.023970342618065847 0.023237774030354087 23-016588
0 0.6510590219224149 0.40419561551433425 0.04154449403356641 0.04032040472175374 23-006466
0 0.644745362563243 0.25056829679595316 0.11451543825584236 0.10925801011804379 23-002136
0 0.5295885328836338 0.18031365935919097 0.034349274281595926 0.03082630691399658 23-008956
