0 0.813999999999993 0.05237268128161838 0.03647108842141522 0.033760539629005056 23-006667
0 0.09205902192241744 0.053313659359190274 0.02192044692686092 0.02021922428330522 23-014305
0 0.3720000000000141 0.08000000000000007 0.02551086495798471 0.025042158516020225 23-010584
0 0.41768634064080623 0.11068634064080941 0.02853437487893102 0.0254131534569983 23-009607
0 0.9780420351660902 0.125 0.048307522634601474 0.055092748735244536 23-003877
0 0.7700000000000102 0.12599999999999945 0.06954072818176575 0.05991568296795953 23-003505
0 0.31399999999999295 0.20700000000000074 0.034014486610646155 0.03023608768971331 23-007542
0 0.7789999999999964 0.24300000000000033 0.07199732999253466 0.06269814502529512 23-003379
0 0.5740000000000123 0.3699999999999992 0.1262315391995095 0.11927487352445187 23-001976
0 0.07149640636674981 0.40499999999999936 0.15729209400684993 0.15414839797639124 23-001453
0 0.1419999999999958 0.4280000000000008 0.036093149681296885 0.03357504215851611 23-006732
0 0.14699999999999125 0.47000000000000064 0.037226965901651844 0.03301854974704897 23-006659
0 0.17300000000000182 0.47300000000000075 0.024566018107688846 0.01966273187183825 23-013200
0 0.44905902192241665 0.48037268128161914 0.023621171257393363 0.02021922428330524 23-013205
0 0.33899999999999864 0.4870000000000001 0.06651721826081934 0.06047217537942667 23-003553
0 0.8500590219224272 0.6370590219224279 0.038738720862124904 0.035986509274873575 23-006171
0 0.8907453625632239 0.7033136593591907 0.02078663070650606 0.019106239460371065 23-015756
0 0.3453726812816318 0.7093726812816185 0.032313762280114094 0.030050590219224366 23-007851
0 0.8359144769825688 0.7539999999999996 0.3609881506383487 0.5275548060708265 23-000272
0 0.19499999999999318 0.7799999999999994 0.020786630706506153 0.017807757166947824 23-016578
0 0.7253726812816272 0.8073136593591899 0.040439445192657346 0.03876897133220912 23-005747
0 0.7720590219224243 0.8109999999999999 0.03439242535076454 0.030792580101180616 23-007319
0 0.5253136593591774 0.9003726812816192 0.02210941629692002 0.018920741989882 23-015013
0 0.2949999999999875 0.9049999999999994 0.02210941629692021 0.018364249578414624 23-015413
0 0.8120000000000118 0.923 0.033825517240587154 0.02930860033726793 23-007736
0 0.1810000000000116 0.936 0.023054263147215884 0.021332209106239612 23-013131
0 0.031313659359177626 0.9440000000000008 0.019652814486151 0.019106239460370874 23-016640
0 0.27337268128162906 0.965313659359191 0.023243232517274788 0.02003372681281637 23-013647
