0 0.6767453625632253 0.8900000000000006 0.025321895587925615 0.020775716694772333 23-012083
0 0.6884317032040541 0.8546863406408092 0.020975600076565248 0.01725126475548064 23-017449
0 0.30537268128161144 0.8399999999999999 0.030424068579522557 0.028752107925800983 23-008410
0 0.11437268128160893 0.8209999999999997 0.02437704873762975 0.02281618887015177 23-011833
0 0.3397453625632362 0.782 0.03250273165017319 0.02819561551433387 23-008173
0 0.710000000000008 0.6189999999999998 0.09580747061998704 0.086256323777403 23-002578
0 0.2923726812816062 0.4733726812816196 0.025132926217866326 0.023929173693086097 23-011119
0 0.9273726812816254 0.4334704890387857 0.03590418031123774 0.02973018549747029 23-008133
0 0.07937268128161235 0.41652951096121393 0.028912313619049595 0.026543001686340464 23-009540
0 0.6213726812816138 0.33543170320404725 0.02059766133644696 0.01854974704890388 23-016249
0 0.05105902192242073 0.3089999999999993 0.03703799653159284 0.03524451939291752 23-006443
0 0.6210590219224422 0.0259999999999998 0.0291012829891085 0.024856661045531213 23-009831
0 0.7917453625632344 0.0129999999999999 0.026455711808280408 0.023743676222596842 23-010767
