0 0.6235295109612236 0.10037268128161841 0.03494494977121912 0.03438448566610455 23-007990
0 0.40937268128162485 0.4930590219224279 0.06009225967880854 0.05509274873524445 23-003902
0 0.9716916673969322 0.5099999999999998 0.06227833172674907 0.0972006745362563 23-002327
0 0.2820000000000107 0.6300000000000008 0.15041961856708014 0.13782462057335584 23-001663
0 0.9067453625632435 0.6787841483979762 0.061981953379399886 0.06726812816188868 23-003824
0 0.9866863406408231 0.734 0.025888803698103 0.029005059021922505 23-011271
0 0.6550000000000011 0.8300784148397975 0.5648294471067872 0.37382748735244564 23-000277
0 0.7072158516020266 0.8493136593591915 0.021906063237138115 0.022293423271500887 23-016364
0 0.8730590219224234 0.865843170320405 0.02793869938930783 0.027504215851602218 23-011965
0 0.39629005059021927 0.12478920741989882 0.7892074198988196 0.24957841483979765 
0 0.12647554806070826 0.484822934232715 0.03372681281618887 0.0387858347386172 
0 0.19392917369308604 0.8718381112984823 0.026981450252951095 0.023608768971332208 
