0 0.8582546374367713 0.082902192242833 0.02218806653610953 0.020050590219224285 23-015631
0 0.3423136593591846 0.11574536256323775 0.13407660718828554 0.1233558178752108 23-001900
0 0.05294097807756439 0.23443170320404808 0.026508955789356987 0.02433389544688028 23-013192
0 0.6169999999999902 0.2524907251264763 0.03868688524244748 0.0348735244519393 23-006342
0 0.7377841483979666 0.2579999999999991 0.02766723906343342 0.026003372681281646 23-011431
0 0.8323136593591938 0.29468634064080873 0.022567349724761033 0.020775716694772427 23-013669
0 0.3246273187183841 0.3637453625632371 0.020860575375829464 0.01762225969645876 23-016720
0 0.07700582792381 0.4339999999999993 0.169412821432382 0.16453625632377744 23-001406
0 0.37294097807755755 0.6603726812816189 0.08704549179550645 0.08198988195615516 23-002771
0 0.4790978077571806 0.6707453625632375 0.05246942050385883 0.04774030354131545 23-005076
0 0.884940978077558 0.8260000000000005 0.022905765497168093 0.021551433389544832 23-017563
0 0.9672546374367517 0.8654704890387861 0.03007127866530162 0.025092748735244703 23-013637
0 0.7956273187183877 0.9253726812816194 0.1255427354436279 0.1196458684654301 23-001984
