0 0.8720000000000141 0.9559999999999995 0.05840961105232239 0.054721753794266456 23-003977
0 0.568000000000012 0.9369999999999994 0.03034265509211544 0.02782462057335582 23-008629
0 0.8559999999999945 0.9160000000000004 0.03716975248784157 0.03264755480607082 23-006771
0 0.1277453625632471 0.7398819561551433 0.025601615233972475 0.024485666104553088 23-010762
0 0.4984317032040563 0.6616863406408096 0.030153013497789736 0.025598650927487365 23-009054
0 0.8309999999999889 0.5519999999999996 0.0635299340991169 0.05898819561551436 23-003670
0 0.7959999999999923 0.5500000000000007 0.07547735454163736 0.06807757166947724 23-003169
0 0.9753726812816274 0.4686273187183807 0.03508369495025859 0.02930860033726812 23-007579
0 0.76400000000001 0.4399999999999995 0.16991886851584706 0.14895446880269803 23-001494
0 0.11758853288365612 0.21731365935919 0.02633974790315345 0.02600337268128155 23-011773
0 0.24374536256323254 0.20631365935919077 0.028446239148858455 0.02671163575042164 23-009278
0 0.36299999999999955 0.19794097807757105 0.020102008998526554 0.018364249578414815 23-016870
0 0.5529999999999973 0.1980000000000004 0.03451477016728139 0.031349072512647416 23-007253
0 0.621686340640814 0.1772546374367615 0.022377708130435187 0.020219224283305436 23-013960
0 0.740059021922442 0.1482546374367616 0.026739464799926886 0.023929173693086097 23-010543
0 0.6647453625632248 0.07894097807757128 0.02958408871481258 0.02782462057335582 23-008859
