0 0.587156829679589 0.9677841483979759 0.023064120364799934 0.024451939291736932 17-004030
0 0.6553136593591871 0.7674704890387855 0.022509242163578105 0.022596964586846506 17-004976
0 0.34415682967959416 0.7457841483979764 0.020305697174607635 0.021585160202360894 17-005459
0 0.9250978077571644 0.6411568296795948 0.0367055409035187 0.032546374367622276 17-002492
0 0.008309857250787351 0.48499999999999943 0.016619714501574703 0.03541315345699832 17-002432
0 0.055097807757173996 0.46105902192242787 0.026781604545192853 0.027487352445193854 17-003694
0 0.6704704890387877 0.3125295109612146 0.04342919742961233 0.038448566610455426 17-001555
0 0.3099409780775694 0.2931568296795958 0.024922862454996354 0.022596964586846506 17-004403
0 0.3779409780775672 0.28284317032040474 0.02795074083784119 0.02495784148397988 17-003981
0 0.2599409780775722 0.2696863406408102 0.031915974173742714 0.02934232715008428 17-002948
0 0.449470489038784 0.2508431703204047 0.023161174108065494 0.021922428330522766 17-005475
0 0.05631365935919749 0.13915682967959586 0.022412188420312614 0.02327150084317034 17-004122
0 0.17447048903879253 0.1308431703204055 0.06660633935359447 0.06256323777403029 17-000682
0 0.1264704890387907 0.07305902192242786 0.028333217589676045 0.024114671163574967 17-003421
0 0.7521079258010118 0.7681281618887015 0.02023608768971332 0.01854974704890388 
0 0.684654300168634 0.04131534569983142 0.023608768971332208 0.021922428330522766 
