0 0.37474536256323276 0.0649999999999995 0.02579125682829813 0.021703204047217546 23-011662
0 0.0633726812816211 0.1223136593591911 0.03698011089351601 0.03301854974704889 23-006770
0 0.25668634064080487 0.20737268128161954 0.021050216970155022 0.01854974704890388 23-016155
0 0.06499999999999784 0.2663726812816188 0.019533084215549206 0.018364249578414815 23-017404
0 0.6833726812816256 0.28437268128161947 0.08097696077708337 0.07290050590219227 23-003039
0 0.7743726812816054 0.2829999999999995 0.02787731436588113 0.025969645868465487 23-009638
0 0.6680590219224393 0.33200000000000074 0.020860575375829464 0.01725126475548064 23-017380
0 0.7913726812816297 0.47468634064081017 0.02787731436588113 0.02671163575042164 23-009407
0 0.6596863406407965 0.4779999999999997 0.034704411761607094 0.030050590219224366 23-007476
0 0.1757453625632489 0.4890000000000007 0.02825659755453261 0.024485666104553088 23-010058
0 0.6080000000000041 0.5030000000000001 0.02692910639425254 0.024485666104553088 23-010429
0 0.1394317032040474 0.5150590219224281 0.024274124073692314 0.024704890387858308 23-012787
0 0.5949999999999989 0.5779999999999994 0.14564474444215456 0.13485666104553123 23-001731
0 0.28600000000000136 0.5980000000000008 0.132369832839354 0.12558178752107912 23-001884
0 0.5896863406408033 0.7953726812816188 0.02218806653610953 0.020590219224283175 23-013939
0 0.8150590219224306 0.8737841483979766 0.022946632913412344 0.020826306913996857 23-016721
0 0.4336863406407975 0.9406273187183819 0.03204942944104686 0.028752107925800935 23-008058
0 0.972686340640813 0.9800000000000003 0.031859787846721305 0.02782462057335582 23-008234
