0 0.4416273187183743 0.9301568296795945 0.02499182303475126 0.02342327150084317 23-015838
0 0.7233524451939192 0.9276863406408096 0.03923537631730242 0.03713322091062397 23-006606
0 0.4394704890387931 0.8564704890387858 0.028805088629387736 0.02824620573355818 23-010739
0 0.8026273187183928 0.8485682967959521 0.10316502731319271 0.09831365935919056 23-002370
0 0.7969409780775643 0.7558819561551433 0.13938657182940561 0.1250252951096121 23-001834
0 0.41200000000000614 0.6716273187183819 0.02067093378150371 0.020809443507588586 23-017244
0 0.4346273187183693 0.6281568296795947 0.03091157987509274 0.030438448566610474 23-008316
0 0.45462731871837947 0.39521585160202366 0.057000385059554064 0.05347386172006732 23-004510
0 0.21131365935918442 0.38662731871838163 0.023285048685819692 0.020994940978077647 23-017598
0 0.07325463743677472 0.3594114671163584 0.030301787675871453 0.029173693086003486 23-010450
0 0.7017841483979653 0.36468634064080896 0.039573792089709674 0.037537942664418386 23-007436
0 0.8708535948326753 0.2240000000000002 0.28058077602241444 0.4084654300168635 23-000441
0 0.8869409780775677 0.21068634064080904 0.028784654921265515 0.026374367622259674 23-011339
