0 0.3300000000000125 0.15552951096121465 0.025980898422623976 0.029359190556492453 23-010722
0 0.19812035189262311 0.19137521079258024 0.43586477416377095 0.42102546374367655 23-000305
0 0.6759999999999877 0.30799999999999983 0.0553753455431109 0.05156829679595285 23-004171
0 0.19900000000001228 0.4390000000000001 0.2251045724646322 0.19106239460371005 23-001093
0 0.7542158516020236 0.7421568296795956 0.023305482393941816 0.024350758853288457 23-015066
0 0.31800000000001205 0.7883726812816191 0.0235155576963895 0.022512647554806108 23-016763
0 0.4746863406408226 0.7933136593591905 0.03849724364812164 0.035615514333895454 23-006269
0 0.9159021922428296 0.8334704890387861 0.02633974790315333 0.025463743676222443 23-012774
0 0.7653726812816193 0.8592546374367619 0.03565261973323575 0.03264755480607095 23-006935
0 0.2539999999999907 0.9909999999999997 0.020102008998526554 0.019106239460370874 23-016296
