0 0.6425682967959633 0.15678414839797597 0.021429500158806524 0.02509274873524456 23-014660
0 0.9045682967959637 0.19690219224283378 0.027877314365881107 0.029915682967959545 23-010087
0 0.5923136593591847 0.22025463743676255 0.10449251847347288 0.0997976391231029 23-002330
0 0.43231365935918803 0.2300000000000004 0.10373395209617006 0.09831365935919058 23-002360
0 0.9016273187183822 0.5247453625632384 0.05215143843957342 0.049342327150084304 23-004390
0 0.6955682967959606 0.6138043844856663 0.027877314365881107 0.02652613827993258 23-009529
0 0.9362546374367743 0.7061180438448564 0.02579125682829794 0.02207419898819567 23-011799
0 0.10962731871838066 0.7766863406408098 0.045324341043847576 0.03876897133220912 23-005342
0 0.48156829679596186 0.8996863406408091 0.02825659755453261 0.024485666104553088 23-009978
0 0.2965682967959596 0.9530387858347391 0.03356656219565278 0.0336256323777404 23-007826
0 0.489686340640809 0.9922967959527821 0.0359910355056431 0.016947048903879443 23-007890
