0 0.17921585160203501 0.8803136593591903 0.03051186297831921 0.028785834738617226 23-009570
0 0.455059021922417 0.8376273187183805 0.021050216970155022 0.018364249578414864 23-016411
0 0.26300000000000523 0.7933136593591905 0.07642556251326611 0.06919055649241145 23-003181
0 0.2246863406408226 0.7826273187183808 0.027498031177229796 0.025227655986509265 23-010014
0 0.030059021922433926 0.737470489038786 0.02537110622340257 0.026391231028667753 23-013616
0 0.8606863406408183 0.7156863406408098 0.020102008998526554 0.01725126475548064 23-017560
0 0.26599999999999113 0.7040000000000006 0.16631567822365817 0.14913996627318718 23-001526
0 0.8909999999999911 0.6969999999999992 0.05044466409064209 0.04618887015177064 23-004642
0 0.44168634064080714 0.6863136593591912 0.021429500158806524 0.01762225969645876 23-016363
0 0.4269999999999925 0.6820000000000004 0.02901516393183542 0.027453625632377694 23-009030
0 0.09468634064079873 0.6439409780775708 0.025601615233972475 0.027301854974704887 23-010961
0 0.4492158516020168 0.6289409780775721 0.04659053107976141 0.04384485666104553 23-005774
0 0.0886863406407985 0.5559409780775716 0.055754628731762214 0.05212478920741984 23-004145
0 0.3423726812816176 0.554627318718381 0.02446376566801816 0.021888701517706607 23-012130
0 0.42331365935920195 0.5536273187183816 0.020860575375829367 0.01854974704890388 23-016117
0 0.9230000000000018 0.4510000000000005 0.025601615233972475 0.02021922428330524 23-012488
0 0.35468634064081805 0.40894097807757135 0.021808783347457835 0.018364249578414815 23-015883
0 0.2613726812816287 0.22100000000000009 0.05234108003389946 0.04693086003372688 23-004524
0 0.2949999999999875 0.04800000000000004 0.051392872062270605 0.045075885328836454 23-004658
