0 0.7189999999999941 0.9787091062394605 0.08401122628629482 0.046839966273186824 23-002876
0 0.8206273187183933 0.9003136593591898 0.022946632913412535 0.02133220910623946 23-013115
0 0.5403136593591922 0.9000000000000004 0.15323040821518355 0.1446880269814503 23-001614
0 0.5939409780775612 0.7629409780775723 0.03413548697863003 0.030421585160202394 23-007506
0 0.4999409780775671 0.7466273187183812 0.021619141753132374 0.017065767284991575 23-017111
0 0.8842546374367534 0.607843170320404 0.025980898422623785 0.024721753794266485 23-012445
0 0.8145682967959602 0.5012546374367612 0.023136274507738 0.01966273187183825 23-013757
0 0.6027841483979757 0.4779797639123101 0.1859509309798179 0.17005059021922425 23-001270
0 0.6049999999999898 0.400627318718381 0.05385821278850508 0.049342327150084304 23-004321
0 0.9010000000000106 0.30100000000000016 0.21562249274834608 0.20274873524451942 23-001121
0 0.7592546374367534 0.25294097807757077 0.028825522337509957 0.026188870151770613 23-010504
0 0.5550000000000068 0.1473136593591895 0.13218019124502833 0.11630691399662746 23-001957
0 0.7769999999999868 0.03425379426644204 0.10316502731319271 0.07535834738617239 23-002394
0 0.1419999999999959 0.01699999999999946 0.027308389582903995 0.023929173693086097 23-010472
