0 0.29599999999999227 0.9837681281618889 0.019912367404200708 0.017160370994940617 23-016556
0 0.12474536256323265 0.9853136593591907 0.025181464629076722 0.02192242833052276 23-015356
0 0.49768634064081874 0.7376273187183808 0.048737889741710665 0.04396290050590218 23-004874
0 0.9369853014262705 0.7249999999999996 0.13863233686220502 0.1467284991568297 23-001578
0 0.8316863406408219 0.6799409780775721 0.03148050465806985 0.028381112984823004 23-008265
0 0.566372681281607 0.5209409780775716 0.0235155576963895 0.0209612141652613 23-013218
0 0.2883726812816154 0.5072546374367616 0.023705199290715347 0.017993254637436694 23-014234
0 0.3636863406408042 0.4489409780775723 0.03489405335593285 0.03172006745362554 23-007201
0 0.05699999999998795 0.24900000000000055 0.09937219542667827 0.07160202360876904 23-003055
0 0.4300000000000068 0.21856829679595302 0.022567349724761033 0.01966273187183825 23-014153
0 0.12399999999999523 0.15300000000000047 0.2622743249524736 0.24225969645868478 23-000898
0 0.34499999999999886 0.15300000000000047 0.03413548697863003 0.02912310286677906 23-007676
0 0.1376863406408051 0.03394097807757135 0.024653407262343913 0.02003372681281637 23-013412
