0 0.10900000000000887 0.06274451939291723 0.1693499437328699 0.1380379426644179 23-001460
0 0.2858431703204013 0.08084317032040479 0.022546916016638906 0.020050590219224285 23-016386
0 0.21399999999999864 0.09600000000000009 0.022188066536109507 0.016880269814502538 23-016346
0 0.7369999999999948 0.13568634064080978 0.29622017033677794 0.2777234401349072 23-000777
0 0.25894097807758165 0.13837268128161867 0.02408448247936666 0.02263069139966271 23-012090
0 0.5563136593591833 0.14568634064080957 0.02199842494178368 0.019662731871838104 23-014965
0 0.43194097807758347 0.19174536256323826 0.021050216970155213 0.022107925801011827 23-015685
0 0.40794097807758256 0.3223726812816197 0.026739464799926886 0.02337268128161891 23-010941
0 0.381627318718372 0.46137268128161907 0.03091157987509274 0.0295615514333895 23-009673
0 0.7976273187183688 0.5146863406408093 0.051582513656596454 0.04563237774030364 23-004610
0 0.19931365935918396 0.5490590219224288 0.023136274507738093 0.020775716694772236 23-013394
0 0.20199999999999818 0.5743726812816187 0.024084482479366755 0.016880269814502514 23-015463
0 0.4190000000000112 0.5830000000000002 0.2698599887255026 0.2467116357504217 23-000880
0 0.20599999999998886 0.5950000000000006 0.0333769206013271 0.02671163575042164 23-008188
0 0.17300000000000182 0.623372681281618 0.022377708130435187 0.0209612141652613 23-013617
0 0.9757841483979662 0.6400590219224281 0.03710845136347539 0.03327150084317035 23-008539
0 0.8439409780775612 0.6790000000000003 0.025032690450995317 0.023558178752107972 23-011302
0 0.875 0.6997453625632374 0.023705199290715444 0.020219224283305436 23-013333
0 0.7839409780775589 0.7033726812816181 0.04437613307221906 0.03969645868465424 23-005371
0 0.14300000000000068 0.7340590219224276 0.021239858564480917 0.020219224283305436 23-014676
0 0.41200000000000614 0.7460000000000004 0.020860575375829464 0.01873524451939294 23-016019
0 0.5006273187183718 0.8422158516020228 0.02821573013828855 0.02602023608768963 23-012503
0 0.5629999999999882 0.8440590219224288 0.020481292187178056 0.017065767284991575 23-017519
0 0.5860000000000127 0.8727453625632374 0.02408448247936685 0.02225969645868473 23-012208
0 0.7643136593591816 0.8670000000000009 0.037549035676492974 0.035059021922428366 23-006408
0 0.9329409780775598 0.9146863406408097 0.022567349724761224 0.02021922428330524 23-013815
0 0.7099409780775752 0.9649999999999999 0.028446239148858455 0.02671163575042183 23-009358
0 0.7479999999999905 0.9735699831365934 0.08306301831466616 0.05814603709949426 23-003084
