0 0.5078349969695006 0.010966779089376539 0.016370478236378196 0.01853861720067357 23-014806
0 0.03861048588387885 0.09221585160202281 0.08494306894453348 0.09635750421585164 23-002558
0 0.4743136593591896 0.11605902192242899 0.020102008998526554 0.017251264755480625 23-017641
0 0.3866273187183675 0.12068634064080921 0.02123985856448087 0.022293423271500842 23-015558
0 0.7022546374367654 0.16462731871838038 0.02123985856448087 0.020219224283305196 23-014790
0 0.5139409780775771 0.1863726812816187 0.07927018642815191 0.07290050590219227 23-003070
0 0.04931365935917828 0.263215851602024 0.02180878334745805 0.0241652613827993 23-015136
0 0.5299409780775682 0.42274536256323814 0.02123985856448087 0.02136593591905558 23-016216
0 0.9479409780775746 0.4460590219224291 0.025411973639646628 0.0267453625632378 23-011172
0 0.9386273187183883 0.5813726812816182 0.03091157987509274 0.026340640809443514 23-008801
0 0.8399409780775706 0.6600590219224277 0.022377708130435187 0.01762225969645876 23-015459
0 0.4489409780775794 0.6579999999999995 0.08780405817280941 0.0812478920741989 23-002772
0 0.6172546374367575 0.6899021922428323 0.02958408871481277 0.030472175379426536 23-009300
0 0.7963136593591924 0.9070590219224275 0.021619141753132374 0.019291736930860125 23-015285
0 0.1499409780775728 0.9669409780775712 0.023894840885041003 0.027150084317031888 23-013456
