0 0.6699999999999875 0.8444704890387853 0.025980898422623976 0.029359190556492453 23-010722
0 0.8018796481073769 0.8086247892074198 0.43586477416377095 0.42102546374367655 23-000305
0 0.3240000000000123 0.6920000000000002 0.0553753455431109 0.05156829679595285 23-004171
0 0.8009999999999877 0.5609999999999999 0.2251045724646322 0.19106239460371005 23-001093
0 0.24578414839797638 0.2578431703204044 0.023305482393941816 0.024350758853288457 23-015066
0 0.681999999999988 0.21162731871838092 0.0235155576963895 0.022512647554806108 23-016763
0 0.5253136593591774 0.20668634064080948 0.03849724364812164 0.035615514333895454 23-006269
0 0.08409780775717036 0.16652951096121393 0.02633974790315333 0.025463743676222443 23-012774
0 0.23462731871838066 0.1407453625632381 0.03565261973323575 0.03264755480607095 23-006935
0 0.7460000000000093 0.009000000000000341 0.020102008998526554 0.019106239460370874 23-016296
