0 0.6252546374367672 0.9350000000000005 0.02579125682829813 0.021703204047217546 23-011662
0 0.9366273187183789 0.8776863406408089 0.03698011089351601 0.03301854974704889 23-006770
0 0.7433136593591951 0.7926273187183804 0.021050216970155022 0.01854974704890388 23-016155
0 0.9350000000000022 0.7336273187183813 0.019533084215549206 0.018364249578414815 23-017404
0 0.3166273187183743 0.7156273187183806 0.08097696077708337 0.07290050590219227 23-003039
0 0.22562731871839453 0.7170000000000005 0.02787731436588113 0.025969645868465487 23-009638
0 0.33194097807756073 0.6679999999999993 0.020860575375829464 0.01725126475548064 23-017380
0 0.2086273187183702 0.5253136593591898 0.02787731436588113 0.02671163575042164 23-009407
0 0.3403136593592035 0.5220000000000002 0.034704411761607094 0.030050590219224366 23-007476
0 0.8242546374367511 0.5109999999999992 0.02825659755453261 0.024485666104553088 23-010058
0 0.3919999999999959 0.4969999999999999 0.02692910639425254 0.024485666104553088 23-010429
0 0.8605682967959526 0.48494097807757186 0.024274124073692314 0.024704890387858308 23-012787
0 0.40500000000000114 0.4220000000000006 0.14564474444215456 0.13485666104553123 23-001731
0 0.7139999999999986 0.40199999999999925 0.132369832839354 0.12558178752107912 23-001884
0 0.41031365935919667 0.20462731871838125 0.02218806653610953 0.020590219224283175 23-013939
0 0.1849409780775694 0.12621585160202342 0.022946632913412344 0.020826306913996857 23-016721
0 0.5663136593592025 0.0593726812816181 0.03204942944104686 0.028752107925800935 23-008058
0 0.027313659359186917 0.019999999999999685 0.031859787846721305 0.02782462057335582 23-008234
