0 0.5169999999999959 0.7159999999999993 0.12137062036846215 0.11241146711635755 23-002060
0 0.23274536256323686 0.6832546374367617 0.048358606553059166 0.04544688026981458 23-004780
0 0.1215885328836469 0.6747841483979766 0.02425369036557067 0.0241652613827993 23-014480
0 0.3353726812816126 0.662940978077571 0.048927531336036126 0.043220910623946125 23-004848
0 0.33799999999999386 0.6470000000000002 0.021808783347457835 0.01854974704890388 23-015561
0 0.7072158516020266 0.6183136593591898 0.02425369036557038 0.022478920741989854 23-014594
0 0.9899487449232908 0.6189999999999998 0.022112761168760382 0.027268128161888634 23-009101
0 0.17099999999999238 0.5820000000000007 0.36449114429403784 0.33278246205733564 23-000591
0 0.5683726812816166 0.5272158516020233 0.06917831451264447 0.07057335581787524 23-003544
0 0.3400590219224363 0.45899999999999963 0.14640331081945746 0.11927487352445197 23-001828
0 0.14968634064080566 0.4200978077571671 0.022905765497168284 0.023423271500843147 23-017328
0 0.7290590219224179 0.2370000000000001 0.06197193392826708 0.05790893760539615 23-003971
0 0.5200000000000102 0.21199999999999974 0.06409885888209411 0.056576728499156945 23-003766
0 0.3689999999999998 0.20199999999999996 0.1638503374974239 0.1420910623946039 23-001560
0 0.05652951096121617 0.05684317032040387 0.028236163846410388 0.028802698145025174 23-010646
0 0.3190590219224212 0.023627318718380308 0.022905765497168284 0.025295109612141653 23-017118
