0 0.22758853288364145 0.8895295109612146 0.033166845298879345 0.03607082630691399 23-008381
0 0.9660590219224411 0.8789999999999996 0.042859000317613194 0.03839797639123101 23-005607
0 0.07827912867162234 0.7319999999999993 0.17221408307756933 0.30774030354131526 23-000677
0 0.057999999999992724 0.7059999999999995 0.10582000963375324 0.09404721753794264 23-002371
0 0.23274536256323686 0.7023726812816187 0.028066955960206953 0.024300168634064027 23-010047
0 0.6709999999999923 0.6189999999999998 0.03167014625239565 0.02782462057335582 23-008302
0 0.9350000000000023 0.5790000000000006 0.03735939408216725 0.03450252951096128 23-006521
0 0.5949999999999989 0.5180000000000007 0.1143538813784105 0.10072512647554809 23-002220
0 0.7253726812816272 0.38899999999999935 0.020291650592852307 0.017993254637436885 23-016968
0 0.6915295109612072 0.3071568296795951 0.021598708045010344 0.024165261382799393 23-016397
0 0.5130590219224381 0.25331365935919137 0.06352993409911677 0.057875210792580185 23-003715
0 0.7883726812816154 0.09105902192242865 0.04551398263817328 0.04414839797639095 23-005007
0 0.35252951096120855 0.07915682967959536 0.024632973554221976 0.022647554806070933 23-013434
