0 0.8909999999999911 0.9372554806070827 0.1693499437328699 0.1380379426644179 23-001460
0 0.7141568296795987 0.9191568296795952 0.022546916016638906 0.020050590219224285 23-016386
0 0.7860000000000014 0.9039999999999999 0.022188066536109507 0.016880269814502538 23-016346
0 0.26300000000000523 0.8643136593591902 0.29622017033677794 0.2777234401349072 23-000777
0 0.7410590219224183 0.8616273187183814 0.02408448247936666 0.02263069139966271 23-012090
0 0.4436863406408167 0.8543136593591905 0.02199842494178368 0.019662731871838104 23-014965
0 0.5680590219224165 0.8082546374367617 0.021050216970155213 0.022107925801011827 23-015685
0 0.5920590219224174 0.6776273187183803 0.026739464799926886 0.02337268128161891 23-010941
0 0.6183726812816279 0.538627318718381 0.03091157987509274 0.0295615514333895 23-009673
0 0.20237268128163122 0.4853136593591907 0.051582513656596454 0.04563237774030364 23-004610
0 0.800686340640816 0.45094097807757116 0.023136274507738093 0.020775716694772236 23-013394
0 0.7980000000000018 0.42562731871838133 0.024084482479366755 0.016880269814502514 23-015463
0 0.5809999999999889 0.4169999999999998 0.2698599887255026 0.2467116357504217 23-000880
0 0.7940000000000111 0.40499999999999936 0.0333769206013271 0.02671163575042164 23-008188
0 0.8269999999999982 0.37662731871838195 0.022377708130435187 0.0209612141652613 23-013617
0 0.024215851602033767 0.35994097807757186 0.03710845136347539 0.03327150084317035 23-008539
0 0.1560590219224388 0.32099999999999973 0.025032690450995317 0.023558178752107972 23-011302
0 0.125 0.3002546374367626 0.023705199290715444 0.020219224283305436 23-013333
0 0.21605902192244109 0.2966273187183819 0.04437613307221906 0.03969645868465424 23-005371
0 0.8569999999999993 0.26594097807757244 0.021239858564480917 0.020219224283305436 23-014676
0 0.5879999999999939 0.25399999999999956 0.020860575375829464 0.01873524451939294 23-016019
0 0.49937268128162815 0.15778414839797716 0.02821573013828855 0.02602023608768963 23-012503
0 0.4370000000000118 0.15594097807757124 0.020481292187178056 0.017065767284991575 23-017519
0 0.41399999999998727 0.12725463743676257 0.02408448247936685 0.02225969645868473 23-012208
0 0.2356863406408184 0.13299999999999912 0.037549035676492974 0.035059021922428366 23-006408
0 0.06705902192244018 0.08531365935919033 0.022567349724761224 0.02021922428330524 23-013815
0 0.29005902192242483 0.03500000000000014 0.028446239148858455 0.02671163575042183 23-009358
0 0.25200000000000955 0.026430016863406625 0.08306301831466616 0.05814603709949426 23-003084
