0 0.19421585160202137 0.8507251264755475 0.02482261514854744 0.023794266441821272 23-014475
0 0.4536863406408076 0.8235682967959534 0.023136274507738 0.02133220910623947 23-013048
0 0.8803726812816284 0.68531365935919 0.1663156782236583 0.14747048903878582 23-001519
0 0.5746863406408169 0.673 0.08154588556006058 0.07568296795952782 23-002988
0 0.37084317032040925 0.5534114671163575 0.030701504572644863 0.0293254637436762 23-008940
0 0.30484317032040675 0.4268819561551427 0.022926199205290314 0.025480607082630714 23-015887
0 0.3627453625632323 0.4136273187183809 0.04323828350626475 0.035986509274873575 23-005833
0 0.7176863406408176 0.16194097807757146 0.03603190292188716 0.0348735244519394 23-006600
0 0.7815885328836434 0.14852951096121503 0.044166057769771186 0.042900505902192146 23-005702
0 0.06000000000000216 0.019152613827993603 0.07889090323950021 0.04213575042158589 23-003071
