0 0.49216500303049937 0.9890332209106235 0.016370478236378196 0.01853861720067357 23-014806
0 0.9613895141161212 0.9077841483979772 0.08494306894453348 0.09635750421585164 23-002558
0 0.5256863406408103 0.883940978077571 0.020102008998526554 0.017251264755480625 23-017641
0 0.6133726812816325 0.8793136593591908 0.02123985856448087 0.022293423271500842 23-015558
0 0.2977453625632346 0.8353726812816196 0.02123985856448087 0.020219224283305196 23-014790
0 0.4860590219224229 0.8136273187183813 0.07927018642815191 0.07290050590219227 23-003070
0 0.9506863406408217 0.736784148397976 0.02180878334745805 0.0241652613827993 23-015136
0 0.47005902192243176 0.5772546374367619 0.02123985856448087 0.02136593591905558 23-016216
0 0.0520590219224254 0.5539409780775709 0.025411973639646628 0.0267453625632378 23-011172
0 0.06137268128161166 0.41862731871838177 0.03091157987509274 0.026340640809443514 23-008801
0 0.16005902192242938 0.3399409780775723 0.022377708130435187 0.01762225969645876 23-015459
0 0.5510590219224206 0.3420000000000005 0.08780405817280941 0.0812478920741989 23-002772
0 0.38274536256324254 0.31009780775716766 0.02958408871481277 0.030472175379426536 23-009300
0 0.2036863406408076 0.09294097807757251 0.021619141753132374 0.019291736930860125 23-015285
0 0.8500590219224272 0.03305902192242882 0.023894840885041003 0.027150084317031888 23-013456
