0 0.15309780775715875 0.9309999999999992 0.03240827892157643 0.02952782462057334 23-008880
0 0.6792546374367693 0.8510000000000009 0.02218806653610953 0.02284991568296798 23-014419
0 0.7802546374367684 0.8176863406408101 0.09652757151179248 0.09070826306913993 23-002526
0 0.943254637436751 0.7333726812816193 0.0553753455431109 0.04952782462057336 23-004272
0 0.8389409780775657 0.7106273187183816 0.03223907103537271 0.02782462057335582 23-008275
0 0.9672546374367517 0.6899999999999995 0.0513928720622708 0.04748735244519397 23-004494
0 0.4729409780775803 0.6689409780775712 0.024843048856669662 0.0224451939291737 23-011762
0 0.6579409780775826 0.6606863406408101 0.04342792510059021 0.03932546374367621 23-005518
0 0.3104114671163696 0.590097807757167 0.035442544430787974 0.035109612141652605 23-007573
0 0.6049409780775853 0.5624704890387854 0.03788745144890023 0.034738617200674525 23-007521
0 0.3019999999999925 0.3992546374367628 0.020860575375829464 0.018364249578414815 23-016300
0 0.029568296795963695 0.38662731871838163 0.030342655092115537 0.02689713322091051 23-008893
0 0.7384725133702116 0.18736100337268158 0.5129369294147201 0.37472200674536316 23-000242
0 0.07056829679596051 0.10705902192242867 0.05803032786367099 0.05212478920742004 23-004062
0 0.2593136593591862 0.05325463743676273 0.021619141753132374 0.01873524451939275 23-015663
0 0.07741146711636546 0.054999999999999605 0.034074185854263826 0.03156829679595283 23-008860
