0 0.20084317032039334 0.9754704890387856 0.0180363851690658 0.023052276559865092 23-017481
0 0.4830000000000041 0.9622158516020233 0.10373395209617006 0.08312512647554883 23-002444
0 0.6853726812816068 0.9260590219224277 0.02427412407369241 0.02881956155143337 23-012228
0 0.5245295109612056 0.8709021922428333 0.028384938024492174 0.026205733558178738 23-013176
0 0.36199999999999477 0.8190000000000008 0.02446376566801816 0.0224451939291737 23-011911
0 0.566372681281607 0.789529510961215 0.029394447120486923 0.03102866779089372 23-009439
0 0.1870590219224163 0.6813136593591904 0.058978535835299696 0.05527824620573351 23-003936
0 0.7700000000000102 0.6500000000000004 0.06542635004237418 0.060101180438448545 23-003597
0 0.2599999999999909 0.5120000000000005 0.02067093378150371 0.019291736930860125 23-015772
0 0.44700000000000273 0.4388431703204053 0.054806420760133555 0.04485666104553124 23-005573
0 0.7493726812816282 0.44205902192242774 0.032807995818349964 0.023001686340640787 23-009179
0 0.5703726812816261 0.3200000000000003 0.023325916102063797 0.023220910623946198 23-013824
0 0.5856863406408126 0.3015295109612136 0.037738677270818775 0.03677908937605387 23-006838
0 0.3309021922428217 0.279215851602024 0.02349512398826728 0.022124789207419907 23-016489
0 0.5390590219224202 0.1683726812816181 0.025601615233972475 0.022816188870151726 23-011209
0 0.22399999999998954 0.0730000000000004 0.1183363548592507 0.11148397976391253 23-002094
0 0.9702158516020318 0.015470489038786561 0.024632973554221824 0.023979763912310333 23-014514
