0 0.7050000000000125 0.9926998313659358 0.02275699131908669 0.016060370994941228 23-014485
0 0.3269999999999982 0.9892849915682966 0.035652619733235656 0.0235730185497473 23-006789
0 0.6953726812816261 0.9333136593591911 0.06940882352321438 0.06548060708263069 23-003392
0 0.7710590219224195 0.8829999999999991 0.041531509157333106 0.03784148397976391 23-005762
0 0.5143726812816145 0.7937841483979764 0.021050216970155213 0.020050590219224333 23-016279
0 0.3650000000000091 0.7921349072512649 0.5215143843957357 0.4573032040472172 23-000342
0 0.5372748735244436 0.7480978077571665 0.04189035863786255 0.04104553119730181 23-006068
0 0.07699999999999818 0.6859999999999999 0.10733714238835886 0.09794266441821245 23-002335
0 0.911902192242839 0.6761568296795949 0.022357274422313157 0.022681281618887092 23-016967
0 0.6330000000000098 0.5730000000000004 0.2256734972476094 0.21610455311973023 23-001041
0 0.5747453625632497 0.5237841483979768 0.02617054001694968 0.026543001686340655 23-010476
0 0.25505902192242835 0.46568634064080994 0.10297538571886707 0.09664418212478931 23-002387
0 0.6780590219224302 0.33399999999999963 0.0439559824673234 0.04273187183811116 23-006041
0 0.9653549264359086 0.24799999999999933 0.07621916184100122 0.08569983136593601 23-002662
0 0.5430000000000064 0.01570741989881963 0.06637455801400274 0.03455632377740301 23-003523
