0 0.9096863406407965 0.057431703204046704 0.04608290742115048 0.03932546374367623 23-005401
0 0.02774536256322435 0.2373726812816189 0.03527333654458416 0.033389544688027004 23-006892
0 0.4833726812816087 0.2903726812816197 0.03679046929918997 0.03376053962900503 23-006689
0 0.7263136593591992 0.37537268128161877 0.02199842494178378 0.02003372681281618 23-014273
0 0.08600000000001273 0.4299999999999997 0.11568137253869067 0.10740303541315355 23-002147
0 0.4506863406408217 0.5957453625632382 0.023705199290715347 0.02207419898819567 23-012390
0 0.14637268128161962 0.626627318718382 0.02275699131908669 0.01762225969645876 23-016118
0 0.5715244422481909 0.6647537942664421 0.9426462270539799 0.7375416526138275 23-000091
0 0.05705902192242085 0.6969999999999992 0.02863588074318411 0.02578414839797633 23-009516
0 0.5787453625632405 0.8903726812816193 0.02617054001694968 0.023743676222596842 23-010771
0 0.020372681281614846 0.8863136593591905 0.03565261973323585 0.032091062394603666 23-006985
