0 0.6425682967959633 0.8432158516020241 0.021429500158806524 0.02509274873524456 23-014660
0 0.9045682967959637 0.8030978077571662 0.027877314365881107 0.029915682967959545 23-010087
0 0.5923136593591847 0.7797453625632375 0.10449251847347288 0.0997976391231029 23-002330
0 0.43231365935918803 0.7699999999999996 0.10373395209617006 0.09831365935919058 23-002360
0 0.9016273187183822 0.47525463743676155 0.05215143843957342 0.049342327150084304 23-004390
0 0.6955682967959606 0.3861956155143337 0.027877314365881107 0.02652613827993258 23-009529
0 0.9362546374367743 0.29388195615514356 0.02579125682829794 0.02207419898819567 23-011799
0 0.10962731871838066 0.22331365935919023 0.045324341043847576 0.03876897133220912 23-005342
0 0.48156829679596186 0.1003136593591909 0.02825659755453261 0.024485666104553088 23-009978
0 0.2965682967959596 0.04696121416526089 0.03356656219565278 0.0336256323777404 23-007826
0 0.489686340640809 0.007703204047217915 0.0359910355056431 0.016947048903879443 23-007890
