0 0.09031365935920352 0.057431703204046704 0.04608290742115048 0.03932546374367623 23-005401
0 0.9722546374367756 0.2373726812816189 0.03527333654458416 0.033389544688027004 23-006892
0 0.5166273187183913 0.2903726812816197 0.03679046929918997 0.03376053962900503 23-006689
0 0.27368634064080083 0.37537268128161877 0.02199842494178378 0.02003372681281618 23-014273
0 0.9139999999999873 0.4299999999999997 0.11568137253869067 0.10740303541315355 23-002147
0 0.5493136593591783 0.5957453625632382 0.023705199290715347 0.02207419898819567 23-012390
0 0.8536273187183804 0.626627318718382 0.02275699131908669 0.01762225969645876 23-016118
0 0.42847555775180907 0.6647537942664421 0.9426462270539799 0.7375416526138275 23-000091
0 0.9429409780775792 0.6969999999999992 0.02863588074318411 0.02578414839797633 23-009516
0 0.4212546374367595 0.8903726812816193 0.02617054001694968 0.023743676222596842 23-010771
0 0.9796273187183852 0.8863136593591905 0.03565261973323585 0.032091062394603666 23-006985
