0 0.8239409780775795 0.9557841483979772 0.08192516874871195 0.08114671163575041 23-003035
0 0.21000000000000796 0.89031365935919 0.025601615233972475 0.025446880269814495 23-011733
0 0.47900000000001347 0.8829999999999991 0.03204942944104706 0.028971332209106238 23-008877
0 0.19300000000001205 0.8739409780775712 0.03887652683677304 0.02844856661045532 23-008432
0 0.45062731871838885 0.8773726812816194 0.03925581002542445 0.031163575042158546 23-006715
0 0.8719628061059601 0.8640295109612138 0.28168182656688795 0.2991350758853296 23-000602
0 0.5063136593592004 0.8626863406408101 0.04551398263817338 0.037284991568296774 23-005448
0 0.35578414839799005 0.8456273187183814 0.027626371647189268 0.02381112984822935 23-016349
0 0.6513136593591822 0.8503726812816184 0.0836319430976435 0.06951096121416526 23-003360
0 0.3830000000000098 0.8374704890387857 0.02427412407369241 0.02694772344013489 23-012304
0 0.32099999999999795 0.8089999999999993 0.2918584136672864 0.28344013490725123 23-000768
0 0.425313659359183 0.810529510961214 0.04115222596868168 0.03993254637436763 23-006125
0 0.5213136593591867 0.7965885328836422 0.052910004816876424 0.050640809443507594 23-005321
0 0.6099409780775807 0.7439999999999998 0.025411973639646628 0.023558178752107972 23-011133
0 0.2792546374367636 0.7426863406408091 0.07206380584377442 0.06177065767284991 23-003432
0 0.7448819561551387 0.5975682967959526 0.02067093378150371 0.01854974704890388 23-016264
0 0.5089999999999861 0.5640000000000001 0.09501043875718686 0.0884822934232715 23-002573
0 0.7023136593591983 0.5376273187183815 0.05727176148636803 0.05156829679595285 23-004126
0 0.010689247829767115 0.40499999999999936 0.023516345225487654 0.023743676222597033 23-011294
0 0.8429409780775848 0.3865682967959523 0.0235155576963895 0.0209612141652613 23-013127
0 0.5529999999999973 0.3879999999999999 0.020481292187178056 0.0174367622259697 23-017012
0 0.5440000000000111 0.3780000000000001 0.024843048856669662 0.020775716694772236 23-012069
0 0.5279999999999916 0.37299999999999933 0.037549035676492974 0.03376053962900503 23-006628
0 0.49500000000000455 0.3620000000000001 0.03280799581834987 0.027268128161888634 23-008340
0 0.18962731871839317 0.32568634064080926 0.025411973639646774 0.023187183811129847 23-011401
0 0.4886273187183713 0.2870000000000008 0.04646219060980184 0.043777403035413213 23-004994
0 0.4259999999999877 0.1850000000000005 0.2512751124815818 0.2218549747048903 23-000978
0 0.9237251264755408 0.18415682967959568 0.031229561939377964 0.02991568296795935 23-010489
0 0.1570000000000107 0.18099999999999916 0.026739464799926838 0.025413153456998207 23-010140
0 0.020000000000010232 0.15962731871838143 0.03735939408216725 0.03543001686340639 23-006420
0 0.3540000000000134 0.13599999999999923 0.066184916419677 0.06362563237774034 23-003494
0 0.6359999999999957 0.05599999999999916 0.1139745981897591 0.10091062394603696 23-002221
