0 0.8469021922428412 0.06900000000000084 0.03240827892157643 0.02952782462057334 23-008880
0 0.3207453625632307 0.14899999999999913 0.02218806653610953 0.02284991568296798 23-014419
0 0.21974536256323163 0.18231365935918983 0.09652757151179248 0.09070826306913993 23-002526
0 0.056745362563249024 0.2666273187183807 0.0553753455431109 0.04952782462057336 23-004272
0 0.16105902192243426 0.28937268128161847 0.03223907103537271 0.02782462057335582 23-008275
0 0.03274536256324834 0.3100000000000005 0.0513928720622708 0.04748735244519397 23-004494
0 0.5270590219224197 0.3310590219224288 0.024843048856669662 0.0224451939291737 23-011762
0 0.34205902192241744 0.3393136593591899 0.04342792510059021 0.03932546374367621 23-005518
0 0.6895885328836304 0.409902192242833 0.035442544430787974 0.035109612141652605 23-007573
0 0.3950590219224147 0.4375295109612146 0.03788745144890023 0.034738617200674525 23-007521
0 0.6980000000000075 0.6007453625632372 0.020860575375829464 0.018364249578414815 23-016300
0 0.9704317032040363 0.6133726812816184 0.030342655092115537 0.02689713322091051 23-008893
0 0.2615274866297884 0.8126389966273184 0.5129369294147201 0.37472200674536316 23-000242
0 0.9294317032040394 0.8929409780775713 0.05803032786367099 0.05212478920742004 23-004062
0 0.7406863406408137 0.9467453625632373 0.021619141753132374 0.01873524451939275 23-015663
0 0.9225885328836345 0.9450000000000004 0.034074185854263826 0.03156829679595283 23-008860
