0 0.4830000000000041 0.2840000000000007 0.12137062036846215 0.11241146711635755 23-002060
0 0.7672546374367631 0.31674536256323826 0.048358606553059166 0.04544688026981458 23-004780
0 0.8784114671163531 0.3252158516020233 0.02425369036557067 0.0241652613827993 23-014480
0 0.6646273187183874 0.33705902192242904 0.048927531336036126 0.043220910623946125 23-004848
0 0.6620000000000061 0.35299999999999976 0.021808783347457835 0.01854974704890388 23-015561
0 0.29278414839797345 0.3816863406408102 0.02425369036557038 0.022478920741989854 23-014594
0 0.010051255076709264 0.3810000000000002 0.022112761168760382 0.027268128161888634 23-009101
0 0.8290000000000076 0.41799999999999926 0.36449114429403784 0.33278246205733564 23-000591
0 0.4316273187183834 0.47278414839797667 0.06917831451264447 0.07057335581787524 23-003544
0 0.6599409780775637 0.5410000000000004 0.14640331081945746 0.11927487352445197 23-001828
0 0.8503136593591943 0.5799021922428329 0.022905765497168284 0.023423271500843147 23-017328
0 0.2709409780775821 0.7629999999999999 0.06197193392826708 0.05790893760539615 23-003971
0 0.4799999999999898 0.7880000000000003 0.06409885888209411 0.056576728499156945 23-003766
0 0.6310000000000002 0.798 0.1638503374974239 0.1420910623946039 23-001560
0 0.9434704890387838 0.9431568296795961 0.028236163846410388 0.028802698145025174 23-010646
0 0.6809409780775788 0.9763726812816197 0.022905765497168284 0.025295109612141653 23-017118
