0 0.6477453625632289 0.044059021922428034 0.053099646411202274 0.05045531197301855 23-004309
0 0.6627453625632437 0.07443170320404795 0.04911717293036207 0.0439629005059022 23-004829
0 0.7430590219224279 0.21658853288364213 0.02142950015880662 0.02286677908937606 23-016756
0 0.6690590219224156 0.35274536256323785 0.0199123674042009 0.017993254637436694 23-017422
0 0.4230590219224347 0.42474536256323703 0.03045056185395312 0.032192242833052186 23-012468
0 0.8293010651453722 0.4649999999999998 0.3755376566801812 0.425902192242833 23-000393
0 0.6874317032040493 0.5026863406408089 0.06239208453316254 0.05620573355817882 23-003792
0 0.8607453625632512 0.568059021922429 0.03148050465806985 0.028752107925801126 23-008263
0 0.33368634064080305 0.5813726812816182 0.03641118611053866 0.034688026981450334 23-006578
0 0.4689999999999941 0.6359999999999992 0.35633655573803186 0.3287015177065767 23-000612
0 0.1670000000000016 0.6649999999999991 0.02825659755453261 0.02652613827993258 23-009421
0 0.16231365935917785 0.7189999999999994 0.29687082995224345 0.2797301854974707 23-000747
0 0.5969021922428412 0.7290590219224286 0.03146007094994777 0.02841483979763897 23-009535
0 0.69174536256324 0.7783726812816193 0.03356656219565278 0.029865092748735306 23-007669
0 0.28299999999998704 0.9883726812816184 0.02579125682829813 0.02207419898819586 23-011591
