0 0.017470489038796066 0.055156829679594434 0.0339254116761822 0.03662731871838111 23-008209
0 0.6340978077571533 0.30178414839797557 0.5381562390589283 0.5091062394603711 23-000306
0 0.32031365935919326 0.36100000000000065 0.02768767277155545 0.0224451939291737 23-010724
0 0.27299999999999613 0.3770000000000006 0.22093245738946635 0.2046037099494098 23-001091
0 0.9546312699098097 0.5229999999999997 0.09981120619841827 0.10554806070826313 23-002129
0 0.2400000000000091 0.5700000000000003 0.060685310184231074 0.05490725126475539 23-003918
0 0.2230000000000132 0.6120000000000001 0.04760004017575625 0.043591905564924156 23-004943
0 0.34162731871838 0.6536863406408088 0.020481292187178056 0.022107925801011827 23-016428
0 0.17931365935920215 0.6750000000000007 0.02920480552616122 0.025413153456998207 23-009385
0 0.8859999999999957 0.6820000000000004 0.13597302313154286 0.12947723440134923 23-001824
0 0.7503136593592001 0.9249021922428337 0.020102008998526554 0.02042158516020219 23-016615
