0 0.30705902192242085 0.0796273187183813 0.040014376402727266 0.03580101180438447 23-006070
0 0.45705902192242653 0.09425463743676309 0.030721938280767087 0.028195615514333895 23-008503
0 0.5864317032040502 0.22431365935919143 0.03660082770486441 0.030978077571669486 23-006988
0 0.29268634064080623 0.2326863406408093 0.07775305367354608 0.06659359190556494 23-003196
0 0.5320000000000107 0.33037268128161884 0.023136274507738 0.019106239460370968 23-014345
0 0.23621585160202285 0.47384317032040546 0.028805088629387736 0.02713322091062381 23-011008
0 0.6653136593591922 0.4870590219224276 0.020102008998526554 0.01873524451939294 23-016710
0 0.09237268128161746 0.5693726812816197 0.047031115392779 0.04433389544688021 23-004913
0 0.8390590219224315 0.5710590219224291 0.03314641159075726 0.02934232715008428 23-009245
0 0.45300000000000296 0.58068634064081 0.2000718820136367 0.17807757166947727 23-001243
0 0.8616863406408231 0.6502748735244519 0.06751240757995705 0.06893760539629004 23-003603
0 0.5860590219224172 0.6863136593591912 0.02522233204532107 0.023929173693086097 23-011063
0 0.5536863406408019 0.6923136593591914 0.3377516794941111 0.3068128161888701 23-000654
0 0.5770590219224311 0.7243136593591915 0.024653407262343816 0.02207419898819567 23-012241
0 0.3955885328836478 0.7985885328836428 0.0373389603740451 0.03529510961214176 23-007227
0 0.16374536256324845 0.9565295109612147 0.028026088543962702 0.025463743676222443 23-012853
