0 0.4760978077571662 0.7391568296795955 0.028805088629387736 0.030101180438448605 23-010124
0 0.9189409780775782 0.6989999999999998 0.04873788974171047 0.04618887015177064 23-004724
0 0.16472512647555465 0.6962748735244513 0.047579606467634226 0.046610455311973 23-005167
0 0.9206273187183877 0.4926273187183816 0.12326703631171927 0.11389544688026995 23-002038
0 0.574627318718384 0.45162731871838124 0.04134186756300742 0.03709949409780776 23-005799
0 0.24199999999999022 0.37599999999999945 0.3481819671820258 0.3209106239460372 23-000640
0 0.17425463743677383 0.26831365935919005 0.024274124073692456 0.023406408094435067 23-013093
0 0.5936273187183895 0.2417841483979768 0.024843048856669662 0.025092748735244703 23-013167
0 0.9270978077571597 0.1858431703204052 0.02425369036557067 0.023052276559865217 23-015544
0 0.6440000000000055 0.10100000000000087 0.054806420760133555 0.05045531197301829 23-004228
0 0.7059999999999889 0.08500000000000096 0.15569574894141802 0.1409780775716694 23-001631
0 0.539999999999992 0.06199999999999939 0.10430287687914722 0.09590219224283286 23-002383
0 0.32831365935920304 0.027627318718381755 0.023136274507738093 0.02114671163575036 23-013201
