0 0.36958853288363724 0.07362731871838107 0.0346431106372411 0.030455311973018553 23-008977
0 0.6699999999999875 0.10200000000000031 0.05385821278850508 0.05119730185497468 23-004249
0 0.48799999999999955 0.10599999999999989 0.044945057855196216 0.04025295109612144 23-005303
0 0.3950590219224147 0.12299999999999935 0.022946632913412535 0.01984822934232717 23-013967
0 0.8533726812816131 0.14362731871838136 0.03167014625239555 0.03364249578414843 23-008640
0 0.09043170320404081 0.2403136593591914 0.039445451619750486 0.034688026981450244 23-006264
0 0.42505902192241574 0.33500000000000085 0.05404785438283074 0.05138279932546379 23-004237
0 0.1124317032040607 0.37931365935919076 0.029773730309138425 0.02974704890387856 23-009833
0 0.8595053695166461 0.5790000000000006 0.3090881870633785 0.296053962900506 23-000687
0 0.6750590219224158 0.5950590219224281 0.048168964958733414 0.04173693086003392 23-004989
0 0.42237268128162997 0.6766863406408101 0.02199842494178368 0.01966273187183825 23-014518
0 0.3707453625632421 0.6920000000000002 0.21581213434267182 0.19959527824620577 23-001130
0 0.37737268128161416 0.7910000000000004 0.02029165059285221 0.01854974704890388 23-016676
0 0.7880590219224154 0.9143726812816184 0.09425187237988387 0.08829679595278268 23-002588
0 0.8369021922428219 0.9767453625632384 0.04033235846701268 0.04128161888701521 23-007218
