0 0.7740590219224338 0.11537268128161898 0.027646805355311298 0.029747048903878595 23-011888
0 0.11699999999999022 0.1720000000000006 0.21164001926750578 0.20516020236087693 23-001126
0 0.7705295109612149 0.1835295109612133 0.023874407176918973 0.02509274873524456 23-014128
0 0.45037268128162167 0.22437268128161897 0.022526482308516782 0.025109612141652613 23-017631
0 0.36600000000001387 0.28200000000000003 0.04760004017575635 0.02986509274873521 23-006026
0 0.4070000000000107 0.2919999999999998 0.03356656219565288 0.024671163575042152 23-008665
0 0.5120590219224334 0.38784317032040516 0.023894840885041003 0.023237774030354087 23-014698
0 0.15237268128161985 0.3930000000000007 0.020102008998526554 0.020994940978077647 23-017497
0 0.32721585160203104 0.4484704890387864 0.333302449770904 0.31715008431703196 23-000646
0 0.6830590219224256 0.4806273187183811 0.02722665475041583 0.024738617200674468 23-016849
0 0.11699999999999022 0.5638229342327157 0.21182966086183164 0.19996627318718369 23-001144
0 0.7530590219224188 0.6757841483979761 0.031439637241825746 0.03084317032040466 23-009633
0 0.689529510961226 0.7003726812816181 0.02273655761096466 0.020994940978077647 23-016957
0 0.5956863406408035 0.7989999999999995 0.12876664254716524 0.1205733558178752 23-001946
0 0.5490590219224394 0.8379999999999992 0.02768767277155545 0.030303541315345746 23-010518
0 0.33368634064080305 0.8869409780775711 0.0553753455431109 0.051197301854974536 23-004202
0 0.9220590219224299 0.9019409780775717 0.02199842494178378 0.019291736930860125 23-015034
0 0.7413726812816184 0.9286273187183816 0.03565261973323575 0.030607082630691552 23-007258
