0 0.7050000000000125 0.0073001686340641945 0.02275699131908669 0.016060370994941228 23-014485
0 0.3269999999999982 0.010715008431703317 0.035652619733235656 0.0235730185497473 23-006789
0 0.6953726812816261 0.06668634064080894 0.06940882352321438 0.06548060708263069 23-003392
0 0.7710590219224195 0.11700000000000088 0.041531509157333106 0.03784148397976391 23-005762
0 0.5143726812816145 0.20621585160202358 0.021050216970155213 0.020050590219224333 23-016279
0 0.3650000000000091 0.20786509274873513 0.5215143843957357 0.4573032040472172 23-000342
0 0.5372748735244436 0.2519021922428335 0.04189035863786255 0.04104553119730181 23-006068
0 0.07699999999999818 0.31400000000000006 0.10733714238835886 0.09794266441821245 23-002335
0 0.911902192242839 0.3238431703204051 0.022357274422313157 0.022681281618887092 23-016967
0 0.6330000000000098 0.4269999999999996 0.2256734972476094 0.21610455311973023 23-001041
0 0.5747453625632497 0.4762158516020232 0.02617054001694968 0.026543001686340655 23-010476
0 0.25505902192242835 0.5343136593591901 0.10297538571886707 0.09664418212478931 23-002387
0 0.6780590219224302 0.6660000000000004 0.0439559824673234 0.04273187183811116 23-006041
0 0.9653549264359086 0.7520000000000007 0.07621916184100122 0.08569983136593601 23-002662
0 0.5430000000000064 0.9842925801011804 0.06637455801400274 0.03455632377740301 23-003523
