0 0.1279999999999859 0.04400000000000048 0.05840961105232239 0.054721753794266456 23-003977
0 0.431999999999988 0.06300000000000061 0.03034265509211544 0.02782462057335582 23-008629
0 0.14400000000000546 0.08399999999999963 0.03716975248784157 0.03264755480607082 23-006771
0 0.8722546374367529 0.26011804384485665 0.025601615233972475 0.024485666104553088 23-010762
0 0.5015682967959437 0.33831365935919044 0.030153013497789736 0.025598650927487365 23-009054
0 0.16900000000001114 0.44800000000000034 0.0635299340991169 0.05898819561551436 23-003670
0 0.20400000000000773 0.4499999999999993 0.07547735454163736 0.06807757166947724 23-003169
0 0.0246273187183727 0.5313726812816193 0.03508369495025859 0.02930860033726812 23-007579
0 0.23599999999999 0.5600000000000005 0.16991886851584706 0.14895446880269803 23-001494
0 0.8824114671163439 0.78268634064081 0.02633974790315345 0.02600337268128155 23-011773
0 0.7562546374367675 0.7936863406408092 0.028446239148858455 0.02671163575042164 23-009278
0 0.6370000000000005 0.802059021922429 0.020102008998526554 0.018364249578414815 23-016870
0 0.44700000000000273 0.8019999999999996 0.03451477016728139 0.031349072512647416 23-007253
0 0.378313659359186 0.8227453625632385 0.022377708130435187 0.020219224283305436 23-013960
0 0.259940978077558 0.8517453625632384 0.026739464799926886 0.023929173693086097 23-010543
0 0.3352546374367752 0.9210590219224287 0.02958408871481258 0.02782462057335582 23-008859
