0 0.057568296795955286 0.3220590219224285 0.027498031177229706 0.025598650927487365 23-009886
0 0.5740000000000123 0.33705902192242904 0.023894840885041003 0.022293423271500794 23-014246
0 0.9615883485313541 0.359 0.08450563323102123 0.11129848229342328 23-002001
0 0.6769999999999925 0.3849999999999998 0.38478279488689016 0.36561551433389544 23-000531
0 0.5260000000000105 0.4629999999999992 0.07339129700405449 0.0658516020236087 23-003314
0 0.4416273187183743 0.5163136593591913 0.023705199290715157 0.021888701517706607 23-012457
0 0.0702546374367604 0.5386863406408102 0.025032690450995317 0.023558178752107972 23-011275
0 0.7676273187183676 0.7833726812816183 0.0430486419119389 0.0398819561551433 23-005480
0 0.39694097807755846 0.8209999999999997 0.050065380901990635 0.04655986509274876 23-004629
0 0.9897763434739039 0.8219999999999992 0.02249204435741186 0.025969645868465393 23-009225
