0 0.07794097807757008 0.017745362563237006 0.02465340726234389 0.023372681281618887 23-011525
0 0.8439409780775613 0.10500000000000043 0.029204805526161365 0.027268128161888693 23-009004
0 0.4419409780775744 0.1276863406408089 0.02958408871481258 0.027639123102866755 23-008820
0 0.0316273187183777 0.2681180438448558 0.023136274507738107 0.021517706576728485 23-012983
0 0.5133136593591769 0.45899999999999963 0.08097696077708337 0.07123102866779087 23-003072
0 0.0736273187183793 0.5067453625632378 0.021619141753132325 0.01984822934232712 23-014600
0 0.38800000000000523 0.5079999999999991 0.04285900031761324 0.03802698145025287 23-005608
0 0.30000000000001137 0.5269999999999992 0.2167603423143003 0.19792580101180435 23-001133
0 0.3259999999999934 0.5423726812816186 0.1378694390748 0.1270657672849916 23-001815
0 0.2296273187183852 0.5893726812816191 0.03698011089351579 0.03598650927487339 23-006406
0 0.5843136593592033 0.5999999999999996 0.022377708130435187 0.0209612141652613 23-013645
0 0.8333136593591985 0.6229999999999993 0.035842261327561506 0.031349072512647416 23-007046
0 0.5912546374367754 0.6283726812816189 0.023325916102063846 0.0209612141652613 23-013135
0 0.4310000000000116 0.5935868465430012 0.20746790419234004 0.18920741989881965 23-001188
0 0.9029999999999916 0.8193726812816197 0.08135624396573478 0.07364249578414853 23-003019
0 0.5543136593592022 0.8850590219224291 0.020481292187178056 0.018920741989882 23-016103
0 0.07894097807757486 0.8974317032040465 0.048168964958733414 0.0448903878583472 23-004838
0 0.5516273187183879 0.9190000000000006 0.04760004017575635 0.04470489038785833 23-004877
