0 0.7790590219224293 0.9596273187183804 0.02465340726234389 0.022630691399662735 23-012011
0 0.2719021922428242 0.8440590219224288 0.03559131860886957 0.03308600337268129 23-008911
0 0.32937268128161235 0.8231568296795951 0.047220756987104845 0.03715008431703204 23-005814
0 0.11905902192243267 0.7376273187183808 0.01934344262122374 0.01854974704890388 23-017345
0 0.9210590219224252 0.739686340640809 0.022567349724760936 0.020404721753794305 23-014052
0 0.03437268128162474 0.6660000000000004 0.022946632913412535 0.022074198988195574 23-012758
0 0.4405295109612023 0.5935295109612135 0.028005654835840867 0.02620573355817869 23-013407
0 0.43437268128163053 0.571313659359191 0.024653407262343816 0.020590219224283317 23-012951
0 0.8486863406408178 0.5463136593591906 0.03887652683677304 0.03580101180438452 23-006199
0 0.2643726812816145 0.4610000000000003 0.023894840885041003 0.022816188870151726 23-012053
0 0.3160000000000025 0.45500000000000007 0.0546167791658079 0.05212478920742004 23-004193
0 0.61099999999999 0.16900000000000048 0.15929893923360663 0.143575042158516 23-001580
