0 0.10499999999998977 0.030627318718381806 0.027308389582903995 0.02634064080944351 23-009725
0 0.2926273187183734 0.05094097807757083 0.03508369495025859 0.03190556492411467 23-007138
0 0.6676273187183733 0.06099999999999996 0.12478416906632508 0.10443507588532885 23-002128
0 0.2366273187183902 0.08425463743676154 0.04088084954186771 0.03753794266441822 23-007399
0 0.7700978077571774 0.17452951096121475 0.021788349639336 0.023423271500843196 23-016715
0 0.3457841483979707 0.21462731871838106 0.06460648254070508 0.06053962900505908 23-003956
0 0.3257841483979889 0.40141146711635817 0.04321784979814253 0.04816188870151771 23-005841
0 0.8422546374367518 0.5296863406408099 0.0713052394664715 0.0658516020236087 23-003344
0 0.16862731871837816 0.790940978077571 0.032428712629698514 0.03438448566610453 23-008214
0 0.6126273187183949 0.8253726812816181 0.05366857119417923 0.049342327150084304 23-004357
0 0.7986273187183737 0.8203136593591898 0.024274124073692314 0.022849915682968073 23-013464
0 0.8473136593591801 0.9389409780775725 0.035652619733235656 0.03301854974704917 23-006890
0 0.5084317032040472 0.433389544688027 0.01854974704890388 0.02023608768971332 
0 0.05902192242833052 0.903035413153457 0.02023608768971332 0.021922428330522766 
0 0.46037099494097805 0.8541315345699831 0.026981450252951095 0.025295109612141653 
0 0.6602023608768971 0.851602023608769 0.025295109612141653 0.026981450252951095 
0 0.3591905564924115 0.31534569983136596 0.02023608768971332 0.02023608768971332 
0 0.6829679595278246 0.25379426644182124 0.023608768971332208 0.01854974704890388 
0 0.821247892074199 0.22765598650927488 0.02023608768971332 0.02023608768971332 
