0 0.1760590219224205 0.04421585160202276 0.08192516874871195 0.08114671163575041 23-003035
0 0.789999999999992 0.10968634064081 0.025601615233972475 0.025446880269814495 23-011733
0 0.5209999999999866 0.11700000000000088 0.03204942944104706 0.028971332209106238 23-008877
0 0.806999999999988 0.12605902192242877 0.03887652683677304 0.02844856661045532 23-008432
0 0.5493726812816111 0.12262731871838056 0.03925581002542445 0.031163575042158546 23-006715
0 0.1280371938940399 0.13597048903878617 0.28168182656688795 0.2991350758853296 23-000602
0 0.49368634064079964 0.1373136593591899 0.04551398263817338 0.037284991568296774 23-005448
0 0.64421585160201 0.15437268128161868 0.027626371647189268 0.02381112984822935 23-016349
0 0.3486863406408178 0.14962731871838159 0.0836319430976435 0.06951096121416526 23-003360
0 0.6169999999999902 0.1625295109612143 0.02427412407369241 0.02694772344013489 23-012304
0 0.679000000000002 0.19100000000000072 0.2918584136672864 0.28344013490725123 23-000768
0 0.5746863406408169 0.18947048903878602 0.04115222596868168 0.03993254637436763 23-006125
0 0.4786863406408133 0.2034114671163578 0.052910004816876424 0.050640809443507594 23-005321
0 0.39005902192241926 0.2560000000000002 0.025411973639646628 0.023558178752107972 23-011133
0 0.7207453625632364 0.2573136593591909 0.07206380584377442 0.06177065767284991 23-003432
0 0.25511804384486125 0.40243170320404736 0.02067093378150371 0.01854974704890388 23-016264
0 0.49100000000001387 0.4359999999999999 0.09501043875718686 0.0884822934232715 23-002573
0 0.2976863406408017 0.4623726812816185 0.05727176148636803 0.05156829679595285 23-004126
0 0.9893107521702329 0.5950000000000006 0.023516345225487654 0.023743676222597033 23-011294
0 0.15705902192241517 0.6134317032040477 0.0235155576963895 0.0209612141652613 23-013127
0 0.44700000000000273 0.6120000000000001 0.020481292187178056 0.0174367622259697 23-017012
0 0.45599999999998886 0.6219999999999999 0.024843048856669662 0.020775716694772236 23-012069
0 0.4720000000000084 0.6270000000000007 0.037549035676492974 0.03376053962900503 23-006628
0 0.5049999999999955 0.6379999999999999 0.03280799581834987 0.027268128161888634 23-008340
0 0.8103726812816068 0.6743136593591907 0.025411973639646774 0.023187183811129847 23-011401
0 0.5113726812816287 0.7129999999999992 0.04646219060980184 0.043777403035413213 23-004994
0 0.5740000000000123 0.8149999999999995 0.2512751124815818 0.2218549747048903 23-000978
0 0.07627487352445916 0.8158431703204043 0.031229561939377964 0.02991568296795935 23-010489
0 0.8429999999999893 0.8190000000000008 0.026739464799926838 0.025413153456998207 23-010140
0 0.9799999999999898 0.8403726812816186 0.03735939408216725 0.03543001686340639 23-006420
0 0.6459999999999866 0.8640000000000008 0.066184916419677 0.06362563237774034 23-003494
0 0.3640000000000043 0.9440000000000008 0.1139745981897591 0.10091062394603696 23-002221
