0 0.9019999999999868 0.946602866779089 0.13293875762233123 0.11747369308600429 23-001932
0 0.5563726812816161 0.9243726812816182 0.03356656219565283 0.03286677908937607 23-007668
0 0.1840590219224303 0.9125682967959522 0.02218806653610953 0.019106239460371016 23-015056
0 0.2906863406407967 0.9026273187183818 0.02863588074318411 0.025295109612141677 23-011659
0 0.7816863406408106 0.8680000000000003 0.18034915620376174 0.167504215851602 23-001348
0 0.911902192242839 0.8079409780775723 0.028195296430166425 0.02288364249578414 23-016414
0 0.7836863406408201 0.7710000000000008 0.06277136772181405 0.05268128161888703 23-003798
0 0.1529999999999916 0.7335682967959536 0.021619141753132374 0.020775716694772333 23-014206
0 0.0730000000000075 0.7245682967959532 0.021619141753132374 0.018735244519392843 23-015659
0 0.9096863406407965 0.7140000000000004 0.0902693988990437 0.08384485666104557 23-002697
0 0.4405295109612023 0.59668634064081 0.022926199205290314 0.021736930860033706 23-016039
0 0.9490590219224168 0.4599409780775715 0.07756341207922034 0.07048903878583467 23-003130
0 0.8610590219224229 0.4376273187183818 0.08344230150331775 0.07753794266441824 23-002910
0 0.2980000000000018 0.39031365935919005 0.32807995818349944 0.296053962900506 23-000691
0 0.46584317032040823 0.27525463743676226 0.027477597469107575 0.025261382799325494 23-011908
0 0.766059021922424 0.18099999999999916 0.3163221793353046 0.2995784148397977 23-000703
