0 0.8923726812816288 0.7919409780775722 0.052720363222550755 0.04785834738617202 23-004435
0 0.7829021922428199 0.7734704890387857 0.03422296003234542 0.029359190556492453 23-010854
0 0.4619999999999891 0.7650000000000006 0.2728942542347142 0.2595109612141652 23-000843
0 0.5933726812816223 0.7133136593591904 0.0946311555685353 0.07849915682967962 23-002626
0 0.7234317032040507 0.6399409780775713 0.02901516393183542 0.027453625632377694 23-008978
0 0.33105902192242176 0.4619409780775722 0.025032690450995317 0.022816188870151726 23-011648
0 0.26200000000000045 0.4469999999999992 0.23686235131282704 0.22408094435075884 23-000998
0 0.6160590219224183 0.4280000000000008 0.04646219060980184 0.04118043844856673 23-005138
0 0.08556398482766792 0.41000000000000014 0.1882407666208695 0.28585160202360893 23-000736
0 0.13637268128162872 0.3559409780775723 0.029963371903464178 0.02689713322091051 23-008963
0 0.863588532883637 0.35252951096121377 0.023115840799616066 0.023237774030354277 23-016036
0 0.1743726812816112 0.340784148397977 0.023325916102063846 0.024165261382799393 23-014655
0 0.4199999999999875 0.1922731871838107 0.5749933139955896 0.42300101180438354 23-000296
0 0.5770590219224311 0.13362731871838152 0.021619141753132374 0.023962900505902062 23-014244
0 0.7077453625632312 0.11852951096121378 0.02692910639425254 0.027689713322090803 23-010905
