0 0.2949999999999875 0.9926998313659358 0.02275699131908669 0.016060370994941228 23-014485
0 0.6730000000000018 0.9892849915682966 0.035652619733235656 0.0235730185497473 23-006789
0 0.30462731871837384 0.9333136593591911 0.06940882352321438 0.06548060708263069 23-003392
0 0.22894097807758054 0.8829999999999991 0.041531509157333106 0.03784148397976391 23-005762
0 0.4856273187183855 0.7937841483979764 0.021050216970155213 0.020050590219224333 23-016279
0 0.6349999999999909 0.7921349072512649 0.5215143843957357 0.4573032040472172 23-000342
0 0.4627251264755564 0.7480978077571665 0.04189035863786255 0.04104553119730181 23-006068
0 0.9230000000000018 0.6859999999999999 0.10733714238835886 0.09794266441821245 23-002335
0 0.08809780775716104 0.6761568296795949 0.022357274422313157 0.022681281618887092 23-016967
0 0.3669999999999903 0.5730000000000004 0.2256734972476094 0.21610455311973023 23-001041
0 0.42525463743675024 0.5237841483979768 0.02617054001694968 0.026543001686340655 23-010476
0 0.7449409780775716 0.46568634064080994 0.10297538571886707 0.09664418212478931 23-002387
0 0.32194097807756983 0.33399999999999963 0.0439559824673234 0.04273187183811116 23-006041
0 0.03464507356409145 0.24799999999999933 0.07621916184100122 0.08569983136593601 23-002662
0 0.45699999999999363 0.01570741989881963 0.06637455801400274 0.03455632377740301 23-003523
