0 0.9220590219224299 0.982254637436763 0.02465340726234389 0.023372681281618887 23-011525
0 0.1560590219224387 0.8949999999999996 0.029204805526161365 0.027268128161888693 23-009004
0 0.5580590219224256 0.8723136593591911 0.02958408871481258 0.027639123102866755 23-008820
0 0.9683726812816223 0.7318819561551442 0.023136274507738107 0.021517706576728485 23-012983
0 0.48668634064082306 0.5410000000000004 0.08097696077708337 0.07123102866779087 23-003072
0 0.9263726812816206 0.49325463743676223 0.021619141753132325 0.01984822934232712 23-014600
0 0.6119999999999948 0.4920000000000009 0.04285900031761324 0.03802698145025287 23-005608
0 0.6999999999999886 0.47300000000000075 0.2167603423143003 0.19792580101180435 23-001133
0 0.6740000000000066 0.45762731871838136 0.1378694390748 0.1270657672849916 23-001815
0 0.7703726812816147 0.4106273187183809 0.03698011089351579 0.03598650927487339 23-006406
0 0.4156863406407967 0.40000000000000036 0.022377708130435187 0.0209612141652613 23-013645
0 0.16668634064080146 0.37700000000000067 0.035842261327561506 0.031349072512647416 23-007046
0 0.4087453625632246 0.37162731871838106 0.023325916102063846 0.0209612141652613 23-013135
0 0.5689999999999884 0.4064131534569988 0.20746790419234004 0.18920741989881965 23-001188
0 0.09700000000000841 0.18062731871838034 0.08135624396573478 0.07364249578414853 23-003019
0 0.4456863406407978 0.11494097807757087 0.020481292187178056 0.018920741989882 23-016103
0 0.9210590219224252 0.10256829679595347 0.048168964958733414 0.0448903878583472 23-004838
0 0.4483726812816121 0.0809999999999994 0.04760004017575635 0.04470489038785833 23-004877
