0 0.7991568296796067 0.024529510961214404 0.0180363851690658 0.023052276559865092 23-017481
0 0.5169999999999959 0.03778414839797674 0.10373395209617006 0.08312512647554883 23-002444
0 0.31462731871839317 0.0739409780775723 0.02427412407369241 0.02881956155143337 23-012228
0 0.47547048903879446 0.12909780775716675 0.028384938024492174 0.026205733558178738 23-013176
0 0.6380000000000052 0.18099999999999916 0.02446376566801816 0.0224451939291737 23-011911
0 0.43362731871839294 0.210470489038785 0.029394447120486923 0.03102866779089372 23-009439
0 0.8129409780775837 0.31868634064080964 0.058978535835299696 0.05527824620573351 23-003936
0 0.22999999999998977 0.34999999999999964 0.06542635004237418 0.060101180438448545 23-003597
0 0.7400000000000091 0.48799999999999955 0.02067093378150371 0.019291736930860125 23-015772
0 0.5529999999999973 0.5611568296795947 0.054806420760133555 0.04485666104553124 23-005573
0 0.2506273187183718 0.5579409780775723 0.032807995818349964 0.023001686340640787 23-009179
0 0.42962731871837384 0.6799999999999997 0.023325916102063797 0.023220910623946198 23-013824
0 0.41431365935918735 0.6984704890387864 0.037738677270818775 0.03677908937605387 23-006838
0 0.6690978077571783 0.720784148397976 0.02349512398826728 0.022124789207419907 23-016489
0 0.46094097807757983 0.8316273187183819 0.025601615233972475 0.022816188870151726 23-011209
0 0.7760000000000105 0.9269999999999996 0.1183363548592507 0.11148397976391253 23-002094
0 0.029784148397968207 0.9845295109612134 0.024632973554221824 0.023979763912310333 23-014514
