0 0.6477453625632289 0.955940978077572 0.053099646411202274 0.05045531197301855 23-004309
0 0.6627453625632437 0.9255682967959521 0.04911717293036207 0.0439629005059022 23-004829
0 0.7430590219224279 0.7834114671163579 0.02142950015880662 0.02286677908937606 23-016756
0 0.6690590219224156 0.6472546374367621 0.0199123674042009 0.017993254637436694 23-017422
0 0.4230590219224347 0.575254637436763 0.03045056185395312 0.032192242833052186 23-012468
0 0.8293010651453722 0.5350000000000001 0.3755376566801812 0.425902192242833 23-000393
0 0.6874317032040493 0.49731365935919114 0.06239208453316254 0.05620573355817882 23-003792
0 0.8607453625632512 0.43194097807757104 0.03148050465806985 0.028752107925801126 23-008263
0 0.33368634064080305 0.41862731871838177 0.03641118611053866 0.034688026981450334 23-006578
0 0.4689999999999941 0.36400000000000077 0.35633655573803186 0.3287015177065767 23-000612
0 0.1670000000000016 0.33500000000000085 0.02825659755453261 0.02652613827993258 23-009421
0 0.16231365935917785 0.2810000000000006 0.29687082995224345 0.2797301854974707 23-000747
0 0.5969021922428412 0.27094097807757145 0.03146007094994777 0.02841483979763897 23-009535
0 0.69174536256324 0.2216273187183807 0.03356656219565278 0.029865092748735306 23-007669
0 0.28299999999998704 0.01162731871838163 0.02579125682829813 0.02207419898819586 23-011591
