0 0.33099999999998886 0.02568634064080858 0.02029165059285221 0.021365935919055657 23-017236
0 0.14005902192241926 0.1374704890387864 0.023285048685819692 0.023423271500843196 23-017071
0 0.8946863406408101 0.16662731871838105 0.04760004017575625 0.045075885328836454 23-004865
0 0.12368634064082362 0.18278414839797577 0.031670146252395455 0.03232715008431701 23-008598
0 0.5793726812816122 0.29162731871838105 0.028446239148858313 0.027301854974704984 23-009948
0 0.13900000000001 0.37100000000000044 0.11757778848194779 0.10443507588532876 23-002152
0 0.3650000000000091 0.3849999999999998 0.055564987137436746 0.049342327150084304 23-004268
0 0.5326863406408153 0.43068634064080974 0.022377708130435187 0.023406408094435067 23-014309
0 0.03152951096121048 0.5206273187183802 0.03164971254427371 0.031197301854974706 23-008721
0 0.1980590219224403 0.5253136593591898 0.031101221469418395 0.03175379426644189 23-008344
0 0.1438431703204055 0.5641568296795948 0.021788349639336093 0.022866779089376153 23-017070
0 0.8031568296795973 0.5933726812816187 0.024632973554221786 0.024519392917369248 23-013190
0 0.7000590219224215 0.6639409780775721 0.03356656219565278 0.030607082630691552 23-007594
0 0.3089999999999975 0.6829999999999998 0.2761181613382515 0.2546880269814502 23-000845
0 0.5449999999999875 0.6950000000000003 0.01934344262122374 0.018178752107925945 23-017520
0 0.382000000000005 0.9128431703204055 0.027687672771555642 0.02227655986509281 23-011651
0 0.8647453625632419 0.9629999999999992 0.0235155576963895 0.021703204047217737 23-012821
