0 0.7040000000000077 0.9837681281618889 0.019912367404200708 0.017160370994940617 23-016556
0 0.8752546374367673 0.9853136593591907 0.025181464629076722 0.02192242833052276 23-015356
0 0.5023136593591813 0.7376273187183808 0.048737889741710665 0.04396290050590218 23-004874
0 0.06301469857372956 0.7249999999999996 0.13863233686220502 0.1467284991568297 23-001578
0 0.16831365935917805 0.6799409780775721 0.03148050465806985 0.028381112984823004 23-008265
0 0.43362731871839294 0.5209409780775716 0.0235155576963895 0.0209612141652613 23-013218
0 0.7116273187183846 0.5072546374367616 0.023705199290715347 0.017993254637436694 23-014234
0 0.6363136593591958 0.4489409780775723 0.03489405335593285 0.03172006745362554 23-007201
0 0.943000000000012 0.24900000000000055 0.09937219542667827 0.07160202360876904 23-003055
0 0.5699999999999932 0.21856829679595302 0.022567349724761033 0.01966273187183825 23-014153
0 0.8760000000000048 0.15300000000000047 0.2622743249524736 0.24225969645868478 23-000898
0 0.6550000000000011 0.15300000000000047 0.03413548697863003 0.02912310286677906 23-007676
0 0.8623136593591949 0.03394097807757135 0.024653407262343913 0.02003372681281637 23-013412
