0 0.8950000000000102 0.9693726812816182 0.027308389582903995 0.02634064080944351 23-009725
0 0.7073726812816266 0.9490590219224292 0.03508369495025859 0.03190556492411467 23-007138
0 0.33237268128162667 0.9390000000000001 0.12478416906632508 0.10443507588532885 23-002128
0 0.7633726812816097 0.9157453625632385 0.04088084954186771 0.03753794266441822 23-007399
0 0.2299021922428226 0.8254704890387853 0.021788349639336 0.023423271500843196 23-016715
0 0.6542158516020293 0.785372681281619 0.06460648254070508 0.06053962900505908 23-003956
0 0.6742158516020111 0.5985885328836418 0.04321784979814253 0.04816188870151771 23-005841
0 0.15774536256324823 0.4703136593591901 0.0713052394664715 0.0658516020236087 23-003344
0 0.8313726812816218 0.20905902192242898 0.032428712629698514 0.03438448566610453 23-008214
0 0.38737268128160507 0.17462731871838189 0.05366857119417923 0.049342327150084304 23-004357
0 0.20137268128162633 0.17968634064081024 0.024274124073692314 0.022849915682968073 23-013464
0 0.15268634064081987 0.061059021922427514 0.035652619733235656 0.03301854974704917 23-006890
0 0.4915682967959528 0.5666104553119731 0.01854974704890388 0.02023608768971332 
0 0.9409780775716695 0.09696458684654297 0.02023608768971332 0.021922428330522766 
0 0.539629005059022 0.14586846543001686 0.026981450252951095 0.025295109612141653 
0 0.3397976391231029 0.14839797639123098 0.025295109612141653 0.026981450252951095 
0 0.6408094435075885 0.684654300168634 0.02023608768971332 0.02023608768971332 
0 0.31703204047217537 0.7462057335581788 0.023608768971332208 0.01854974704890388 
0 0.17875210792580098 0.7723440134907251 0.02023608768971332 0.02023608768971332 
