0 0.057568296795955286 0.6779409780775715 0.027498031177229706 0.025598650927487365 23-009886
0 0.5740000000000123 0.662940978077571 0.023894840885041003 0.022293423271500794 23-014246
0 0.9615883485313541 0.641 0.08450563323102123 0.11129848229342328 23-002001
0 0.6769999999999925 0.6150000000000002 0.38478279488689016 0.36561551433389544 23-000531
0 0.5260000000000105 0.5370000000000008 0.07339129700405449 0.0658516020236087 23-003314
0 0.4416273187183743 0.48368634064080873 0.023705199290715157 0.021888701517706607 23-012457
0 0.0702546374367604 0.4613136593591898 0.025032690450995317 0.023558178752107972 23-011275
0 0.7676273187183676 0.2166273187183817 0.0430486419119389 0.0398819561551433 23-005480
0 0.39694097807755846 0.17900000000000027 0.050065380901990635 0.04655986509274876 23-004629
0 0.9897763434739039 0.17800000000000082 0.02249204435741186 0.025969645868465393 23-009225
