0 0.10762731871837111 0.7919409780775722 0.052720363222550755 0.04785834738617202 23-004435
0 0.21709780775718013 0.7734704890387857 0.03422296003234542 0.029359190556492453 23-010854
0 0.5380000000000109 0.7650000000000006 0.2728942542347142 0.2595109612141652 23-000843
0 0.40662731871837765 0.7133136593591904 0.0946311555685353 0.07849915682967962 23-002626
0 0.27656829679594935 0.6399409780775713 0.02901516393183542 0.027453625632377694 23-008978
0 0.6689409780775782 0.4619409780775722 0.025032690450995317 0.022816188870151726 23-011648
0 0.7379999999999995 0.4469999999999992 0.23686235131282704 0.22408094435075884 23-000998
0 0.38394097807758165 0.4280000000000008 0.04646219060980184 0.04118043844856673 23-005138
0 0.9144360151723321 0.41000000000000014 0.1882407666208695 0.28585160202360893 23-000736
0 0.8636273187183713 0.3559409780775723 0.029963371903464178 0.02689713322091051 23-008963
0 0.13641146711636296 0.35252951096121377 0.023115840799616066 0.023237774030354277 23-016036
0 0.8256273187183888 0.340784148397977 0.023325916102063846 0.024165261382799393 23-014655
0 0.5800000000000125 0.1922731871838107 0.5749933139955896 0.42300101180438354 23-000296
0 0.4229409780775689 0.13362731871838152 0.021619141753132374 0.023962900505902062 23-014244
0 0.2922546374367688 0.11852951096121378 0.02692910639425254 0.027689713322090803 23-010905
