0 0.5762546374367606 0.9740590219224278 0.025980898422623976 0.022630691399662735 23-011269
0 0.3240000000000123 0.9253136593591902 0.025791256828298227 0.02526138279932547 23-011737
0 0.42431365935917825 0.8696273187183805 0.03261835422402421 0.028937605396290044 23-007902
0 0.8526273187183756 0.8496863406408102 0.027877314365881107 0.025598650927487365 23-009839
0 0.4193136593591828 0.7606273187183805 0.04532434104384753 0.04303541315345701 23-005097
0 0.6646273187183874 0.6859999999999999 0.051582513656596454 0.04600337268128167 23-004586
0 0.06731365935917896 0.6346273187183811 0.05253072162822502 0.04989881956155139 23-004366
0 0.1407841483979866 0.612940978077572 0.03070150457264496 0.033456998313659315 23-009158
0 0.9119409780775733 0.5966273187183808 0.030721938280766893 0.028381112984823004 23-008493
0 0.3093136593591976 0.5879999999999992 0.040583301185704516 0.029308600337268217 23-006848
0 0.0946273187183943 0.5659409780775714 0.0470311153927791 0.04433389544688035 23-004911
0 0.3053136593591785 0.5396273187183804 0.03565261973323575 0.03264755480607085 23-006944
0 0.5524704890387927 0.4486863406408086 0.056113478212291686 0.05030354131534577 23-004413
0 0.59162731871838 0.33368634064081015 0.05404785438283074 0.04655986509274876 23-004457
0 0.17862731871836907 0.24388195615514285 0.31139149788283577 0.2925295109612142 23-000721
0 0.9733136593591849 0.23768634064081007 0.03773867727081863 0.03376053962900503 23-006535
0 0.5416273187183686 0.0313726812816193 0.023705199290715347 0.02114671163575036 23-013058
