0 0.41284317032041096 0.03221585160202407 0.023064120364799934 0.024451939291736932 17-004030
0 0.34468634064081294 0.23252951096121457 0.022509242163578105 0.022596964586846506 17-004976
0 0.6558431703204058 0.2542158516020236 0.020305697174607635 0.021585160202360894 17-005459
0 0.07490219224283556 0.35884317032040525 0.0367055409035187 0.032546374367622276 17-002492
0 0.9916901427492126 0.5150000000000006 0.016619714501574703 0.03541315345699832 17-002432
0 0.944902192242826 0.5389409780775721 0.026781604545192853 0.027487352445193854 17-003694
0 0.3295295109612123 0.6874704890387854 0.04342919742961233 0.038448566610455426 17-001555
0 0.6900590219224306 0.7068431703204042 0.024922862454996354 0.022596964586846506 17-004403
0 0.6220590219224328 0.7171568296795953 0.02795074083784119 0.02495784148397988 17-003981
0 0.7400590219224278 0.7303136593591898 0.031915974173742714 0.02934232715008428 17-002948
0 0.550529510961216 0.7491568296795953 0.023161174108065494 0.021922428330522766 17-005475
0 0.9436863406408025 0.8608431703204041 0.022412188420312614 0.02327150084317034 17-004122
0 0.8255295109612075 0.8691568296795945 0.06660633935359447 0.06256323777403029 17-000682
0 0.8735295109612093 0.9269409780775721 0.028333217589676045 0.024114671163574967 17-003421
0 0.24789207419898818 0.2318718381112985 0.02023608768971332 0.01854974704890388 
0 0.31534569983136596 0.9586846543001686 0.023608768971332208 0.021922428330522766 
