0 0.4963726812816139 0.044463743676222724 0.09225648145919974 0.08892748735244545 17-000414
0 0.38762731871838646 0.11215682967959482 0.026474475499479625 0.025126475548060682 17-003591
0 0.5910978077571611 0.23431365935919118 0.027643611792128042 0.026138279932546374 17-003749
0 0.9910726195010496 0.2796863406408099 0.017854760997900555 0.03102866779089372 17-005015
0 0.5186273187183866 0.2852158516020242 0.06045926706586654 0.05632377740303547 17-000862
0 0.6233136593591906 0.4311568296795956 0.06829267999440401 0.06711635750421592 17-000646
0 0.9551568296795984 0.6668431703204051 0.043698652622265056 0.041821247892074316 17-001832
0 0.8126273187183837 0.7046863406408088 0.02337124941051318 0.025463743676222443 17-004457
0 0.479784148397971 0.9198431703204053 0.06549658295115092 0.05868465430016856 17-000765
0 0.9764704890387851 0.9268431703204049 0.02220211311786486 0.023608768971332208 17-004431
