0 0.9449999999999932 0.9629999999999992 0.08590764222955212 0.07994940978077571 23-002836
0 0.0643596804563944 0.8789999999999996 0.14159129700406728 0.13318718381112984 23-001747
0 0.8569999999999993 0.8209409780775722 0.021619141753132325 0.019662731871838104 23-014954
0 0.8194317032040542 0.6743136593591907 0.035273336544584345 0.03227655986509272 23-007053
0 0.23637268128162303 0.6573136593591913 0.08040803599410602 0.07623946037099501 23-003000
0 0.24252951096122322 0.5885295109612145 0.026867805269886167 0.02602023608768963 23-013880
0 0.5064317032040377 0.5106273187183805 0.02199842494178368 0.019291736930860125 23-014930
0 0.7848043844856623 0.4280000000000008 0.14848936835704044 0.13875210792580098 23-001672
0 0.6835885328836302 0.39199999999999946 0.023684765582593224 0.0260370994940979 23-014882
0 0.09737268128161303 0.2880590219224278 0.022946632913412535 0.021517706576728485 23-013132
0 0.48500000000001364 0.22600000000000087 0.03508369495025869 0.032091062394603666 23-007139
0 0.8079021922428256 0.17505902192242828 0.026719031091804762 0.02581787521079268 23-011595
0 0.15368634064079612 0.13700000000000034 0.24956833813265028 0.23317032040472183 23-000948
0 0.28474536256322935 0.1125885328836429 0.02537110622340257 0.021382799325463466 23-017089
