0 0.11952584841624993 0.014061551433389661 0.03413548697862998 0.02583979763912287 23-007585
0 0.010559946742726853 0.27399999999999913 0.023231882833999074 0.023187183811129847 23-011632
0 0.8772546374367484 0.289529510961215 0.022946632913412535 0.023608768971332208 23-014739
0 0.16994097807758304 0.32952951096121413 0.020291650592852258 0.02305227655986512 23-016992
0 0.6722546374367643 0.3965295109612143 0.02199842494178368 0.023423271500843147 23-015232
0 0.7966273187183924 0.5069999999999997 0.10885427514296449 0.0907082630691401 23-002391
0 0.052254637436759725 0.5726273187183817 0.028784654921265654 0.02785834738617217 23-010788
0 0.42662731871838794 0.6040590219224286 0.022377708130435187 0.01984822934232731 23-014073
0 0.7387841483979714 0.6270000000000007 0.03767737614645254 0.03419898819561547 23-008378
0 0.899254637436768 0.6683726812816181 0.025750389412054264 0.027150084317031888 23-013942
0 0.9363136593591788 0.6887453625632382 0.021429500158806524 0.01762225969645876 23-016430
0 0.34531365935919894 0.7123726812816186 0.06883989874023712 0.06473861720067471 23-003416
0 0.9393136593591931 0.7629999999999999 0.04380720828924152 0.037470489038785686 23-005632
0 0.8909409780775582 0.8171568296795949 0.028784654921265515 0.02731871838111306 23-011852
0 0.8512546374367664 0.8320000000000007 0.031480504658069994 0.02652613827993258 23-008804
0 0.7339409780775761 0.8586863406408087 0.055754628731762214 0.053237774030354026 23-004113
0 0.8492546374367568 0.8599999999999994 0.028825522337509957 0.02522765598650924 23-009655
0 0.26131365935919576 0.8823726812816184 0.02370519929071525 0.02263069139966247 23-012132
0 0.5616273187183788 0.9053136593591905 0.05006538090199083 0.043777403035413213 23-004787
