0 0.6929409780775792 0.9203726812816186 0.040014376402727266 0.03580101180438447 23-006070
0 0.5429409780775735 0.9057453625632369 0.030721938280767087 0.028195615514333895 23-008503
0 0.4135682967959498 0.7756863406408085 0.03660082770486441 0.030978077571669486 23-006988
0 0.7073136593591938 0.7673136593591907 0.07775305367354608 0.06659359190556494 23-003196
0 0.46799999999998926 0.6696273187183812 0.023136274507738 0.019106239460370968 23-014345
0 0.7637841483979771 0.5261568296795945 0.028805088629387736 0.02713322091062381 23-011008
0 0.3346863406408079 0.5129409780775724 0.020102008998526554 0.01873524451939294 23-016710
0 0.9076273187183825 0.43062731871838034 0.047031115392779 0.04433389544688021 23-004913
0 0.1609409780775685 0.4289409780775709 0.03314641159075726 0.02934232715008428 23-009245
0 0.546999999999997 0.41931365935918996 0.2000718820136367 0.17807757166947727 23-001243
0 0.13831365935917692 0.3497251264755481 0.06751240757995705 0.06893760539629004 23-003603
0 0.4139409780775828 0.3136863406408088 0.02522233204532107 0.023929173693086097 23-011063
0 0.44631365935919803 0.3076863406408086 0.3377516794941111 0.3068128161888701 23-000654
0 0.4229409780775689 0.27568634064080855 0.024653407262343816 0.02207419898819567 23-012241
0 0.6044114671163522 0.20141146711635716 0.0373389603740451 0.03529510961214176 23-007227
0 0.8362546374367515 0.043470489038785254 0.028026088543962702 0.025463743676222443 23-012853
