0 0.4660590219224411 0.04805902192242759 0.026739464799926792 0.023558178752107924 23-010786
0 0.5504317032040489 0.10105902192242842 0.024843048856669662 0.021888701517706596 23-012131
0 0.8077453625632255 0.21599999999999933 0.0197227258098751 0.01854974704890388 23-016964
0 0.3600590219224181 0.32290219224283323 0.021808783347457835 0.021753794266441782 23-016952
0 0.052686340640797025 0.4653726812816186 0.020102008998526745 0.020994940978077647 23-017491
0 0.7237453625632507 0.5285885328836433 0.020860575375829464 0.022681281618887092 23-016683
0 0.8248647705497599 0.5350000000000001 0.3852975047905282 0.632175379426644 23-000208
0 0.8726863406408187 0.6536863406408088 0.024274124073692456 0.01984822934232731 23-013055
0 0.027431703204052638 0.690156829679596 0.03314641159075731 0.02954468802698161 23-009742
0 0.2115885328836502 0.7265295109612143 0.030701504572644863 0.03403035413153448 23-009403
0 0.033431703204052865 0.8596273187183806 0.030599336032034716 0.026593591905565084 23-015370
0 0.10298558084955833 0.8752521079258013 0.22656827786902825 0.27444536256323715 23-000638
0 0.6359999999999957 0.9101163575042158 0.2880655817807721 0.19774401349072523 23-000826
0 0.8079999999999927 0.9523330522765595 0.1526614834322064 0.1048672849915688 23-001635
0 0.347588532883646 0.9688431703204047 0.022546916016638812 0.022866779089375962 23-017005
