0 0.42374536256323936 0.02594097807757225 0.025980898422623976 0.022630691399662735 23-011269
0 0.6759999999999877 0.07468634064080984 0.025791256828298227 0.02526138279932547 23-011737
0 0.5756863406408217 0.13037268128161955 0.03261835422402421 0.028937605396290044 23-007902
0 0.1473726812816244 0.1503136593591898 0.027877314365881107 0.025598650927487365 23-009839
0 0.5806863406408171 0.2393726812816195 0.04532434104384753 0.04303541315345701 23-005097
0 0.3353726812816126 0.31400000000000006 0.051582513656596454 0.04600337268128167 23-004586
0 0.932686340640821 0.365372681281619 0.05253072162822502 0.04989881956155139 23-004366
0 0.8592158516020134 0.387059021922428 0.03070150457264496 0.033456998313659315 23-009158
0 0.08805902192242665 0.40337268128161924 0.030721938280766893 0.028381112984823004 23-008493
0 0.6906863406408024 0.4120000000000008 0.040583301185704516 0.029308600337268217 23-006848
0 0.9053726812816056 0.4340590219224286 0.0470311153927791 0.04433389544688035 23-004911
0 0.6946863406408215 0.4603726812816196 0.03565261973323575 0.03264755480607085 23-006944
0 0.4475295109612073 0.5513136593591914 0.056113478212291686 0.05030354131534577 23-004413
0 0.40837268128161996 0.6663136593591898 0.05404785438283074 0.04655986509274876 23-004457
0 0.8213726812816309 0.7561180438448571 0.31139149788283577 0.2925295109612142 23-000721
0 0.0266863406408151 0.7623136593591899 0.03773867727081863 0.03376053962900503 23-006535
0 0.45837268128163144 0.9686273187183807 0.023705199290715347 0.02114671163575036 23-013058
