0 0.3522546374367711 0.044059021922428034 0.053099646411202274 0.05045531197301855 23-004309
0 0.3372546374367563 0.07443170320404795 0.04911717293036207 0.0439629005059022 23-004829
0 0.2569409780775721 0.21658853288364213 0.02142950015880662 0.02286677908937606 23-016756
0 0.3309409780775844 0.35274536256323785 0.0199123674042009 0.017993254637436694 23-017422
0 0.5769409780775653 0.42474536256323703 0.03045056185395312 0.032192242833052186 23-012468
0 0.17069893485462784 0.4649999999999998 0.3755376566801812 0.425902192242833 23-000393
0 0.3125682967959507 0.5026863406408089 0.06239208453316254 0.05620573355817882 23-003792
0 0.13925463743674882 0.568059021922429 0.03148050465806985 0.028752107925801126 23-008263
0 0.666313659359197 0.5813726812816182 0.03641118611053866 0.034688026981450334 23-006578
0 0.5310000000000059 0.6359999999999992 0.35633655573803186 0.3287015177065767 23-000612
0 0.8329999999999984 0.6649999999999991 0.02825659755453261 0.02652613827993258 23-009421
0 0.8376863406408221 0.7189999999999994 0.29687082995224345 0.2797301854974707 23-000747
0 0.40309780775715875 0.7290590219224286 0.03146007094994777 0.02841483979763897 23-009535
0 0.30825463743675996 0.7783726812816193 0.03356656219565278 0.029865092748735306 23-007669
0 0.717000000000013 0.9883726812816184 0.02579125682829813 0.02207419898819586 23-011591
