0 0.7790590219224293 0.04037268128161969 0.02465340726234389 0.022630691399662735 23-012011
0 0.2719021922428242 0.15594097807757126 0.03559131860886957 0.03308600337268129 23-008911
0 0.32937268128161235 0.1768431703204049 0.047220756987104845 0.03715008431703204 23-005814
0 0.11905902192243267 0.2623726812816192 0.01934344262122374 0.01854974704890388 23-017345
0 0.9210590219224252 0.260313659359191 0.022567349724760936 0.020404721753794305 23-014052
0 0.03437268128162474 0.33399999999999963 0.022946632913412535 0.022074198988195574 23-012758
0 0.4405295109612023 0.4064704890387865 0.028005654835840867 0.02620573355817869 23-013407
0 0.43437268128163053 0.42868634064080896 0.024653407262343816 0.020590219224283317 23-012951
0 0.8486863406408178 0.4536863406408094 0.03887652683677304 0.03580101180438452 23-006199
0 0.2643726812816145 0.5389999999999997 0.023894840885041003 0.022816188870151726 23-012053
0 0.3160000000000025 0.5449999999999999 0.0546167791658079 0.05212478920742004 23-004193
0 0.61099999999999 0.8309999999999995 0.15929893923360663 0.143575042158516 23-001580
