0 0.5759999999999934 0.02407504215851642 0.06739339284565711 0.05296509274873613 23-003584
0 0.4519999999999982 0.06605902192242827 0.021512580202144787 0.01966273187183813 23-014809
0 0.561000000000007 0.19674536256323727 0.020751072938352037 0.017993254637436742 23-016739
0 0.9310000000000116 0.3313726812816183 0.10775327782667217 0.09682967959527827 23-002337
0 0.18199999999998795 0.33200000000000074 0.11917588678356318 0.10981450252951097 23-002105
0 0.11462731871837611 0.47637268128161964 0.08414655264909732 0.07957841483979773 23-002858
0 0.989424141052685 0.5190000000000001 0.021151717894629895 0.027453625632377694 23-008966
0 0.3266273187183936 0.5980000000000008 0.021322203386196552 0.018178752107925945 23-016078
0 0.15694097807757781 0.718 0.03141217463145036 0.028566610455312065 23-008324
0 0.4559409780775844 0.9090000000000006 0.021512580202144787 0.01725126475548064 23-016981
0 0.4933136593591951 0.9146273187183804 0.02551049333705676 0.02207419898819586 23-011690
0 0.45362731871837475 0.9320000000000005 0.020560696122403996 0.019477234401348995 23-015566
0 0.5552546374367741 0.9350000000000005 0.03198330507929502 0.02819561551433394 23-008249
