0 0.8569999999999993 0.22662731871838152 0.026843131048693923 0.023929173693086 23-010505
0 0.38700000000000045 0.3052546374367616 0.026272000600849506 0.020775716694772427 23-012267
0 0.07168634064080248 0.35962731871838066 0.039217624085326024 0.03802698145025287 23-005948
0 0.7993726812816111 0.37494097807757243 0.02322597154567847 0.02155143338954464 23-014775
0 0.147686340640796 0.4499999999999993 0.06777414647755349 0.06214165261382803 23-003518
0 0.26121585160202865 0.497784148397977 0.02319892084295423 0.02490725126475545 23-014842
0 0.28568634064080123 0.5150000000000006 0.08490805991289012 0.07531197301854989 23-002941
0 0.026902192242819645 0.5287841483979758 0.02529306581838443 0.026762225969645875 23-012791
0 0.693000000000012 0.5589999999999993 0.03065066736765766 0.02671163575042164 23-008936
0 0.45668634064082203 0.5806273187183808 0.061491711551263366 0.05268128161888684 23-003980
0 0.8787453625632519 0.7599409780775722 0.02969878328791668 0.02652613827993258 23-009105
0 0.529745362563234 0.8463726812816189 0.027223884680590296 0.024300168634064218 23-010240
0 0.44300000000001205 0.8499999999999996 0.020751072938352037 0.017807757166947824 23-017094
0 0.717000000000013 0.9550000000000001 0.0205606961224039 0.01743676222596951 23-017611
0 0.5075885328836425 0.7057335581787522 0.984822934232715 0.5885328836424958 
