0 0.4819999999999993 0.9822554806070823 0.0529247548335951 0.03903794266441884 23-004605
0 0.1749021922428442 0.9753136593591909 0.021866283131316777 0.017807757166947727 23-017359
0 0.3417453625632457 0.8704704890387852 0.03674272547799955 0.037335581787521104 23-006878
0 0.46221585160202194 0.6849409780775711 0.023770051290798743 0.023220910623946007 23-014478
0 0.12737268128161416 0.6609999999999996 0.02379710199352303 0.01984822934232712 23-013808
0 0.09174536256324572 0.6526273187183818 0.04035988498101505 0.03672849915682973 23-005962
0 0.9056863406408058 0.641 0.15668011952535538 0.14487352445193924 23-001590
0 0.6090590219224418 0.4939999999999998 0.020179942490507526 0.019291736930860125 23-016195
0 0.37868634064081896 0.4896273187183815 0.10032858200469293 0.09404721753794264 23-002455
0 0.12568634064080475 0.4640000000000004 0.06777414647755349 0.06344013490725127 23-003472
0 0.7126863406408221 0.3943136593591914 0.19113832321197669 0.17381112984822944 23-001290
0 0.8953726812816147 0.3796863406408095 0.03864649363748137 0.03431703204047221 23-006392
0 0.2760590219224148 0.3549409780775711 0.024558609257315584 0.020404721753794115 23-012670
0 0.632000000000005 0.2554907251264764 0.1955169899787849 0.1769645868465429 23-001262
0 0.5140590219224145 0.216254637436763 0.029889160103865012 0.028566610455312065 23-008633
0 0.4865295109612231 0.08578414839797621 0.023960428106746978 0.024536256323777327 23-014746
