0 0.48599999999999 0.8981028667790896 0.24044591854255634 0.22417369308600305 23-000984
0 0.88900000000001 0.8810000000000002 0.023225971545678514 0.020590219224283317 23-013488
0 0.12401607554267147 0.8070000000000004 0.2728353661938772 0.29716694772344016 23-000679
0 0.10699999999999932 0.7170000000000005 0.022464464281885685 0.01984822934232712 23-014236
0 0.6712546374367595 0.7046863406408088 0.021702957018093022 0.018735244519392843 23-015381
0 0.12394097807756235 0.6839999999999993 0.0534958852814397 0.048414839797639185 23-004372
0 0.3335682967959657 0.6307453625632383 0.16829310529819463 0.15136593591905564 23-001491
0 0.8903136593591866 0.5906863406408098 0.05673229115255903 0.05268128161888708 23-004106
0 0.16894097807757827 0.5043726812816183 0.07424695821979174 0.06622259696458682 23-003288
0 0.35962731871838066 0.40962731871838143 0.021322203386196552 0.019477234401349186 23-015188
0 0.5289409780775635 0.33068634064081004 0.02341634836162656 0.024519392917369248 23-013023
0 0.44062731871836947 0.3249999999999993 0.019608812042663012 0.018178752107925945 23-017403
0 0.4819409780775664 0.27800000000000047 0.024558609257315775 0.02114671163575036 23-012272
0 0.9267287994697582 0.2159999999999993 0.16119664116653212 0.2671163575042158 23-000779
0 0.08656829679595164 0.059568296795952325 0.025700870153004825 0.02225969645868473 23-011528
0 0.2165682967959471 0.04762731871838122 0.026272000600849388 0.024485666104553088 23-010559
