0 0.4970000000000141 0.991278246205734 0.023225971545678514 0.019187858347385206 23-013622
0 0.8760000000000048 0.8819999999999997 0.06777414647755349 0.05639123102866779 23-003651
0 0.9000000000000057 0.8550000000000004 0.034458203686621114 0.02801011804384488 23-007824
0 0.2371100951794088 0.8080590219224283 0.5216422093946994 0.42227015177065785 23-000293
0 0.8624981011429564 0.8070000000000004 0.3025041774854958 0.27268128161888705 23-000748
0 0.8859999999999957 0.6679999999999993 0.02379710199352303 0.021517706576728485 23-012635
0 0.44231365935917893 0.6183136593591898 0.022083710649989298 0.018920741989881907 23-015147
0 0.9339999999999975 0.5709999999999997 0.020370319306455567 0.01873524451939289 23-016406
0 0.5337841483979873 0.5479409780775725 0.02891022532139974 0.026374367622259674 23-010851
0 0.6150978077571763 0.5431568296795957 0.026435326714073455 0.02620573355817869 23-012587
0 0.6560000000000059 0.31900000000000084 0.11555872728054749 0.1016526138279934 23-002209
0 0.7594704890387863 0.23600000000000065 0.026054573082176985 0.025075885328836433 23-012520
0 0.10599999999999454 0.15300000000000047 0.0203703193064557 0.01725126475548064 23-017561
0 0.17599999999998772 0.13499999999999968 0.14411524967277525 0.13374367622259686 23-001748
0 0.8880000000000052 0.12599999999999933 0.020370319306455567 0.018920741989882 23-016220
0 0.33962731871837043 0.06137268128161866 0.036361971846103174 0.0339460370994939 23-006695
0 0.9783468770666182 0.04299999999999926 0.04763687045344025 0.06919055649241142 23-003165
0 0.5660000000000025 0.015000000000000568 0.03160255144739855 0.028566610455312065 23-008201
0 0.5120000000000005 0.013999999999999235 0.020751072938352037 0.018178752107925755 23-016822
