0 0.936000000000007 0.10100000000000087 0.020751072938352044 0.02003372681281618 23-015161
0 0.9089999999999918 0.10925463743676188 0.03274481234308765 0.029123102866779108 23-007974
0 0.46100000000001273 0.1460000000000008 0.09499803115814369 0.08458684654300168 23-002625
0 0.19305902192241653 0.18599999999999994 0.03141217463145032 0.026340640809443514 23-008676
0 0.7980000000000018 0.3000000000000007 0.20160904808912683 0.18234401349072515 23-001225
0 0.15937268128162474 0.3413726812816181 0.05825530568014424 0.05045531197301858 23-004117
0 0.6709999999999923 0.39505902192242887 0.02246446428188567 0.019477234401349092 23-014521
0 0.32368634064081214 0.39700000000000024 0.036552348662051315 0.03153456998313667 23-006999
0 0.07068503431452156 0.40700000000000003 0.15550707549194714 0.2500505902192243 23-000883
0 0.14237268128162894 0.4643726812816192 0.02360672517757489 0.02021922428330524 23-013586
0 0.3501180438448601 0.45931365935919083 0.021893333834041257 0.018178752107925755 23-015658
0 0.4353726812816069 0.6709999999999994 0.03293518915903581 0.02801011804384488 23-008103
0 0.05368634064080202 0.6790000000000003 0.020751072938352037 0.01725126475548064 23-017651
0 0.6103726812816181 0.7059999999999995 0.030841044183605802 0.02652613827993258 23-008827
0 0.4310000000000116 0.7409999999999997 0.0719624364284136 0.05991568296795948 23-003339
0 0.9376863406408165 0.7662546374367619 0.036742725477999505 0.03246205733558179 23-006781
0 0.7816863406408106 0.7813726812816193 0.11365495912106581 0.10851602023608754 23-002161
0 0.5726863406408074 0.8043136593591897 0.02151258020214474 0.016880269814502514 23-016651
0 0.12100000000000932 0.8717453625632381 0.019799188858611056 0.01817875210792585 23-017462
0 0.3033726812816303 0.8886863406408098 0.05597078388876609 0.049713322091062426 23-004239
0 0.7589999999999861 0.9076863406408101 0.14525751056846437 0.12187183811129845 23-001823
0 0.9003726812816102 0.9429999999999995 0.023225971545678455 0.01725126475548064 23-016139
0 0.24237268128162326 0.9480000000000004 0.02094144975430008 0.022293423271500887 23-015979
0 0.884372681281619 0.966372681281618 0.04492892856377139 0.04118043844856673 23-005285
