0 0.22137268128160814 0.8499409780775721 0.019799188858611056 0.02155143338954469 23-017233
0 0.6356863406407955 0.8176273187183809 0.11270307504132493 0.09478920741989885 23-002294
0 0.39099999999999113 0.7959999999999994 0.48527050385192083 0.4247892074198989 23-000400
0 0.6737453625632394 0.6660000000000004 0.0477845808029941 0.04526138279932552 23-004843
0 0.6007453625632319 0.6675295109612134 0.03350631960688032 0.03158516020236081 23-008244
0 0.347372681281613 0.5954907251264763 0.14259223514518973 0.11185497470489046 23-001782
0 0.1764236837728972 0.6443844856661046 0.3528473675457944 0.4051264755480608 23-000440
0 0.27743170320405264 0.42956829679595343 0.061301334735315134 0.053423271500843084 23-003938
0 0.3255885328836545 0.2853136593591914 0.030296964438485573 0.027453625632377694 23-008437
0 0.2905885328836296 0.2814704890387866 0.02548344263433228 0.027504215851602124 23-012342
0 0.3150590219224306 0.21325463743676287 0.02608162378490127 0.025446880269814558 23-011713
0 0.20205902192243108 0.15394097807757245 0.07615072637927361 0.06937605396290059 23-003199
0 0.03768634064081089 0.14100000000000013 0.021322203386196552 0.019291736930860028 23-015434
0 0.21468634064080327 0.10368634064080984 0.0734854509559989 0.06139966273187159 23-003364
0 0.8616863406408231 0.05662731871838156 0.0213222033861966 0.01966273187183825 23-015100
0 0.5507453625632488 0.04562731871838055 0.028937276024123836 0.027453625632377694 23-009028
0 0.6112984822934233 0.606239460370995 0.01517706576728499 0.01517706576728499 
0 0.7259696458684655 0.11551433389544685 0.021922428330522766 0.01517706576728499 
