0 0.15191033112829905 0.8611374367622258 0.3342027284822579 0.30549763912310346 23-000662
0 0.40372512647555897 0.8425682967959537 0.023008544027005993 0.02136593591905563 23-016539
0 0.1995682967959512 0.8215682967959529 0.03192920367384647 0.0282293423271501 23-009934
0 0.8929409780775679 0.6808634064080941 0.06453774060643416 0.0743676222596964 23-003684
0 0.5355682967959638 0.6560000000000006 0.13859432201027796 0.12762225969645868 23-001820
0 0.9519409780775653 0.6509999999999998 0.03579084139825856 0.031163575042158546 23-007088
0 0.7169409780775801 0.5334114671163579 0.024177855625419308 0.021720067453625626 23-013532
0 0.2196273187183943 0.41694097807757236 0.09766330658141834 0.08495784148397975 23-002594
0 0.7148819561551377 0.3529409780775722 0.03293518915903581 0.029679595278246245 23-007822
0 0.10825463743677131 0.3029409780775715 0.03236405871119126 0.03042158516020249 23-007761
0 0.24325463743676223 0.26794097807757145 0.023035594729730283 0.02207419898819567 23-012854
0 0.8372546374367563 0.2192546374367631 0.024368232441367543 0.022445193929173792 23-012086
0 0.1579409780775826 0.18231365935918986 0.0652992478702271 0.05880269814502549 23-003646
0 0.710000000000008 0.15067959527824648 0.4928855764898483 0.3314951096121422 23-000367
0 0.7078819561551326 0.10562731871838105 0.10470724877150117 0.09887015177065776 23-002340
0 0.06747048903877902 0.10462731871838171 0.032092529787070466 0.031787521079257856 23-010149
0 0.4552546374367513 0.04941146711635791 0.030977319594105653 0.030472175379426536 23-009985
0 0.4266441821247892 0.8440134907251264 0.023608768971332208 0.025295109612141653 
0 0.2015177065767285 0.04384485666104554 0.025295109612141653 0.023608768971332208 
