0 0.8960590219224195 0.011313659359190457 0.024748986073263916 0.021146711635750427 23-012347
0 0.4743726812816226 0.08231365935919019 0.09366539344650662 0.08569983136593592 23-002614
0 0.21299999999999386 0.17015261382799343 0.4262536909079838 0.3642177065767289 23-000453
0 0.5520590219224254 0.1536863406408087 0.08643107444047542 0.07735244519392918 23-002868
0 0.6923726812816118 0.20768634064080893 0.02741426149653853 0.023929173693085976 23-010442
0 0.7760590219224149 0.2829999999999995 0.036552348662051315 0.03320404721753794 23-006740
0 0.469059021922427 0.30574536256323726 0.030460290551709332 0.023929173693086 23-009485
0 0.0930020832073527 0.3049595278246203 0.20460458305617624 0.18578414839797652 23-000766
0 0.8290590219224406 0.34062731871838053 0.08776371215211277 0.07939291736930867 23-002809
0 0.02979262223206114 0.46199999999999974 0.0655437689105342 0.05991568296795948 23-003513
0 0.7595295109612192 0.5681568296795961 0.028665747100003126 0.023760539629005113 23-012564
0 0.835000000000008 0.7080590219224276 0.11079930688184306 0.10109612141652621 23-002254
0 0.75 0.8266273187183812 0.09937669792495203 0.09070826306914 23-002507
0 0.840745362563241 0.9762546374367628 0.024368232441367543 0.01984822934232712 23-013196
