0 0.08125463743675608 0.09568634064080886 0.02298149332428185 0.02155143338954469 23-017658
0 0.5989999999999895 0.12074536256323855 0.022845217913782048 0.019106239460371016 23-014437
0 0.915940978077564 0.1573726812816188 0.05178249393790607 0.0421079258010118 23-004790
0 0.10494097807758532 0.2776273187183817 0.031548450041950116 0.030674536256323773 23-010349
0 0.040097807757159216 0.4168431703204051 0.025293065818384263 0.023389544688026988 23-012738
0 0.32031365935919326 0.437745362563237 0.020941449754300272 0.019106239460371016 23-015755
0 0.8339409780775703 0.44474536256323843 0.024177855625419308 0.022259696458684634 23-012144
0 0.8883136593591769 0.4796863406408092 0.05996869702367806 0.05694772344013488 23-003858
0 0.9243136593591782 0.5077453625632372 0.021893333834041063 0.02021922428330524 23-014328
0 0.7793136593591965 0.6206863406408093 0.06396661015858984 0.05843170320404737 23-003705
0 0.20978414839797502 0.7050590219224276 0.02662570353002152 0.026188870151770613 23-011619
0 0.12141652613827993 0.10792580101180438 0.026981450252951095 0.023608768971332208 
