0 0.14300000000000068 0.7733726812816185 0.026843131048693923 0.023929173693086 23-010505
0 0.6129999999999995 0.6947453625632384 0.026272000600849506 0.020775716694772427 23-012267
0 0.9283136593591975 0.6403726812816193 0.039217624085326024 0.03802698145025287 23-005948
0 0.20062731871838885 0.6250590219224276 0.02322597154567847 0.02155143338954464 23-014775
0 0.852313659359204 0.5500000000000007 0.06777414647755349 0.06214165261382803 23-003518
0 0.7387841483979714 0.502215851602023 0.02319892084295423 0.02490725126475545 23-014842
0 0.7143136593591988 0.48499999999999943 0.08490805991289012 0.07531197301854989 23-002941
0 0.9730978077571804 0.47121585160202417 0.02529306581838443 0.026762225969645875 23-012791
0 0.30699999999998795 0.4410000000000007 0.03065066736765766 0.02671163575042164 23-008936
0 0.543313659359178 0.4193726812816192 0.061491711551263366 0.05268128161888684 23-003980
0 0.12125463743674812 0.24005902192242778 0.02969878328791668 0.02652613827993258 23-009105
0 0.47025463743676604 0.1536273187183811 0.027223884680590296 0.024300168634064218 23-010240
0 0.556999999999988 0.15000000000000036 0.020751072938352037 0.017807757166947824 23-017094
0 0.28299999999998704 0.04499999999999993 0.0205606961224039 0.01743676222596951 23-017611
0 0.4924114671163575 0.29426644182124784 0.984822934232715 0.5885328836424958 
