0 0.5483726812816063 0.9824317032040474 0.024939362889212054 0.02225969645868466 23-011834
0 0.9016863406408151 0.9376273187183819 0.0203703193064557 0.01854974704890388 23-016413
0 0.911686340640806 0.8239999999999998 0.02303559472973026 0.019291736930860028 23-014213
0 0.23599999999999 0.8016863406408101 0.07272394369220635 0.0678920741989882 23-003284
0 0.9822312513777484 0.6583136593591907 0.039091246968953525 0.04715008431703201 23-004731
0 0.3423726812816176 0.6506863406408085 0.028175768760331087 0.02522765598650924 23-009822
0 0.8300000000000125 0.5399999999999991 0.07729298727496274 0.03969645868465424 23-004081
0 0.11799999999999489 0.5359999999999996 0.020751072938352037 0.018178752107925755 23-016641
0 0.9010000000000105 0.5009999999999994 0.1406884669857079 0.1305902192242834 23-001790
0 0.76400000000001 0.35800000000000054 0.3809440087123161 0.3359359190556493 23-000558
0 0.6289999999999907 0.3360000000000003 0.17609855475207017 0.16657672849915678 23-001385
0 0.14558853288364781 0.2870000000000008 0.09790676290593621 0.08403035413153465 23-002439
0 0.6059999999999945 0.1990590219224292 0.030841044183605802 0.029865092748735306 23-008160
0 0.5166863406407958 0.18505902192242807 0.025320116521108334 0.01966273187183825 23-013096
0 0.28568634064080123 0.11437268128161959 0.034267826870673264 0.030978077571669677 23-007425
0 0.8186863406408167 0.040097807757166426 0.04074063861291138 0.03239460370994947 23-008158
0 0.3985295109612007 0.02340556492411472 0.07566074803960177 0.05149224283305207 23-003032
