0 0.1396273187183818 0.1474704890387862 0.029454305066520064 0.027875210792580103 23-011331
0 0.2280978077571758 0.21684317032040404 0.02319892084295423 0.024721753794266412 23-015104
0 0.8453136593591989 0.27999999999999936 0.022083710649989298 0.020590219224283366 23-014065
0 0.10494097807758532 0.3179999999999996 0.022464464281885685 0.0209612141652613 23-013640
0 0.5608819561551414 0.3582934232715003 0.16891629335773023 0.13573355817875213 23-001563
0 0.7313136593591947 0.40537268128161813 0.024368232441367543 0.02281618887015182 23-011842
0 0.1939999999999884 0.4186273187183817 0.022274087465937484 0.018920741989881907 23-014914
0 0.9615682967959517 0.5713726812816186 0.022464464281885577 0.020590219224283175 23-013874
0 0.10094097807756622 0.6247453625632381 0.023416348361626642 0.020219224283305436 23-013398
0 0.11694097807758577 0.6487453625632372 0.01998956567455934 0.018178752107925945 23-017318
0 0.05000000000001137 0.652372681281618 0.09823443702926293 0.08681281618886999 23-002557
0 0.7323136593591995 0.8059999999999992 0.24425345486152011 0.21035413153457 23-001018
0 0.548313659359202 0.8146863406408101 0.03255443552713934 0.028937605396289996 23-008053
0 0.8449409780775661 0.8243726812816187 0.02684313104869402 0.023558178752107972 23-010778
0 0.41794097807757347 0.8487453625632383 0.0750084654835844 0.06993254637436748 23-003189
0 0.5690978077571556 0.9139021922428326 0.027387210793814246 0.024317032040471916 23-011360
0 0.3563136593591946 0.9397453625632376 0.022274087465937533 0.02003372681281637 23-014261
0 0.31868634064081675 0.9559021922428323 0.022083710649989298 0.023423271500842956 23-015589
0 0.037627318718377926 0.960000000000001 0.053305508465491494 0.047858347386172194 23-004396
0 0.6888701517706577 0.49156829679595276 0.025295109612141653 0.021922428330522766 
0 0.6905564924114671 0.6138279932546374 0.025295109612141653 0.023608768971332208 
0 0.9350758853288365 0.23861720067453626 0.021922428330522766 0.01854974704890388 
0 0.9932546374367622 0.4974704890387858 0.013490725126475547 0.02023608768971332 
0 0.9924114671163575 0.6458684654300169 0.01517706576728499 0.02023608768971332 
0 0.35497470489038785 0.18718381112984822 0.021922428330522766 0.023608768971332208 
0 0.4148397976391231 0.12563237774030353 0.016863406408094434 0.01854974704890388 
0 0.9232715008431703 0.3634064080944351 0.021922428330522766 0.021922428330522766 
0 0.9586846543001686 0.40893760539629004 0.02866779089376054 0.02866779089376054 
