0 0.34162731871838 0.7823136593591913 0.058826436127988845 0.05435075885328832 23-003993
0 0.6930978077571792 0.6899409780775719 0.022437413579161482 0.021180438448566614 23-016880
0 0.6263136593591765 0.6620000000000008 0.6531828555182193 0.6045362563237776 23-000228
0 0.5550000000000068 0.6135682967959527 0.031031420999553843 0.030050590219224273 23-008060
0 0.8034114671163646 0.40031365935918983 0.0266257035300215 0.02581787521079268 23-011894
0 0.4521956155143325 0.2652546374367625 0.13155037982019505 0.12094435075885314 23-001919
0 0.8729409780775574 0.20394097807757128 0.027604638312486576 0.023743676222597033 23-010333
0 0.2724704890387915 0.2027841483979771 0.022627790395109718 0.023423271500843147 23-016481
0 0.2752546374367729 0.1581956155143338 0.035219710950414054 0.02930860033726812 23-007428
0 0.6467116357504216 0.6694772344013491 0.01854974704890388 0.02023608768971332 
0 0.6652613827993255 0.6011804384485666 0.021922428330522766 0.01854974704890388 
0 0.6947723440134908 0.8541315345699831 0.016863406408094434 0.01517706576728499 
0 0.2403035413153457 0.15177065767284992 0.03204047217537943 0.023608768971332208 
