0 0.4970000000000141 0.008721753794266002 0.023225971545678514 0.019187858347385206 23-013622
0 0.8760000000000048 0.11800000000000031 0.06777414647755349 0.05639123102866779 23-003651
0 0.9000000000000057 0.14499999999999957 0.034458203686621114 0.02801011804384488 23-007824
0 0.2371100951794088 0.19194097807757174 0.5216422093946994 0.42227015177065785 23-000293
0 0.8624981011429564 0.19299999999999962 0.3025041774854958 0.27268128161888705 23-000748
0 0.8859999999999957 0.33200000000000074 0.02379710199352303 0.021517706576728485 23-012635
0 0.44231365935917893 0.3816863406408102 0.022083710649989298 0.018920741989881907 23-015147
0 0.9339999999999975 0.42900000000000027 0.020370319306455567 0.01873524451939289 23-016406
0 0.5337841483979873 0.45205902192242753 0.02891022532139974 0.026374367622259674 23-010851
0 0.6150978077571763 0.4568431703204043 0.026435326714073455 0.02620573355817869 23-012587
0 0.6560000000000059 0.6809999999999992 0.11555872728054749 0.1016526138279934 23-002209
0 0.7594704890387863 0.7639999999999993 0.026054573082176985 0.025075885328836433 23-012520
0 0.10599999999999454 0.8469999999999995 0.0203703193064557 0.01725126475548064 23-017561
0 0.17599999999998772 0.8650000000000003 0.14411524967277525 0.13374367622259686 23-001748
0 0.8880000000000052 0.8740000000000007 0.020370319306455567 0.018920741989882 23-016220
0 0.33962731871837043 0.9386273187183813 0.036361971846103174 0.0339460370994939 23-006695
0 0.9783468770666182 0.9570000000000007 0.04763687045344025 0.06919055649241142 23-003165
0 0.5660000000000025 0.9849999999999994 0.03160255144739855 0.028566610455312065 23-008201
0 0.5120000000000005 0.9860000000000008 0.020751072938352037 0.018178752107925755 23-016822
