0 0.8227453625632403 0.7623726812816193 0.02950840647196854 0.02782462057335582 23-008806
0 0.35868634064080873 0.657940978077572 0.024939362889212054 0.022259696458684634 23-011811
0 0.3830000000000098 0.644254637436762 0.021512580202144787 0.020404721753794305 23-014394
0 0.16068634064080123 0.6329409780775717 0.02037031930645576 0.019291736930860028 23-016142
0 0.9925001843503155 0.593 0.016499594429305816 0.017993254637436788 23-017580
0 0.7150000000000034 0.31700000000000017 0.2591028465054783 0.23112984822934224 23-000924
0 0.23837268128163258 0.28094097807757124 0.03769460955774034 0.03283305227655991 23-006730
0 0.6867453625632446 0.21000000000000085 0.024368232441367543 0.021517706576728485 23-012350
0 0.773059021922429 0.11668634064080974 0.05311513164954331 0.050455311973018384 23-004319
0 0.25068634064080475 0.0656273187183819 0.022274087465937533 0.018920741989882 23-014911
0 0.058059021922425624 0.031627318718381314 0.028746899208175983 0.025969645868465584 23-009514
0 0.8269999999999982 0.03200000000000003 0.07443733503573993 0.06789207419898818 23-003247
