0 0.4516273187183937 0.017568296795952582 0.024939362889212054 0.02225969645868466 23-011834
0 0.09831365935918487 0.06237268128161816 0.0203703193064557 0.01854974704890388 23-016413
0 0.08831365935919397 0.17600000000000016 0.02303559472973026 0.019291736930860028 23-014213
0 0.76400000000001 0.19831365935918988 0.07272394369220635 0.0678920741989882 23-003284
0 0.017768748622251602 0.3416863406408093 0.039091246968953525 0.04715008431703201 23-004731
0 0.6576273187183824 0.3493136593591914 0.028175768760331087 0.02522765598650924 23-009822
0 0.1699999999999875 0.4600000000000008 0.07729298727496274 0.03969645868465424 23-004081
0 0.8820000000000051 0.46400000000000047 0.020751072938352037 0.018178752107925755 23-016641
0 0.09899999999998954 0.49900000000000055 0.1406884669857079 0.1305902192242834 23-001790
0 0.23599999999999 0.6419999999999995 0.3809440087123161 0.3359359190556493 23-000558
0 0.3710000000000093 0.6639999999999997 0.17609855475207017 0.16657672849915678 23-001385
0 0.8544114671163522 0.7129999999999992 0.09790676290593621 0.08403035413153465 23-002439
0 0.39400000000000546 0.8009409780775708 0.030841044183605802 0.029865092748735306 23-008160
0 0.4833136593592042 0.8149409780775719 0.025320116521108334 0.01966273187183825 23-013096
0 0.7143136593591988 0.8856273187183804 0.034267826870673264 0.030978077571669677 23-007425
0 0.18131365935918328 0.9599021922428336 0.04074063861291138 0.03239460370994947 23-008158
0 0.6014704890387993 0.9765944350758853 0.07566074803960177 0.05149224283305207 23-003032
