0 0.5159999999999911 0.9625851602023605 0.13707130748269247 0.08231264755480684 23-001856
0 0.5490000000000066 0.8040000000000003 0.26824093367099106 0.25246205733558186 23-000876
0 0.024254637436768138 0.7734704890387857 0.028937276024123954 0.03310286677908937 23-009723
0 0.8922722512782427 0.5570000000000004 0.237001047187866 0.2890050590219224 23-000713
0 0.7195682967959615 0.4703136593591901 0.0257008701530048 0.027301854974704984 23-010971
0 0.5470978077571642 0.3427251264755483 0.04528263149294353 0.047200674536256336 23-005560
0 0.5593136593591976 0.3019999999999996 0.2987012242227005 0.24967959527824632 23-000818
0 0.4959409780775764 0.27903878583473785 0.04683269672325331 0.04472175379426641 23-005004
0 0.7883136593591825 0.2448819561551442 0.021893333834041257 0.01854974704890388 23-015675
0 0.4386273187183884 0.13356829679595228 0.022083710649989298 0.020775716694772236 23-013953
0 0.5536273187183691 0.11862731871838095 0.11593948091244397 0.10480607082630697 23-002184
0 0.08562731871837975 0.05315682967959556 0.020941449754300224 0.023052276559865217 23-016784
