0 0.5923136593591847 0.043627318718381713 0.028746899208175792 0.026526138279932557 23-009265
0 0.10362731871838043 0.0519999999999996 0.0344582036866213 0.03042158516020235 23-007528
0 0.2576273187183768 0.22037268128161944 0.12793322031717963 0.11890387858347387 23-001972
0 0.13094097807756735 0.22437268128161897 0.02893727602412398 0.023372681281618887 23-010130
0 0.4382546374367554 0.22815682967959447 0.02703350786464211 0.02468802698145023 23-010923
0 0.789999999999992 0.2656863406408088 0.020751072938352037 0.018920741989881907 23-016042
0 0.4229409780775689 0.2940000000000005 0.03331594279093213 0.02986509274873521 23-007744
0 0.6500000000000057 0.33500000000000085 0.026652754232745785 0.021517706576728485 23-011469
0 0.2079999999999984 0.34500000000000064 0.19418435226714767 0.17937605396290052 23-001265
0 0.17531365935918305 0.3720590219224292 0.0213222033861966 0.01854974704890388 23-015999
0 0.5910000000000082 0.3930000000000006 0.1305984957404542 0.1118549747048904 23-002005
0 0.11662731871838566 0.4280000000000008 0.032935189159035844 0.031163575042158546 23-007572
0 0.8046273187183738 0.48799999999999955 0.042644406772393104 0.037841483979763814 23-005670
0 0.5013136593591765 0.49331365935918975 0.021131826570248508 0.0174367622259697 23-016867
0 0.8003136593591831 0.5329999999999995 0.034838957318517584 0.031163575042158356 23-007233
0 0.3892546374367488 0.5380000000000003 0.023987478809471167 0.019291736930860125 23-014054
0 0.7629409780775724 0.5649999999999995 0.03141217463145032 0.02671163575042164 23-008592
0 0.810627318718374 0.5693136593591903 0.02474898607326401 0.02114671163575036 23-012458
0 0.4603136593591796 0.6039999999999992 0.08985785712754274 0.08198988195615516 23-002737
0 0.5873136593591892 0.6999999999999993 0.022083710649989298 0.01984822934232731 23-014477
0 0.22762731871837566 0.7080000000000002 0.02950840647196854 0.02652613827993258 23-009059
0 0.378686340640819 0.78268634064081 0.019989565674559385 0.018178752107925945 23-017259
0 0.48099999999999454 0.9024721753794267 0.21322203386196595 0.19106239460370997 23-001172
0 0.5553136593591785 0.8699999999999992 0.030841044183605802 0.028566610455312065 23-008413
0 0.6333136593591815 0.945627318718381 0.03997913134911877 0.033575042158515776 23-006307
0 0.3794266441821248 0.7723440134907251 0.11467116357504216 0.11129848229342328 
0 0.6155143338954469 0.47554806070826305 0.08431703204047218 0.07419898819561552 
0 0.6306913996627319 0.7276559865092749 0.023608768971332208 0.021922428330522766 
0 0.6677908937605397 0.6003372681281619 0.023608768971332208 0.02023608768971332 
