0 0.982518184770367 0.026313659359191024 0.02733014527585015 0.028010118043844855 23-008577
0 0.4223136593591971 0.1286863406408101 0.02113182657024846 0.019106239460371016 23-015725
0 0.868940978077567 0.17447048903878543 0.025700870153004707 0.026391231028667802 23-011837
0 0.6030000000000086 0.2330590219224281 0.022464464281885768 0.020590219224283366 23-013766
0 0.8672546374367575 0.3819999999999997 0.02665275423274588 0.02522765598650924 23-010279
0 0.4293136593592021 0.4096273187183814 0.07272394369220625 0.06715008431703198 23-003302
0 0.2630978077571724 0.4441568296795956 0.027387210793814246 0.025092748735244513 23-012800
0 0.8323136593591938 0.5956273187183813 0.06929716100513889 0.06418212478920733 23-003431
0 0.8905682967959537 0.6069999999999993 0.0390272472693776 0.036172006745362445 23-006164
0 0.04762731871836883 0.6950590219224279 0.021322203386196604 0.01873524451939294 23-015764
0 0.3906273187183866 0.7346273187183806 0.023606725177574794 0.020775716694772236 23-013152
0 0.36025463743675246 0.7446273187183805 0.03541008776636219 0.03264755480607085 23-007019
0 0.510313659359191 0.8130590219224282 0.020751072938352037 0.024367622259696537 23-017172
0 0.8682546374367622 0.9370590219224287 0.022654841097834003 0.020590219224283366 23-013791
