0 0.3554317032040556 0.13874536256323747 0.039788754533170344 0.03747048903878583 23-005978
0 0.6510000000000105 0.3390000000000004 0.19799188858611133 0.18048903878583478 23-001247
0 0.8136863406408212 0.44631365935919093 0.030079536919813053 0.023558178752107972 23-009718
0 0.09299999999998931 0.44899999999999984 0.020179942490507526 0.01873524451939294 23-016552
0 0.3447453625632316 0.5176475548060716 0.028937276024123836 0.027470489038785774 23-009487
0 0.4736863406408178 0.6197453625632373 0.024939362889212054 0.02225969645868473 23-011916
0 0.9335885328836302 0.6516273187183804 0.026054573082176985 0.024333895446880187 23-012576
0 0.9900000000000091 0.6790000000000003 0.0213222033861966 0.020590219224283175 23-014458
0 0.6586863406408201 0.7513726812816183 0.03845611682153318 0.035615514333895454 23-006278
0 0.40674536256324345 0.8464317032040464 0.056161160704714136 0.04915682967959534 23-004240
0 0.8400000000000034 0.9639924114671165 0.08433692946504551 0.07921669477234403 23-002840
0 0.2807757166947723 0.3634064080944351 0.021922428330522766 0.01854974704890388 
0 0.29595278246205736 0.24620573355817876 0.01854974704890388 0.016863406408094434 
0 0.06829679595278249 0.6795952782462057 0.021922428330522766 0.02023608768971332 
0 0.03456998313659354 0.6998313659359191 0.01854974704890388 0.016863406408094434 
