0 0.09999999999999432 0.1372158516020227 0.020179942490507512 0.023608768971332208 23-016747
0 0.2369409780775619 0.17900000000000027 0.023035594729730283 0.01984822934232717 23-014112
0 0.9339021922428303 0.19531365935918973 0.035383037063638 0.0332377740303541 23-007647
0 0.7720978077571585 0.20252951096121347 0.02681608034596973 0.028802698145025316 23-011227
0 0.8863136593591958 0.2157453625632374 0.021512580202144978 0.01725126475548064 23-016695
0 0.40794097807758256 0.21837268128161874 0.06073020428747062 0.055463743676222574 23-003881
0 0.8972047415096276 0.24399999999999977 0.2261495686788195 0.2756492411467116 23-000764
0 0.6020000000000039 0.3269999999999999 0.23111745456109536 0.21220910623946038 23-001040
0 0.45025463743675587 0.45405902192242814 0.020941449754300272 0.022107925801011827 23-016035
0 0.5909409780775753 0.5076273187183804 0.027223884680590296 0.024856661045531213 23-010196
0 0.13862731871837702 0.5564704890387852 0.02265484109783386 0.024536256323777518 23-014438
0 0.9116273187183731 0.6150590219224278 0.019989565674559482 0.018920741989882 23-016635
0 0.25809780775717694 0.6206863406408093 0.05518222592224915 0.050118043844856706 23-004462
0 0.2802546374367684 0.7201568296795954 0.022083710649989298 0.022681281618887092 23-015915
0 0.585156829679608 0.7240000000000002 0.023389297658902464 0.022849915682968073 23-014940
0 0.23668634064082308 0.8992158516020232 0.02393337740402269 0.022681281618887092 23-017302
0 0.5683136593591838 0.9072546374367619 0.030269913735761288 0.024671163575041958 23-009618
0 0.35962731871838066 0.9213136593591906 0.05825530568014433 0.05546374367622277 23-003955
0 0.02600000000001046 0.9840623946037103 0.04340591403618593 0.035062731871837505 23-005517
0 0.2849999999999966 0.99314586846543 0.027985391944383046 0.015079089376054018 23-010270
