0 0.17725463743675973 0.23762731871838075 0.02950840647196854 0.02782462057335582 23-008806
0 0.6413136593591913 0.34205902192242804 0.024939362889212054 0.022259696458684634 23-011811
0 0.6169999999999902 0.35574536256323797 0.021512580202144787 0.020404721753794305 23-014394
0 0.8393136593591988 0.3670590219224284 0.02037031930645576 0.019291736930860028 23-016142
0 0.0074998156496844616 0.40700000000000003 0.016499594429305816 0.017993254637436788 23-017580
0 0.2849999999999966 0.6829999999999998 0.2591028465054783 0.23112984822934224 23-000924
0 0.7616273187183674 0.7190590219224288 0.03769460955774034 0.03283305227655991 23-006730
0 0.3132546374367554 0.7899999999999991 0.024368232441367543 0.021517706576728485 23-012350
0 0.226940978077571 0.8833136593591903 0.05311513164954331 0.050455311973018384 23-004319
0 0.7493136593591952 0.9343726812816181 0.022274087465937533 0.018920741989882 23-014911
0 0.9419409780775744 0.9683726812816187 0.028746899208175983 0.025969645868465584 23-009514
0 0.17300000000000182 0.968 0.07443733503573993 0.06789207419898818 23-003247
