0 0.848089668871701 0.1388625632377743 0.3342027284822579 0.30549763912310346 23-000662
0 0.596274873524441 0.15743170320404634 0.023008544027005993 0.02136593591905563 23-016539
0 0.8004317032040488 0.17843170320404714 0.03192920367384647 0.0282293423271501 23-009934
0 0.10705902192243211 0.3191365935919059 0.06453774060643416 0.0743676222596964 23-003684
0 0.46443170320403615 0.3439999999999994 0.13859432201027796 0.12762225969645868 23-001820
0 0.04805902192243472 0.3490000000000002 0.03579084139825856 0.031163575042158546 23-007088
0 0.28305902192241994 0.46658853288364216 0.024177855625419308 0.021720067453625626 23-013532
0 0.7803726812816056 0.5830590219224276 0.09766330658141834 0.08495784148397975 23-002594
0 0.2851180438448623 0.6470590219224278 0.03293518915903581 0.029679595278246245 23-007822
0 0.8917453625632287 0.6970590219224285 0.03236405871119126 0.03042158516020249 23-007761
0 0.7567453625632378 0.7320590219224286 0.023035594729730283 0.02207419898819567 23-012854
0 0.16274536256324368 0.7807453625632369 0.024368232441367543 0.022445193929173792 23-012086
0 0.8420590219224174 0.8176863406408101 0.0652992478702271 0.05880269814502549 23-003646
0 0.28999999999999204 0.8493204047217535 0.4928855764898483 0.3314951096121422 23-000367
0 0.2921180438448674 0.894372681281619 0.10470724877150117 0.09887015177065776 23-002340
0 0.9325295109612209 0.8953726812816183 0.032092529787070466 0.031787521079257856 23-010149
0 0.5447453625632487 0.9505885328836421 0.030977319594105653 0.030472175379426536 23-009985
0 0.5733558178752107 0.15598650927487354 0.023608768971332208 0.025295109612141653 
0 0.7984822934232715 0.9561551433389545 0.025295109612141653 0.023608768971332208 
