0 0.08562731871837975 0.028999999999999915 0.030460290551709426 0.026526138279932554 23-008929
0 0.0826279588713479 0.07823102866779082 0.18178150951696542 0.17210826306913982 23-001239
0 0.18562731871837407 0.13100000000000023 0.04283478358834143 0.03802698145025297 23-005650
0 0.9414704890387742 0.3887841483979771 0.023960428106746978 0.02249578414839803 23-015717
0 0.3119409780775789 0.4360590219224275 0.03464858050256944 0.03227655986509272 23-007145
0 0.568000000000012 0.4786273187183804 0.03160255144739855 0.02782462057335582 23-008453
0 0.7139409780775657 0.6489409780775716 0.022083710649989298 0.019291736930860125 23-015055
0 0.5586273187183929 0.6969999999999992 0.07596034956332558 0.06863406408094443 23-003197
0 0.17425463743677383 0.7224317032040477 0.02455860925731573 0.02337268128161891 23-011554
0 0.49862731871839067 0.8559999999999999 0.0359812182142068 0.031349072512647416 23-007063
