0 0.36000000000001364 0.010817032040472232 0.047023073539201446 0.023797470489038915 23-005154
0 0.5299409780775682 0.029999999999999364 0.026652754232745785 0.028414839797639126 23-010326
0 0.7426273187183904 0.051627318718380825 0.031031420999553843 0.027639123102866786 23-008565
0 0.16531365935919215 0.07237268128161972 0.04283478358834143 0.025851602023608766 23-008101
0 0.4989999999999953 0.13100000000000023 0.021512580202144787 0.01725126475548064 23-016548
0 0.5599409780775694 0.2046273187183813 0.03845611682153308 0.040286677908937585 23-006149
0 0.39078414839798664 0.4896273187183815 0.03785793567096448 0.03527824620573349 23-007002
0 0.2873136593591778 0.5220000000000002 0.12469681444606047 0.11593591905564925 23-002014
0 0.3913136593591912 0.5719999999999992 0.02246446428188567 0.01873524451939294 23-015022
0 0.3756273187183718 0.8049999999999997 0.04397704448403055 0.04062394603709955 23-005366
0 0.5646273187183931 0.8472158516020236 0.02779501512843481 0.029207419898819455 23-011158
0 0.9052546374367684 0.9841231028667792 0.027985391944383046 0.023799325463743387 23-009770
