0 0.06462731871839317 0.03068634064080936 0.022654841097833882 0.020961214165261383 23-013475
0 0.04594097807755939 0.06199999999999939 0.021512580202144787 0.02003372681281618 23-014846
0 0.5120000000000005 0.1620000000000008 0.021131826570248508 0.01984822934232717 23-015111
0 0.652627318718387 0.18331365935919106 0.025320116521108334 0.023001686340640835 23-011441
0 0.902313659359187 0.2270000000000003 0.02684313104869402 0.020404721753794305 23-011671
0 0.8009999999999877 0.30799999999999983 0.2585317160576337 0.24578414839797638 23-000899
0 0.03694097807757326 0.37700000000000067 0.021893333834041146 0.018920741989881907 23-015382
0 0.631627318718372 0.4329409780775723 0.023987478809471264 0.01984822934232712 23-013405
0 0.030000000000001137 0.47499999999999964 0.03845611682153316 0.035986509274873575 23-006279
0 0.3710000000000093 0.6010000000000009 0.22216974421153074 0.20998313659359188 23-001076
0 0.5849409780775752 0.7343726812816188 0.02094144975430008 0.017807757166947824 23-016734
0 0.8340000000000032 0.7620000000000005 0.04245402995644506 0.04062394603709955 23-005458
