0 0.10394097807758054 0.9886863406408095 0.024748986073263916 0.021146711635750427 23-012347
0 0.5256273187183774 0.9176863406408098 0.09366539344650662 0.08569983136593592 23-002614
0 0.7870000000000061 0.8298473861720066 0.4262536909079838 0.3642177065767289 23-000453
0 0.4479409780775746 0.8463136593591913 0.08643107444047542 0.07735244519392918 23-002868
0 0.30762731871838817 0.7923136593591911 0.02741426149653853 0.023929173693085976 23-010442
0 0.2239409780775851 0.7170000000000005 0.036552348662051315 0.03320404721753794 23-006740
0 0.530940978077573 0.6942546374367627 0.030460290551709332 0.023929173693086 23-009485
0 0.9069979167926473 0.6950404721753797 0.20460458305617624 0.18578414839797652 23-000766
0 0.1709409780775594 0.6593726812816194 0.08776371215211277 0.07939291736930867 23-002809
0 0.9702073777679389 0.5380000000000003 0.0655437689105342 0.05991568296795948 23-003513
0 0.24047048903878082 0.43184317032040387 0.028665747100003126 0.023760539629005113 23-012564
0 0.16499999999999204 0.29194097807757236 0.11079930688184306 0.10109612141652621 23-002254
0 0.25 0.17337268128161876 0.09937669792495203 0.09070826306914 23-002507
0 0.15925463743675905 0.023745362563237227 0.024368232441367543 0.01984822934232712 23-013196
