0 0.5007453625632377 0.034000000000000696 0.027604638312486766 0.02578414839797639 23-009863
0 0.9053726812816056 0.047686340640808816 0.03255443552713945 0.030792580101180446 23-007735
0 0.9265295109612207 0.13184317032040496 0.03005248621708884 0.027689713322091088 23-010447
0 0.4509999999999934 0.1457453625632371 0.02094144975430008 0.017065767284991575 23-017056
0 0.13168634064080487 0.1943136593591903 0.06701263921376065 0.06047217537942667 23-003552
0 0.4986863406408235 0.2810000000000006 0.03198330507929502 0.027639123102866755 23-008292
0 0.6550000000000011 0.3180590219224289 0.07139130598056899 0.06696458684654297 23-003327
0 0.38900000000001 0.33000000000000007 0.1736236561447438 0.14728499156829675 23-001486
0 0.7677453625632334 0.3650000000000002 0.024177855625419308 0.02114671163575036 23-012866
0 0.23537268128161815 0.37131365935918986 0.029127652840072262 0.027082630691399667 23-009129
0 0.5200590219224147 0.4139999999999997 0.03122179781550227 0.02801011804384488 23-008540
0 0.9230590219224347 0.45899999999999963 0.04055026179696319 0.03654300168634057 23-005991
0 0.7290000000000134 0.4649999999999998 0.036361971846103174 0.03357504215851616 23-006739
0 0.6940590219224213 0.5577453625632379 0.021322203386196552 0.018920741989882 23-015577
0 0.5577453625632255 0.5558431703204044 0.02608162378490127 0.026391231028667753 23-011638
0 0.570999999999998 0.6519999999999992 0.054828522993076965 0.05045531197301848 23-004256
0 0.16268634064081078 0.8203726812816191 0.025891246968953036 0.025227655986509143 23-010463
0 0.28407075443174346 0.8367504215851602 0.6249556597498356 0.3591490725126476 23-000223
0 0.030000000000001137 0.9213726812816182 0.03693310229394759 0.03713322091062392 23-006668
0 0.5880590219224267 0.9266863406408101 0.030841044183605847 0.02841483979763897 23-009140
0 0.8369999999999891 0.9280000000000009 0.03026991373576124 0.02782462057335582 23-008707
