0 0.22137268128160814 0.1500590219224279 0.019799188858611056 0.02155143338954469 23-017233
0 0.6356863406407955 0.18237268128161915 0.11270307504132493 0.09478920741989885 23-002294
0 0.39099999999999113 0.20400000000000063 0.48527050385192083 0.4247892074198989 23-000400
0 0.6737453625632394 0.33399999999999963 0.0477845808029941 0.04526138279932552 23-004843
0 0.6007453625632319 0.3324704890387867 0.03350631960688032 0.03158516020236081 23-008244
0 0.347372681281613 0.4045092748735237 0.14259223514518973 0.11185497470489046 23-001782
0 0.1764236837728972 0.3556155143338954 0.3528473675457944 0.4051264755480608 23-000440
0 0.27743170320405264 0.5704317032040466 0.061301334735315134 0.053423271500843084 23-003938
0 0.3255885328836545 0.7146863406408086 0.030296964438485573 0.027453625632377694 23-008437
0 0.2905885328836296 0.7185295109612134 0.02548344263433228 0.027504215851602124 23-012342
0 0.3150590219224306 0.7867453625632371 0.02608162378490127 0.025446880269814558 23-011713
0 0.20205902192243108 0.8460590219224275 0.07615072637927361 0.06937605396290059 23-003199
0 0.03768634064081089 0.8589999999999999 0.021322203386196552 0.019291736930860028 23-015434
0 0.21468634064080327 0.8963136593591902 0.0734854509559989 0.06139966273187159 23-003364
0 0.8616863406408231 0.9433726812816184 0.0213222033861966 0.01966273187183825 23-015100
0 0.5507453625632488 0.9543726812816195 0.028937276024123836 0.027453625632377694 23-009028
0 0.6112984822934233 0.39376053962900504 0.01517706576728499 0.01517706576728499 
0 0.7259696458684655 0.8844856661045531 0.021922428330522766 0.01517706576728499 
