0 0.9353726812816068 0.9693136593591907 0.022654841097833882 0.020961214165261383 23-013475
0 0.9540590219224406 0.9380000000000006 0.021512580202144787 0.02003372681281618 23-014846
0 0.48799999999999955 0.8379999999999992 0.021131826570248508 0.01984822934232717 23-015111
0 0.347372681281613 0.8166863406408089 0.025320116521108334 0.023001686340640835 23-011441
0 0.09768634064081305 0.7729999999999997 0.02684313104869402 0.020404721753794305 23-011671
0 0.19900000000001228 0.6920000000000002 0.2585317160576337 0.24578414839797638 23-000899
0 0.9630590219224268 0.6229999999999993 0.021893333834041146 0.018920741989881907 23-015382
0 0.36837268128162803 0.5670590219224276 0.023987478809471264 0.01984822934232712 23-013405
0 0.9699999999999989 0.5250000000000004 0.03845611682153316 0.035986509274873575 23-006279
0 0.6289999999999907 0.39899999999999913 0.22216974421153074 0.20998313659359188 23-001076
0 0.41505902192242483 0.2656273187183812 0.02094144975430008 0.017807757166947824 23-016734
0 0.16599999999999682 0.23799999999999955 0.04245402995644506 0.04062394603709955 23-005458
