0 0.51400000000001 0.10189713322091047 0.24044591854255634 0.22417369308600305 23-000984
0 0.11099999999999 0.11899999999999977 0.023225971545678514 0.020590219224283317 23-013488
0 0.8759839244573285 0.19299999999999962 0.2728353661938772 0.29716694772344016 23-000679
0 0.8930000000000007 0.2829999999999995 0.022464464281885685 0.01984822934232712 23-014236
0 0.3287453625632405 0.2953136593591911 0.021702957018093022 0.018735244519392843 23-015381
0 0.8760590219224377 0.3160000000000007 0.0534958852814397 0.048414839797639185 23-004372
0 0.6664317032040343 0.3692546374367617 0.16829310529819463 0.15136593591905564 23-001491
0 0.1096863406408134 0.4093136593591902 0.05673229115255903 0.05268128161888708 23-004106
0 0.8310590219224218 0.49562731871838167 0.07424695821979174 0.06622259696458682 23-003288
0 0.6403726812816193 0.5903726812816186 0.021322203386196552 0.019477234401349186 23-015188
0 0.47105902192243654 0.66931365935919 0.02341634836162656 0.024519392917369248 23-013023
0 0.5593726812816305 0.6750000000000007 0.019608812042663012 0.018178752107925945 23-017403
0 0.5180590219224336 0.7219999999999995 0.024558609257315775 0.02114671163575036 23-012272
0 0.07327120053024183 0.7840000000000007 0.16119664116653212 0.2671163575042158 23-000779
0 0.9134317032040483 0.9404317032040477 0.025700870153004825 0.02225969645868473 23-011528
0 0.7834317032040529 0.9523726812816188 0.026272000600849388 0.024485666104553088 23-010559
