0 0.5917453625632457 0.9760000000000009 0.023416348361626656 0.022259696458684662 23-012517
0 0.5130000000000052 0.9039409780775723 0.022845217913782048 0.024704890387858332 23-013364
0 0.7560000000000002 0.8843136593591898 0.06130133473531523 0.04433389544688025 23-004234
0 0.7860000000000014 0.8699999999999992 0.03693310229394769 0.025598650927487365 23-007978
0 0.8650000000000091 0.8490000000000002 0.05768417523229974 0.038397976391231 23-004775
0 0.8029999999999973 0.8469999999999995 0.02703350786464211 0.02003372681281623 23-011924
0 0.818000000000012 0.8230000000000004 0.03883687045342955 0.025784148397976426 23-007644
0 0.742999999999995 0.8040000000000003 0.02322597154567842 0.020219224283305196 23-013568
0 0.17762731871839277 0.7119409780775723 0.027985391944383046 0.029190556492411472 23-010685
0 0.42099999999999227 0.7073136593591902 0.021512580202144787 0.017993254637436694 23-015890
0 0.33199999999999363 0.5500000000000007 0.03350631960688051 0.027639123102866755 23-008036
0 0.1519999999999868 0.4320000000000004 0.023987478809471264 0.01725126475548064 23-015488
0 0.021215851602019664 0.33615682967959504 0.02638122530862488 0.024536256323777518 23-015052
0 0.8160590219224354 0.13000000000000078 0.024939362889212103 0.02374367622259694 23-011250
0 0.5206863406408149 0.11999999999999922 0.022464464281885768 0.019106239460370874 23-014527
0 0.3362158516020173 0.10252951096121388 0.02319892084295423 0.02490725126475545 23-014953
0 0.19337268128161667 0.08978414839797577 0.027604638312486766 0.02694772344013494 23-010986
0 0.14568634064081487 0.0830000000000003 0.02151258020214488 0.01984822934232712 23-014780
0 0.23699999999999477 0.04784907251264714 0.1248871912620087 0.10526795952782386 23-002015
0 0.6888701517706577 0.27403035413153454 0.6222596964586846 0.5480607082630692 
