0 0.4076863406408153 0.9563726812816182 0.028746899208175792 0.026526138279932557 23-009265
0 0.8963726812816195 0.9480000000000004 0.0344582036866213 0.03042158516020235 23-007528
0 0.7423726812816231 0.7796273187183805 0.12793322031717963 0.11890387858347387 23-001972
0 0.8690590219224327 0.7756273187183811 0.02893727602412398 0.023372681281618887 23-010130
0 0.5617453625632446 0.7718431703204055 0.02703350786464211 0.02468802698145023 23-010923
0 0.21000000000000796 0.7343136593591912 0.020751072938352037 0.018920741989881907 23-016042
0 0.5770590219224311 0.7059999999999995 0.03331594279093213 0.02986509274873521 23-007744
0 0.3499999999999943 0.6649999999999991 0.026652754232745785 0.021517706576728485 23-011469
0 0.7920000000000016 0.6549999999999994 0.19418435226714767 0.17937605396290052 23-001265
0 0.8246863406408169 0.6279409780775709 0.0213222033861966 0.01854974704890388 23-015999
0 0.4089999999999918 0.6069999999999993 0.1305984957404542 0.1118549747048904 23-002005
0 0.8833726812816143 0.5719999999999992 0.032935189159035844 0.031163575042158546 23-007572
0 0.19537268128162621 0.5120000000000005 0.042644406772393104 0.037841483979763814 23-005670
0 0.4986863406408235 0.5066863406408102 0.021131826570248508 0.0174367622259697 23-016867
0 0.19968634064081692 0.4670000000000005 0.034838957318517584 0.031163575042158356 23-007233
0 0.6107453625632512 0.46199999999999974 0.023987478809471167 0.019291736930860125 23-014054
0 0.23705902192242756 0.4350000000000005 0.03141217463145032 0.02671163575042164 23-008592
0 0.189372681281626 0.4306863406408097 0.02474898607326401 0.02114671163575036 23-012458
0 0.5396863406408203 0.3960000000000008 0.08985785712754274 0.08198988195615516 23-002737
0 0.4126863406408108 0.3000000000000007 0.022083710649989298 0.01984822934232731 23-014477
0 0.7723726812816243 0.2919999999999998 0.02950840647196854 0.02652613827993258 23-009059
0 0.621313659359181 0.21731365935919 0.019989565674559385 0.018178752107925945 23-017259
0 0.5190000000000055 0.0975278246205733 0.21322203386196595 0.19106239460370997 23-001172
0 0.44468634064082146 0.13000000000000078 0.030841044183605802 0.028566610455312065 23-008413
0 0.3666863406408185 0.054372681281618984 0.03997913134911877 0.033575042158515776 23-006307
0 0.6205733558178752 0.22765598650927488 0.11467116357504216 0.11129848229342328 
0 0.38448566610455315 0.524451939291737 0.08431703204047218 0.07419898819561552 
0 0.3693086003372681 0.2723440134907251 0.023608768971332208 0.021922428330522766 
0 0.3322091062394603 0.3996627318718381 0.023608768971332208 0.02023608768971332 
