0 0.9143726812816202 0.028999999999999915 0.030460290551709426 0.026526138279932554 23-008929
0 0.9173720411286521 0.07823102866779082 0.18178150951696542 0.17210826306913982 23-001239
0 0.8143726812816259 0.13100000000000023 0.04283478358834143 0.03802698145025297 23-005650
0 0.05852951096122583 0.3887841483979771 0.023960428106746978 0.02249578414839803 23-015717
0 0.6880590219224211 0.4360590219224275 0.03464858050256944 0.03227655986509272 23-007145
0 0.43199999999998795 0.4786273187183804 0.03160255144739855 0.02782462057335582 23-008453
0 0.28605902192243426 0.6489409780775716 0.022083710649989298 0.019291736930860125 23-015055
0 0.4413726812816071 0.6969999999999992 0.07596034956332558 0.06863406408094443 23-003197
0 0.8257453625632262 0.7224317032040477 0.02455860925731573 0.02337268128161891 23-011554
0 0.5013726812816093 0.8559999999999999 0.0359812182142068 0.031349072512647416 23-007063
