0 0.4240000000000066 0.9759249578414836 0.06739339284565711 0.05296509274873613 23-003584
0 0.5480000000000018 0.9339409780775717 0.021512580202144787 0.01966273187183813 23-014809
0 0.43899999999999295 0.8032546374367627 0.020751072938352037 0.017993254637436742 23-016739
0 0.0689999999999884 0.6686273187183818 0.10775327782667217 0.09682967959527827 23-002337
0 0.818000000000012 0.6679999999999993 0.11917588678356318 0.10981450252951097 23-002105
0 0.8853726812816238 0.5236273187183804 0.08414655264909732 0.07957841483979773 23-002858
0 0.010575858947315053 0.48099999999999987 0.021151717894629895 0.027453625632377694 23-008966
0 0.6733726812816063 0.40199999999999925 0.021322203386196552 0.018178752107925945 23-016078
0 0.8430590219224222 0.28200000000000003 0.03141217463145036 0.028566610455312065 23-008324
0 0.5440590219224156 0.09099999999999941 0.021512580202144787 0.01725126475548064 23-016981
0 0.5066863406408049 0.08537268128161957 0.02551049333705676 0.02207419898819586 23-011690
0 0.5463726812816252 0.0679999999999995 0.020560696122403996 0.019477234401348995 23-015566
0 0.44474536256322594 0.0649999999999995 0.03198330507929502 0.02819561551433394 23-008249
