0 0.20084317032039337 0.02568634064080858 0.02700645716191792 0.02563237774030355 23-011838
0 0.14831365935919624 0.1649409780775716 0.02512973970516029 0.023743676222596984 23-011255
0 0.8393136593591988 0.18731365935919062 0.03122179781550227 0.027268128161888727 23-008526
0 0.7053136593591842 0.23505902192242875 0.021702957018093022 0.019106239460370968 23-015423
0 0.5619409780775789 0.24162731871838034 0.02684313104869402 0.024519392917369248 23-011474
0 0.03778414839797798 0.31494097807757193 0.02624494989812517 0.024890387858347372 23-012392
0 0.2656273187183866 0.6341770657672848 0.11060893006589483 0.10109612141652621 23-002297
0 0.6229409780775576 0.8343136593591908 0.02094144975430008 0.01854974704890388 23-016020
0 0.5723136593592029 0.8833726812816197 0.019799188858611056 0.01854974704890388 23-016939
0 0.26831365935920076 0.8892158516020233 0.027795015128434904 0.023794266441821078 23-012349
0 0.33325463743676564 0.9106273187183809 0.022083710649989298 0.01966273187183825 23-014628
0 0.5863136593591843 0.9593726812816183 0.022464464281885768 0.01873524451939275 23-014982
