0 0.34162731871838 0.21768634064080877 0.058826436127988845 0.05435075885328832 23-003993
0 0.6930978077571792 0.31005902192242807 0.022437413579161482 0.021180438448566614 23-016880
0 0.6263136593591765 0.3379999999999992 0.6531828555182193 0.6045362563237776 23-000228
0 0.5550000000000068 0.3864317032040473 0.031031420999553843 0.030050590219224273 23-008060
0 0.8034114671163646 0.5996863406408102 0.0266257035300215 0.02581787521079268 23-011894
0 0.4521956155143325 0.7347453625632375 0.13155037982019505 0.12094435075885314 23-001919
0 0.8729409780775574 0.7960590219224287 0.027604638312486576 0.023743676222597033 23-010333
0 0.2724704890387915 0.7972158516020229 0.022627790395109718 0.023423271500843147 23-016481
0 0.2752546374367729 0.8418043844856662 0.035219710950414054 0.02930860033726812 23-007428
0 0.6467116357504216 0.3305227655986509 0.01854974704890388 0.02023608768971332 
0 0.6652613827993255 0.3988195615514334 0.021922428330522766 0.01854974704890388 
0 0.6947723440134908 0.14586846543001686 0.016863406408094434 0.01517706576728499 
0 0.2403035413153457 0.8482293423271501 0.03204047217537943 0.023608768971332208 
