0 0.06231365935918351 0.7083136593591914 0.028937276024123954 0.029342327150084373 23-009425
0 0.7223136593591801 0.7056273187183808 0.11270307504132493 0.09145025295109606 23-002346
0 0.12600000000000477 0.6874704890387853 0.033125565974984 0.02264755480607074 23-009698
0 0.07131365935919806 0.6880000000000006 0.02779501512843486 0.024671163575042152 23-010151
0 0.24862731871839067 0.6676863406408098 0.027795015128434904 0.025598650927487365 23-009854
0 0.11299999999999955 0.6620000000000008 0.022845217913782058 0.02133220910623942 23-013294
0 0.09600000000000364 0.6479999999999997 0.024939362889212103 0.01854974704890388 23-013466
0 0.08699999999998909 0.5994704890387861 0.022654841097833882 0.02286677908937606 23-015656
0 0.16062731871836838 0.5888431703204039 0.022083710649989298 0.01893760539629008 23-016345
0 0.3628414019110284 0.5658128161888698 0.7982510842042627 0.9552118043844863 23-000084
0 0.9179409780775735 0.49799999999999933 0.023606725177574985 0.02003372681281618 23-013653
