0 0.6445682967959444 0.8612546374367626 0.039788754533170344 0.03747048903878583 23-005978
0 0.34899999999998954 0.6609999999999996 0.19799188858611133 0.18048903878583478 23-001247
0 0.18631365935917873 0.553686340640809 0.030079536919813053 0.023558178752107972 23-009718
0 0.9070000000000107 0.5510000000000002 0.020179942490507526 0.01873524451939294 23-016552
0 0.6552546374367684 0.4823524451939284 0.028937276024123836 0.027470489038785774 23-009487
0 0.5263136593591822 0.3802546374367627 0.024939362889212054 0.02225969645868473 23-011916
0 0.06641146711636978 0.3483726812816196 0.026054573082176985 0.024333895446880187 23-012576
0 0.009999999999990905 0.32099999999999973 0.0213222033861966 0.020590219224283175 23-014458
0 0.34131365935917984 0.24862731871838173 0.03845611682153318 0.035615514333895454 23-006278
0 0.5932546374367565 0.15356829679595363 0.056161160704714136 0.04915682967959534 23-004240
0 0.1599999999999966 0.03600758853288355 0.08433692946504551 0.07921669477234403 23-002840
0 0.7192242833052277 0.636593591905565 0.021922428330522766 0.01854974704890388 
0 0.7040472175379426 0.7537942664418212 0.01854974704890388 0.016863406408094434 
0 0.9317032040472175 0.3204047217537943 0.021922428330522766 0.02023608768971332 
0 0.9654300168634065 0.3001686340640809 0.01854974704890388 0.016863406408094434 
