0 0.4082546374367543 0.9760000000000009 0.023416348361626656 0.022259696458684662 23-012517
0 0.4869999999999947 0.9039409780775723 0.022845217913782048 0.024704890387858332 23-013364
0 0.24399999999999977 0.8843136593591898 0.06130133473531523 0.04433389544688025 23-004234
0 0.21399999999999864 0.8699999999999992 0.03693310229394769 0.025598650927487365 23-007978
0 0.1349999999999909 0.8490000000000002 0.05768417523229974 0.038397976391231 23-004775
0 0.19700000000000273 0.8469999999999995 0.02703350786464211 0.02003372681281623 23-011924
0 0.18199999999998795 0.8230000000000004 0.03883687045342955 0.025784148397976426 23-007644
0 0.257000000000005 0.8040000000000003 0.02322597154567842 0.020219224283305196 23-013568
0 0.8223726812816072 0.7119409780775723 0.027985391944383046 0.029190556492411472 23-010685
0 0.5790000000000077 0.7073136593591902 0.021512580202144787 0.017993254637436694 23-015890
0 0.6680000000000064 0.5500000000000007 0.03350631960688051 0.027639123102866755 23-008036
0 0.8480000000000132 0.4320000000000004 0.023987478809471264 0.01725126475548064 23-015488
0 0.9787841483979803 0.33615682967959504 0.02638122530862488 0.024536256323777518 23-015052
0 0.18394097807756463 0.13000000000000078 0.024939362889212103 0.02374367622259694 23-011250
0 0.4793136593591851 0.11999999999999922 0.022464464281885768 0.019106239460370874 23-014527
0 0.6637841483979827 0.10252951096121388 0.02319892084295423 0.02490725126475545 23-014953
0 0.8066273187183833 0.08978414839797577 0.027604638312486766 0.02694772344013494 23-010986
0 0.8543136593591851 0.0830000000000003 0.02151258020214488 0.01984822934232712 23-014780
0 0.7630000000000052 0.04784907251264714 0.1248871912620087 0.10526795952782386 23-002015
0 0.3111298482293423 0.27403035413153454 0.6222596964586846 0.5480607082630692 
