0 0.9376863406408165 0.29168634064080856 0.028937276024123954 0.029342327150084373 23-009425
0 0.2776863406408199 0.29437268128161925 0.11270307504132493 0.09145025295109606 23-002346
0 0.8739999999999952 0.3125295109612147 0.033125565974984 0.02264755480607074 23-009698
0 0.9286863406408019 0.3119999999999994 0.02779501512843486 0.024671163575042152 23-010151
0 0.7513726812816093 0.3323136593591902 0.027795015128434904 0.025598650927487365 23-009854
0 0.8870000000000005 0.3379999999999992 0.022845217913782058 0.02133220910623942 23-013294
0 0.9039999999999964 0.3520000000000003 0.024939362889212103 0.01854974704890388 23-013466
0 0.9130000000000109 0.40052951096121386 0.022654841097833882 0.02286677908937606 23-015656
0 0.8393726812816316 0.4111568296795961 0.022083710649989298 0.01893760539629008 23-016345
0 0.6371585980889716 0.43418718381113014 0.7982510842042627 0.9552118043844863 23-000084
0 0.08205902192242653 0.5020000000000007 0.023606725177574985 0.02003372681281618 23-013653
