0 0.3170000000000073 0.9695682967959526 0.021131826570248508 0.017993254637436763 23-016659
0 0.08251141143090146 0.843 0.18152510514798303 0.29586846543001694 23-000699
0 0.9180590219224393 0.8106273187183811 0.028746899208175792 0.024856661045531213 23-009904
0 0.9010000000000105 0.7792546374367618 0.040169508165066814 0.02912310286677913 23-006939
0 0.05237268128162542 0.7363136593591901 0.024939362889212054 0.023929173693086097 23-011251
0 0.49100000000001387 0.5500000000000007 0.028746899208175792 0.025042158516020274 23-009592
0 0.20137268128162633 0.28025463743676304 0.024558609257315584 0.021703204047217546 23-012252
0 0.6742904836708228 0.23195531197301889 0.7165609359241897 0.5103016863406414 23-000168
0 0.3120590219224163 0.1880000000000006 0.024368232441367543 0.023001686340640787 23-011807
0 0.8836863406408144 0.1696273187183811 0.025891246968953 0.02337268128161891 23-011054
0 0.2470000000000141 0.0936273187183807 0.02608162378490127 0.02096121416526149 23-011981
0 0.9497453625632498 0.06731365935919142 0.06777414647755349 0.06306913996627334 23-003483
