0 0.7316273187183947 0.9756863406408096 0.022464464281885768 0.021517706576728496 23-013326
0 0.18794097807758373 0.8691568296795945 0.033071464569535566 0.029359190556492405 23-009590
0 0.13856829679594415 0.8424704890387864 0.029127652840072165 0.030286677908937618 23-009659
0 0.688999999999993 0.8222546374367629 0.021702957018093022 0.01854974704890388 23-015500
0 0.28600000000000136 0.751627318718382 0.02189333383404116 0.019662731871838153 23-014729
0 0.07909780775717491 0.7381568296795961 0.02529306581838424 0.025649241146711698 23-013509
0 0.41399999999998727 0.716254637436763 0.02189333383404116 0.019477234401349092 23-014782
0 0.5409999999999968 0.702 0.12717171305338695 0.11370994940978078 23-002018
0 0.9122546374367734 0.5426863406408098 0.028746899208175983 0.025042158516020274 23-009889
0 0.756627318718372 0.5016863406408094 0.06434736379048632 0.060101180438448545 23-003630
0 0.3996273187183727 0.34131365935919056 0.03464858050256944 0.028937605396289996 23-007575
0 0.3300000000000125 0.1899999999999995 0.15591861226156264 0.14561551433389539 23-001587
0 0.1150000000000091 0.12700000000000067 0.07881600180254815 0.07215851602023603 23-003096
0 0.987242944407253 0.10637268128161859 0.020645623484481897 0.024856661045531213 23-010602
