0 0.9187453625632439 0.9043136593591912 0.02298149332428185 0.02155143338954469 23-017658
0 0.40100000000001046 0.8792546374367615 0.022845217913782048 0.019106239460371016 23-014437
0 0.08405902192243597 0.8426273187183813 0.05178249393790607 0.0421079258010118 23-004790
0 0.8950590219224147 0.7223726812816182 0.031548450041950116 0.030674536256323773 23-010349
0 0.9599021922428408 0.5831568296795949 0.025293065818384263 0.023389544688026988 23-012738
0 0.6796863406408067 0.562254637436763 0.020941449754300272 0.019106239460371016 23-015755
0 0.16605902192242972 0.5552546374367615 0.024177855625419308 0.022259696458684634 23-012144
0 0.11168634064082306 0.5203136593591908 0.05996869702367806 0.05694772344013488 23-003858
0 0.0756863406408218 0.4922546374367628 0.021893333834041063 0.02021922428330524 23-014328
0 0.2206863406408035 0.3793136593591907 0.06396661015858984 0.05843170320404737 23-003705
0 0.790215851602025 0.29494097807757236 0.02662570353002152 0.026188870151770613 23-011619
0 0.8785834738617201 0.8920741989881956 0.026981450252951095 0.023608768971332208 
