0 0.5180000000000007 0.9822554806070823 0.0529247548335951 0.03903794266441884 23-004605
0 0.8250978077571558 0.9753136593591909 0.021866283131316777 0.017807757166947727 23-017359
0 0.6582546374367543 0.8704704890387852 0.03674272547799955 0.037335581787521104 23-006878
0 0.5377841483979781 0.6849409780775711 0.023770051290798743 0.023220910623946007 23-014478
0 0.8726273187183858 0.6609999999999996 0.02379710199352303 0.01984822934232712 23-013808
0 0.9082546374367543 0.6526273187183818 0.04035988498101505 0.03672849915682973 23-005962
0 0.0943136593591942 0.641 0.15668011952535538 0.14487352445193924 23-001590
0 0.39094097807755823 0.4939999999999998 0.020179942490507526 0.019291736930860125 23-016195
0 0.621313659359181 0.4896273187183815 0.10032858200469293 0.09404721753794264 23-002455
0 0.8743136593591952 0.4640000000000004 0.06777414647755349 0.06344013490725127 23-003472
0 0.2873136593591778 0.3943136593591914 0.19113832321197669 0.17381112984822944 23-001290
0 0.10462731871838521 0.3796863406408095 0.03864649363748137 0.03431703204047221 23-006392
0 0.7239409780775852 0.3549409780775711 0.024558609257315584 0.020404721753794115 23-012670
0 0.367999999999995 0.2554907251264764 0.1955169899787849 0.1769645868465429 23-001262
0 0.4859409780775855 0.216254637436763 0.029889160103865012 0.028566610455312065 23-008633
0 0.5134704890387769 0.08578414839797621 0.023960428106746978 0.024536256323777327 23-014746
