0 0.18931365935919306 0.06099999999999994 0.019608812042662963 0.018735244519392916 23-017120
0 0.20256829679596552 0.23215682967959583 0.0474038271710978 0.04920741989881957 23-004921
0 0.7660978077571583 0.2526863406408089 0.05613411000199004 0.05419898819561559 23-004253
0 0.3236273187183793 0.255686340640809 0.1865692796292202 0.17158516020236098 23-001313
0 0.9698819561551332 0.2550000000000008 0.02950840647196854 0.026340640809443514 23-009098
0 0.3826273187183768 0.3520000000000003 0.059968697023677874 0.048971332209106176 23-004153
0 0.1545682967959637 0.44794097807757105 0.02969878328791668 0.0268971332209107 23-009057
0 0.21556829679594233 0.5966273187183807 0.03179292826334669 0.02949409780775718 23-008059
0 0.5729409780775746 0.6260590219224288 0.026652754232745785 0.020404721753794115 23-011957
0 0.29525463743675473 0.6337453625632384 0.03198330507929492 0.03042158516020249 23-007825
0 0.7146273187183704 0.6390590219224287 0.01998956567455929 0.019291736930860125 23-016334
0 0.6308819561551344 0.6937453625632372 0.027985391944383046 0.025598650927487268 23-009799
0 0.44462731871838856 0.792313659359191 0.021893333834041063 0.018364249578414815 23-015433
0 0.4586273187183702 0.8320590219224283 0.021131826570248508 0.020219224283305436 23-014721
0 0.8112546374367743 0.8360590219224279 0.022083710649989298 0.017993254637436885 23-015632
0 0.8385682967959611 0.9027453625632385 0.032744812343087765 0.026155143338954454 23-008452
0 0.30219561551432683 0.9376863406408095 0.020941449754300272 0.01873524451939275 23-016259
