0 0.4819999999999993 0.017744519392917654 0.0529247548335951 0.03903794266441884 23-004605
0 0.1749021922428442 0.024686340640809133 0.021866283131316777 0.017807757166947727 23-017359
0 0.3417453625632457 0.12952951096121482 0.03674272547799955 0.037335581787521104 23-006878
0 0.46221585160202194 0.31505902192242885 0.023770051290798743 0.023220910623946007 23-014478
0 0.12737268128161416 0.3390000000000004 0.02379710199352303 0.01984822934232712 23-013808
0 0.09174536256324572 0.3473726812816183 0.04035988498101505 0.03672849915682973 23-005962
0 0.9056863406408058 0.359 0.15668011952535538 0.14487352445193924 23-001590
0 0.6090590219224418 0.5060000000000002 0.020179942490507526 0.019291736930860125 23-016195
0 0.37868634064081896 0.5103726812816185 0.10032858200469293 0.09404721753794264 23-002455
0 0.12568634064080475 0.5359999999999996 0.06777414647755349 0.06344013490725127 23-003472
0 0.7126863406408221 0.6056863406408086 0.19113832321197669 0.17381112984822944 23-001290
0 0.8953726812816147 0.6203136593591905 0.03864649363748137 0.03431703204047221 23-006392
0 0.2760590219224148 0.6450590219224289 0.024558609257315584 0.020404721753794115 23-012670
0 0.632000000000005 0.7445092748735236 0.1955169899787849 0.1769645868465429 23-001262
0 0.5140590219224145 0.783745362563237 0.029889160103865012 0.028566610455312065 23-008633
0 0.4865295109612231 0.9142158516020238 0.023960428106746978 0.024536256323777327 23-014746
