0 0.15994097807756372 0.07600000000000051 0.05044985622626877 0.04563237774030356 23-004697
0 0.8903136593591866 0.12937268128161833 0.030079536919813053 0.02711635750421587 23-009685
0 0.024754203235989373 0.14100000000000001 0.05445924711917663 0.058431703204047225 23-003690
0 0.45699999999999363 0.21847048903878594 0.03160255144739855 0.02880269814502534 23-009335
0 0.5219999999999914 0.2470590219224292 0.019608812042663012 0.018178752107925755 23-017456
0 0.5130000000000052 0.38400000000000034 0.0755795959314291 0.06789207419898828 23-003210
0 0.6140000000000043 0.42205902192242817 0.1305984957404542 0.11890387858347384 23-001951
0 0.32300000000000756 0.6110000000000007 0.30079536919813077 0.2762057335581789 23-000769
0 0.713627318718394 0.6714317032040474 0.02684313104869402 0.023558178752107972 23-010661
0 0.7063136593591889 0.7020590219224275 0.034648580502569346 0.030607082630691552 23-007426
0 0.6473136593591915 0.757059021922429 0.0534958852814398 0.046374367622259695 23-004499
0 0.46455062833293054 0.649114671163575 0.4199712559816937 0.36450252951096135 23-000530
0 0.36931365935919985 0.7603726812816185 0.030079536919813053 0.023001686340640787 23-010077
0 0.7960978077571594 0.7724317032040465 0.024150804922695213 0.027706576728499074 23-013518
0 0.8502546374367616 0.7879612141652607 0.03883687045342955 0.04086003372681285 23-006254
0 0.193433467336844 0.8019999999999996 0.42555362814105674 0.3813827993254639 23-000455
0 0.8055682967959457 0.8481180438448559 0.022654841097834003 0.023777403035413 23-013864
0 0.7779409780775588 0.9723726812816182 0.020179942490507332 0.01743676222596951 23-017640
0 0.463313659359194 0.975059021922429 0.020751072938352037 0.01762225969645876 23-017279
0 0.44231365935917893 0.9779999999999998 0.024177855625419308 0.022445193929173983 23-012166
