0 0.982518184770367 0.973686340640809 0.02733014527585015 0.028010118043844855 23-008577
0 0.4223136593591971 0.8713136593591899 0.02113182657024846 0.019106239460371016 23-015725
0 0.868940978077567 0.8255295109612146 0.025700870153004707 0.026391231028667802 23-011837
0 0.6030000000000086 0.7669409780775719 0.022464464281885768 0.020590219224283366 23-013766
0 0.8672546374367575 0.6180000000000003 0.02665275423274588 0.02522765598650924 23-010279
0 0.4293136593592021 0.5903726812816186 0.07272394369220625 0.06715008431703198 23-003302
0 0.2630978077571724 0.5558431703204044 0.027387210793814246 0.025092748735244513 23-012800
0 0.8323136593591938 0.40437268128161874 0.06929716100513889 0.06418212478920733 23-003431
0 0.8905682967959537 0.3930000000000007 0.0390272472693776 0.036172006745362445 23-006164
0 0.04762731871836883 0.30494097807757214 0.021322203386196604 0.01873524451939294 23-015764
0 0.3906273187183866 0.2653726812816194 0.023606725177574794 0.020775716694772236 23-013152
0 0.36025463743675246 0.2553726812816195 0.03541008776636219 0.03264755480607085 23-007019
0 0.510313659359191 0.18694097807757182 0.020751072938352037 0.024367622259696537 23-017172
0 0.8682546374367622 0.06294097807757126 0.022654841097834003 0.020590219224283366 23-013791
