0 0.1396273187183818 0.8525295109612138 0.029454305066520064 0.027875210792580103 23-011331
0 0.2280978077571758 0.783156829679596 0.02319892084295423 0.024721753794266412 23-015104
0 0.8453136593591989 0.7200000000000006 0.022083710649989298 0.020590219224283366 23-014065
0 0.10494097807758532 0.6820000000000004 0.022464464281885685 0.0209612141652613 23-013640
0 0.5608819561551414 0.6417065767284997 0.16891629335773023 0.13573355817875213 23-001563
0 0.7313136593591947 0.5946273187183819 0.024368232441367543 0.02281618887015182 23-011842
0 0.1939999999999884 0.5813726812816182 0.022274087465937484 0.018920741989881907 23-014914
0 0.9615682967959517 0.42862731871838144 0.022464464281885577 0.020590219224283175 23-013874
0 0.10094097807756622 0.3752546374367619 0.023416348361626642 0.020219224283305436 23-013398
0 0.11694097807758577 0.3512546374367628 0.01998956567455934 0.018178752107925945 23-017318
0 0.05000000000001137 0.34762731871838204 0.09823443702926293 0.08681281618886999 23-002557
0 0.7323136593591995 0.19400000000000084 0.24425345486152011 0.21035413153457 23-001018
0 0.548313659359202 0.18531365935918986 0.03255443552713934 0.028937605396289996 23-008053
0 0.8449409780775661 0.17562731871838133 0.02684313104869402 0.023558178752107972 23-010778
0 0.41794097807757347 0.1512546374367617 0.0750084654835844 0.06993254637436748 23-003189
0 0.5690978077571556 0.08609780775716736 0.027387210793814246 0.024317032040471916 23-011360
0 0.3563136593591946 0.060254637436762404 0.022274087465937533 0.02003372681281637 23-014261
0 0.31868634064081675 0.04409780775716765 0.022083710649989298 0.023423271500842956 23-015589
0 0.037627318718377926 0.039999999999999036 0.053305508465491494 0.047858347386172194 23-004396
0 0.6888701517706577 0.5084317032040473 0.025295109612141653 0.021922428330522766 
0 0.6905564924114671 0.38617200674536256 0.025295109612141653 0.023608768971332208 
0 0.9350758853288365 0.7613827993254637 0.021922428330522766 0.01854974704890388 
0 0.9932546374367622 0.5025295109612142 0.013490725126475547 0.02023608768971332 
0 0.9924114671163575 0.35413153456998314 0.01517706576728499 0.02023608768971332 
0 0.35497470489038785 0.8128161888701517 0.021922428330522766 0.023608768971332208 
0 0.4148397976391231 0.8743676222596964 0.016863406408094434 0.01854974704890388 
0 0.9232715008431703 0.636593591905565 0.021922428330522766 0.021922428330522766 
0 0.9586846543001686 0.5910623946037099 0.02866779089376054 0.02866779089376054 
