0 0.08562731871837975 0.9710000000000001 0.030460290551709426 0.026526138279932554 23-008929
0 0.0826279588713479 0.9217689713322091 0.18178150951696542 0.17210826306913982 23-001239
0 0.18562731871837407 0.8689999999999998 0.04283478358834143 0.03802698145025297 23-005650
0 0.9414704890387742 0.611215851602023 0.023960428106746978 0.02249578414839803 23-015717
0 0.3119409780775789 0.5639409780775725 0.03464858050256944 0.03227655986509272 23-007145
0 0.568000000000012 0.5213726812816196 0.03160255144739855 0.02782462057335582 23-008453
0 0.7139409780775657 0.35105902192242844 0.022083710649989298 0.019291736930860125 23-015055
0 0.5586273187183929 0.3030000000000008 0.07596034956332558 0.06863406408094443 23-003197
0 0.17425463743677383 0.2775682967959523 0.02455860925731573 0.02337268128161891 23-011554
0 0.49862731871839067 0.14400000000000013 0.0359812182142068 0.031349072512647416 23-007063
