0 0.07390219224284511 0.05721585160202443 0.023770051290798934 0.023794266441821258 23-015481
0 0.7010590219224263 0.11637268128161843 0.2147450483895515 0.20089376053962898 23-001135
0 0.931999999999988 0.11737268128161966 0.020941449754300224 0.017993254637436788 23-016725
0 0.4673726812816176 0.17162731871838183 0.03997913134911877 0.03821247892074203 23-005877
0 0.08474536256324072 0.20168634064080873 0.026272000600849506 0.024890387858347417 23-011935
0 0.7213726812816081 0.27674536256323734 0.02817576876033128 0.025817875210792585 23-010701
0 0.5120590219224334 0.3766273187183819 0.027604638312486766 0.02826306913996626 23-011033
0 0.045059021922420284 0.651431703204048 0.021893333834041063 0.02136593591905577 23-015745
0 0.5626863406408165 0.6457841483979767 0.026272000600849364 0.024907251264755643 23-012343
0 0.8193726812816213 0.6756863406408089 0.07957750906634088 0.07419898819561552 23-003053
0 0.22668634064080384 0.7107453625632384 0.03541008776636209 0.03153456998313648 23-007134
0 0.701686340640798 0.7093726812816185 0.11137043732968767 0.10146711635750434 23-002253
0 0.4509999999999934 0.7042546374367625 0.03198330507929502 0.02912310286677906 23-008042
0 0.13143170320403774 0.7751180438448572 0.02570087015300461 0.023001686340640787 23-011217
0 0.01637268128162417 0.816431703204047 0.02094144975430008 0.024553119730185598 23-016713
0 0.5696863406408215 0.8190000000000008 0.03293518915903581 0.028566610455312065 23-008085
0 0.3206863406407978 0.8590590219224274 0.019799188858611056 0.018920741989881907 23-016779
0 0.6626863406408108 0.9466863406408098 0.02189333383404116 0.021922428330522766 23-015462
