0 0.6829999999999927 0.030431703204047457 0.021131826570248508 0.017993254637436763 23-016659
0 0.9174885885690985 0.157 0.18152510514798303 0.29586846543001694 23-000699
0 0.08194097807756076 0.18937268128161885 0.028746899208175792 0.024856661045531213 23-009904
0 0.09899999999998954 0.22074536256323818 0.040169508165066814 0.02912310286677913 23-006939
0 0.9476273187183746 0.2636863406408099 0.024939362889212054 0.023929173693086097 23-011251
0 0.5089999999999861 0.4499999999999993 0.028746899208175792 0.025042158516020274 23-009592
0 0.7986273187183737 0.719745362563237 0.024558609257315584 0.021703204047217546 23-012252
0 0.32570951632917716 0.7680446880269811 0.7165609359241897 0.5103016863406414 23-000168
0 0.6879409780775837 0.8119999999999994 0.024368232441367543 0.023001686340640787 23-011807
0 0.11631365935918556 0.8303726812816189 0.025891246968953 0.02337268128161891 23-011054
0 0.7529999999999859 0.9063726812816193 0.02608162378490127 0.02096121416526149 23-011981
0 0.050254637436750176 0.9326863406408086 0.06777414647755349 0.06306913996627334 23-003483
