0 0.875 0.978081787521079 0.062062841999107964 0.04788279932546437 23-003829
0 0.5130000000000052 0.9589999999999996 0.08205240767366737 0.07475548060708263 23-003007
0 0.8009999999999877 0.8989999999999991 0.07215281324436171 0.06696458684654301 23-003318
0 0.3170590219224402 0.8843136593591898 0.022654841097834003 0.019662731871838143 23-014298
0 0.2529999999999859 0.8480000000000008 0.036552348662051315 0.028937605396290044 23-007301
0 0.8280590219224359 0.7709409780775714 0.09061936439133553 0.07753794266441824 23-002798
0 0.4165295109612014 0.7176863406408087 0.03913647197715316 0.03716694772344017 23-007470
0 0.07068634064079782 0.7100000000000009 0.03712347910989602 0.034688026981450334 23-006538
0 0.048671963730789525 0.5359999999999996 0.10707832020773654 0.11408094435075886 23-002066
0 0.8444317032040599 0.4826273187183817 0.024177855625419353 0.022293423271500887 23-013979
0 0.3723726812816187 0.4736273187183814 0.0257008701530048 0.022816188870151726 23-011472
0 0.2613726812816287 0.47668634064080906 0.022464464281885768 0.018364249578414815 23-015238
0 0.5916863406408128 0.41999999999999993 0.06529924787022706 0.057318718381113 23-003769
0 0.9264317032040535 0.2829999999999995 0.022654841097833882 0.020404721753794115 23-013802
0 0.10499999999998977 0.23256829679595237 0.027604638312486576 0.024671163575041958 23-010167
0 0.4984317032040563 0.09331365935919123 0.01998956567455929 0.018364249578414624 23-017024
0 0.617999999999995 0.0779999999999994 0.18028684470293022 0.15674536256323784 23-001404
0 0.39799999999999613 0.037488195615513975 0.11270307504132474 0.0824740303541306 23-002201
