0 0.9260978077571549 0.9427841483979755 0.023770051290798934 0.023794266441821258 23-015481
0 0.2989409780775737 0.8836273187183816 0.2147450483895515 0.20089376053962898 23-001135
0 0.06800000000001205 0.8826273187183803 0.020941449754300224 0.017993254637436788 23-016725
0 0.5326273187183824 0.8283726812816181 0.03997913134911877 0.03821247892074203 23-005877
0 0.9152546374367593 0.7983136593591913 0.026272000600849506 0.024890387858347417 23-011935
0 0.2786273187183918 0.7232546374367627 0.02817576876033128 0.025817875210792585 23-010701
0 0.48794097807756664 0.623372681281618 0.027604638312486766 0.02826306913996626 23-011033
0 0.9549409780775797 0.348568296795952 0.021893333834041063 0.02136593591905577 23-015745
0 0.4373136593591835 0.3542158516020233 0.026272000600849364 0.024907251264755643 23-012343
0 0.18062731871837862 0.3243136593591911 0.07957750906634088 0.07419898819561552 23-003053
0 0.7733136593591962 0.2892546374367616 0.03541008776636209 0.03153456998313648 23-007134
0 0.2983136593592019 0.29062731871838154 0.11137043732968767 0.10146711635750434 23-002253
0 0.5490000000000066 0.29574536256323747 0.03198330507929502 0.02912310286677906 23-008042
0 0.8685682967959623 0.22488195615514284 0.02570087015300461 0.023001686340640787 23-011217
0 0.9836273187183758 0.183568296795953 0.02094144975430008 0.024553119730185598 23-016713
0 0.43031365935917854 0.18099999999999916 0.03293518915903581 0.028566610455312065 23-008085
0 0.6793136593592022 0.14094097807757255 0.019799188858611056 0.018920741989881907 23-016779
0 0.33731365935918917 0.05331365935919019 0.02189333383404116 0.021922428330522766 23-015462
