0 0.07390219224284511 0.9427841483979755 0.023770051290798934 0.023794266441821258 23-015481
0 0.7010590219224263 0.8836273187183816 0.2147450483895515 0.20089376053962898 23-001135
0 0.931999999999988 0.8826273187183803 0.020941449754300224 0.017993254637436788 23-016725
0 0.4673726812816176 0.8283726812816181 0.03997913134911877 0.03821247892074203 23-005877
0 0.08474536256324072 0.7983136593591913 0.026272000600849506 0.024890387858347417 23-011935
0 0.7213726812816081 0.7232546374367627 0.02817576876033128 0.025817875210792585 23-010701
0 0.5120590219224334 0.623372681281618 0.027604638312486766 0.02826306913996626 23-011033
0 0.045059021922420284 0.348568296795952 0.021893333834041063 0.02136593591905577 23-015745
0 0.5626863406408165 0.3542158516020233 0.026272000600849364 0.024907251264755643 23-012343
0 0.8193726812816213 0.3243136593591911 0.07957750906634088 0.07419898819561552 23-003053
0 0.22668634064080384 0.2892546374367616 0.03541008776636209 0.03153456998313648 23-007134
0 0.701686340640798 0.29062731871838154 0.11137043732968767 0.10146711635750434 23-002253
0 0.4509999999999934 0.29574536256323747 0.03198330507929502 0.02912310286677906 23-008042
0 0.13143170320403774 0.22488195615514284 0.02570087015300461 0.023001686340640787 23-011217
0 0.01637268128162417 0.183568296795953 0.02094144975430008 0.024553119730185598 23-016713
0 0.5696863406408215 0.18099999999999916 0.03293518915903581 0.028566610455312065 23-008085
0 0.3206863406407978 0.14094097807757255 0.019799188858611056 0.018920741989881907 23-016779
0 0.6626863406408108 0.05331365935919019 0.02189333383404116 0.021922428330522766 23-015462
