0 0.6390590219224145 0.0521568296795961 0.02322597154567842 0.024907251264755487 23-013577
0 0.47974536256325095 0.09631365935919131 0.025320116521108334 0.02151770657672852 23-011999
0 0.910352445193931 0.2225109612141649 0.12575996702733439 0.11069139966273189 23-002602
0 0.789999999999992 0.2889999999999997 0.10642064011503481 0.10053962900505903 23-002309
0 0.3367453625632503 0.3323136593591902 0.02094144975430008 0.018364249578414815 23-016206
0 0.7170590219224174 0.39531365935919077 0.033887073238776697 0.03209106239460376 23-007268
0 0.7060590219224218 0.42231365935919013 0.0287468992081757 0.027268128161888682 23-009089
0 0.9511180438448592 0.43315682967959457 0.023987478809471174 0.025092748735244513 23-013260
0 0.8733726812816234 0.44231365935919137 0.021702957018092973 0.017993254637436694 23-016319
0 0.17968634064080669 0.4556863406408101 0.16277217763569726 0.13225969645868457 23-001636
0 0.9567453625632264 0.4610000000000003 0.023797101993522987 0.022074198988195477 23-012519
0 0.5190590219224384 0.5013136593591907 0.02817576876033128 0.024671163575042152 23-009951
0 0.6420590219224288 0.5126273187183811 0.02474898607326401 0.021517706576728485 23-012096
0 0.40237268128161985 0.533627318718382 0.02474898607326401 0.024114671163575158 23-011278
0 0.4946863406408044 0.5396863406408097 0.07824487135470362 0.06436762225969639 23-003242
0 0.6493726812816054 0.5673136593591914 0.023416348361626656 0.0209612141652613 23-013070
0 0.5760590219224262 0.6633136593591897 0.03274481234308762 0.02819561551433394 23-008094
0 0.19568634064079782 0.7360000000000007 0.13326377116372884 0.12632377740303535 23-001867
0 0.11137268128162292 0.7796863406408099 0.03274481234308758 0.02912310286677906 23-008003
0 0.3509999999999991 0.8236863406408086 0.12945623484476498 0.1101854974704891 23-002030
0 0.17037268128162053 0.8360000000000003 0.024558609257315584 0.023187183811129847 23-011689
0 0.8643726812816088 0.8413136593591906 0.025320116521108476 0.021703204047217546 23-012020
0 0.29737268128162997 0.8516863406408091 0.01998956567455929 0.01873524451939294 23-016862
