0 0.28868634064081566 0.9809999999999999 0.03864649363748132 0.03413153456998315 23-006430
0 0.7219021922428412 0.924156829679596 0.029671732585192487 0.03065767284991567 23-009807
0 0.24505902192243745 0.9205295109612135 0.07005866826893163 0.05974704890387858 23-003545
0 0.4624317032040549 0.7896863406408097 0.02037031930645576 0.02136593591905563 23-017023
0 0.9543726812816123 0.7240000000000002 0.04245402995644503 0.038988195615514344 23-005952
0 0.37437268128162815 0.6966273187183805 0.02094144975430008 0.017993254637436694 23-016790
0 0.19200000000000728 0.6440000000000001 0.11137043732968767 0.10128161888701519 23-002239
0 0.9466863406408026 0.5289409780775725 0.019418435226714777 0.021736930860033706 23-017508
0 0.7346863406408135 0.4876273187183807 0.02474898607326401 0.023187183811129847 23-011631
0 0.7837453625632246 0.4109999999999996 0.027033507864642134 0.030118043844856685 23-010866
0 0.04605902192242506 0.33294097807757084 0.021131826570248508 0.01762225969645876 23-016993
0 0.46399999999999864 0.2959999999999994 0.08091014677797814 0.07568296795952782 23-002998
0 0.4637453625632314 0.0916273187183817 0.024177855625419308 0.021703204047217737 23-012554
0 0.5480590219224347 0.08305902192242776 0.04511930537971958 0.04006745362563236 23-005357
