0 0.06399999999999295 0.8989999999999991 0.020751072938352044 0.02003372681281618 23-015161
0 0.09100000000000819 0.8907453625632381 0.03274481234308765 0.029123102866779108 23-007974
0 0.5389999999999873 0.8539999999999992 0.09499803115814369 0.08458684654300168 23-002625
0 0.8069409780775835 0.8140000000000001 0.03141217463145032 0.026340640809443514 23-008676
0 0.20199999999999818 0.6999999999999993 0.20160904808912683 0.18234401349072515 23-001225
0 0.8406273187183753 0.658627318718382 0.05825530568014424 0.05045531197301858 23-004117
0 0.32900000000000773 0.6049409780775712 0.02246446428188567 0.019477234401349092 23-014521
0 0.6763136593591879 0.6029999999999998 0.036552348662051315 0.03153456998313667 23-006999
0 0.9293149656854784 0.593 0.15550707549194714 0.2500505902192243 23-000883
0 0.8576273187183711 0.5356273187183809 0.02360672517757489 0.02021922428330524 23-013586
0 0.6498819561551399 0.5406863406408091 0.021893333834041257 0.018178752107925755 23-015658
0 0.5646273187183931 0.3290000000000006 0.03293518915903581 0.02801011804384488 23-008103
0 0.946313659359198 0.32099999999999973 0.020751072938352037 0.01725126475548064 23-017651
0 0.3896273187183818 0.2940000000000005 0.030841044183605802 0.02652613827993258 23-008827
0 0.5689999999999884 0.25900000000000034 0.0719624364284136 0.05991568296795948 23-003339
0 0.06231365935918351 0.23374536256323808 0.036742725477999505 0.03246205733558179 23-006781
0 0.21831365935918942 0.2186273187183807 0.11365495912106581 0.10851602023608754 23-002161
0 0.4273136593591926 0.19568634064081025 0.02151258020214474 0.016880269814502514 23-016651
0 0.8789999999999907 0.1282546374367619 0.019799188858611056 0.01817875210792585 23-017462
0 0.6966273187183697 0.11131365935919024 0.05597078388876609 0.049713322091062426 23-004239
0 0.24100000000001387 0.09231365935918989 0.14525751056846437 0.12187183811129845 23-001823
0 0.09962731871838976 0.057000000000000495 0.023225971545678455 0.01725126475548064 23-016139
0 0.7576273187183767 0.0519999999999996 0.02094144975430008 0.022293423271500887 23-015979
0 0.11562731871838089 0.03362731871838198 0.04492892856377139 0.04118043844856673 23-005285
