0 0.5422546374367688 0.032686340640810024 0.04091171135732994 0.038212478920741984 23-005775
0 0.6355682967959583 0.03952951096121497 0.026764670981430677 0.025834738617200682 23-011687
0 0.7558819561551344 0.05605902192242849 0.021411736785144464 0.02003372681281618 23-014904
0 0.2534114671163532 0.05278414839797678 0.027303954294464573 0.024688026981450253 23-011353
0 0.9450978077571603 0.08858853288364202 0.026470758707572796 0.02435075885328836 23-015325
0 0.4376273187183837 0.12074536256323855 0.06977932077301595 0.06121416526138282 23-003493
0 0.14925463743676814 0.14300000000000068 0.031093233369529297 0.029005059021922408 23-011079
0 0.4577841483979655 0.15658853288364163 0.04214720885383952 0.04185497470489038 23-007186
0 0.8817251264755391 0.2103136593591903 0.04425014728809504 0.03787521079258011 23-006360
0 0.22494097807756144 0.24337268128161912 0.04358817845547295 0.03617200674536254 23-005723
0 0.8872546374367677 0.28274536256323757 0.04549994066843232 0.04229342327150082 23-005164
0 0.132000000000005 0.2923726812816186 0.04072053513603393 0.03394603709949409 23-006295
0 0.6916273187183742 0.3133726812816194 0.055632280397116686 0.05045531197301858 23-004227
0 0.51400000000001 0.37470826306914007 0.6415873986691542 0.5947048903878583 23-000239
0 0.1673136593592017 0.30821416526138234 0.15236744837285934 0.13893760539629002 23-001694
0 0.05394097807756917 0.43937268128161877 0.04454405956195261 0.03505902192242827 23-005834
0 0.8729072010858171 0.48199999999999926 0.2796041576112027 0.33463743676222607 23-000565
0 0.3516273187183709 0.5050590219224284 0.03288231006290062 0.02819561551433394 23-008096
0 0.5759409780775606 0.5416863406408087 0.03135290029253306 0.02930860033726812 23-008155
0 0.08994097807757054 0.6464704890387849 0.02886760941568601 0.02264755480607074 23-011019
0 0.980254637436757 0.7057453625632376 0.026191142317542805 0.026374367622259674 23-011348
0 0.862254637436762 0.7609999999999992 0.10419104060628402 0.09553119730185494 23-002401
0 0.8056104667525682 0.7919991568296796 0.42765697314435 0.457601854974705 23-000275
0 0.4859409780775855 0.8039021922428331 0.02867643319439005 0.03102866779089372 23-009504
0 0.1529999999999916 0.9515134907251264 0.1567645014626658 0.10667032040472173 23-001655
0 0.25126475548060706 0.9418212478920742 0.023608768971332208 0.025295109612141653 
0 0.5564924114671164 0.8785834738617201 0.02023608768971332 0.026981450252951095 
0 0.33220910623946037 0.3372681281618887 0.02023608768971332 0.02023608768971332 
0 0.40978077571669475 0.45952782462057334 0.02023608768971332 0.01854974704890388 
0 0.9249578414839797 0.4451939291736931 0.021922428330522766 0.02023608768971332 
