0 0.5620000000000118 0.9740000000000002 0.023514675219399844 0.019477234401349068 23-013990
0 0.9844191294884406 0.9629999999999992 0.03427791512543084 0.036543001686340636 23-006045
0 0.9039999999999964 0.8789999999999996 0.09711752041833441 0.09015177065767287 23-002533
0 0.7620000000000005 0.7040000000000006 0.05888227615914766 0.05602023608768976 23-003933
0 0.9209999999999923 0.6300000000000008 0.022749970334216114 0.019477234401349092 23-014183
0 0.2169710735113035 0.5589999999999993 0.47733636172486776 0.5373861720067453 23-000262
0 0.931999999999988 0.4789999999999992 0.14663216173398133 0.13801011804384491 23-001710
0 0.6769999999999925 0.4469999999999992 0.023705851440695848 0.02133220910623942 23-013185
0 0.693000000000012 0.31700000000000017 0.03976465402955429 0.03580101180438452 23-006191
0 0.07200000000000273 0.038000000000000145 0.038808772923074414 0.03413153456998315 23-006474
0 0.7799325463743676 0.9173693086003373 0.021922428330522766 0.023608768971332208 
0 0.53035413153457 0.2116357504215851 0.021922428330522766 0.01854974704890388 
0 0.31703204047217537 0.2596964586846543 0.026981450252951095 0.023608768971332208 
0 0.49409780775716694 0.010118043844856706 0.02023608768971332 0.016863406408094434 
0 0.8625632377740303 0.2774030354131535 0.01854974704890388 0.01854974704890388 
0 0.8617200674536256 0.18634064080944346 0.023608768971332208 0.021922428330522766 
0 0.7883642495784149 0.1205733558178752 0.01517706576728499 0.01854974704890388 
0 0.8052276559865092 0.32377740303541314 0.021922428330522766 0.023608768971332208 
0 0.6593591905564924 0.6188870151770658 0.02023608768971332 0.016863406408094434 
0 0.9578414839797639 0.8111298482293423 0.02023608768971332 0.02023608768971332 
