0 0.4070000000000107 0.1869999999999994 0.03919112536566652 0.03580101180438447 23-006210
0 0.24899999999999523 0.3699999999999992 0.025617613653655318 0.021517706576728485 23-012032
0 0.7411510327860652 0.5318887015177066 0.028676433194390148 0.025598650927487268 23-009594
0 0.4310000000000116 0.6419999999999995 0.4462053005047096 0.3891736930860033 23-000452
0 0.4399999999999977 0.6460000000000008 0.024088203883287664 0.020404721753794115 23-013236
0 0.19499999999999318 0.6479999999999997 0.020838208121256786 0.017993254637436885 23-017252
0 0.40799999999998704 0.7699999999999996 0.021985265449032527 0.018178752107925945 23-015542
0 0.15100000000001057 0.7750000000000004 0.0682499110026482 0.06288364249578428 23-003482
0 0.2099494097807757 0.8802698145025295 0.01854974704890388 0.013490725126475547 
0 0.09780775716694767 0.8760539629005059 0.02023608768971332 0.01517706576728499 
0 0.1298482293423272 0.21922428330522767 0.02023608768971332 0.016863406408094434 
0 0.9747048903878583 0.045531197301854974 0.050590219224283306 0.09106239460370995 
0 0.6037099494097808 0.7504215851602024 0.016863406408094434 0.013490725126475547 
0 0.7234401349072512 0.7799325463743676 0.016863406408094434 0.011804384485666104 
