0 0.6699999999999875 0.9299999999999997 0.06136756703599471 0.05602023608768971 23-003849
0 0.4159999999999968 0.9255556492411463 0.2751025824448491 0.16377757166947812 23-000877
0 0.867999999999995 0.8930000000000007 0.024852908768471398 0.022259696458684673 23-012099
0 0.9821611136504952 0.8659999999999997 0.03924554996891059 0.05008431703204045 23-004149
0 0.36000000000001364 0.7789999999999999 0.07914695561651648 0.071787521079258 23-003097
0 0.6550000000000011 0.7309999999999999 0.05333816574156559 0.0443338954468803 23-004581
0 0.7889999999999873 0.6940000000000008 0.024852908768471398 0.018735244519392843 23-013454
0 0.09000000000000341 0.6880000000000006 0.028102904530502373 0.023743676222597033 23-010237
0 0.41499999999999204 0.6769999999999996 0.024661732547175536 0.01854974704890388 23-014047
0 0.664999999999992 0.6739999999999995 0.03594112960363554 0.03357504215851606 23-006824
0 0.1980000000000075 0.6210000000000004 0.0212205605638487 0.01984822934232712 23-015155
0 0.804000000000002 0.4900000000000002 0.06786755856005657 0.06455311973018545 23-003460
0 0.7479999999999905 0.4269999999999996 0.04951464131564684 0.04433389544688021 23-004792
0 0.39799999999999613 0.4220000000000006 0.0298234905221656 0.024856661045531022 23-009402
0 0.23699999999999477 0.2959999999999994 0.024279380104583623 0.019477234401349186 23-013399
0 0.38399999999998613 0.2829999999999995 0.021602913006440422 0.01984822934232731 23-014695
0 0.6740000000000066 0.12100000000000044 0.021602913006440516 0.018920741989882 23-015282
0 0.5730000000000075 0.08200000000000074 0.028102904530502276 0.02263069139966247 23-010545
0 0.2580000000000098 0.04499999999999993 0.021985265449032527 0.018364249578414624 23-015918
0 0.578000000000003 0.02999999999999936 0.04377935467676881 0.03858347386172025 23-005586
0 0.2230000000000132 0.02662225969645915 0.08927929534520103 0.058568971332210076 23-002846
0 0.21247892074198993 0.7951096121416527 0.026981450252951095 0.025295109612141653 
0 0.2580101180438449 0.15177065767284992 0.02023608768971332 0.016863406408094434 
0 0.1104553119730185 0.19224283305227652 0.01854974704890388 0.016863406408094434 
0 0.6973018549747049 0.5708263069139966 0.021922428330522766 0.01854974704890388 
0 0.44350758853288363 0.6146711635750421 0.02023608768971332 0.01854974704890388 
0 0.6399662731871838 0.48482293423271505 0.01854974704890388 0.01854974704890388 
0 0.93929173693086 0.5615514333895446 0.12141652613827993 0.4451939291736931 
