0 0.23537268128161815 0.011529510961214507 0.0212205605638487 0.020050590219224285 23-015971
0 0.3060000000000116 0.014059021922428671 0.020838208121256786 0.017993254637436767 23-016776
0 0.6870000000000118 0.1113136593591901 0.03479407227586 0.031905564924114664 23-007184
0 0.7052702341647046 0.3901602023608768 0.5894595316705908 0.605851602023609 23-000174
0 0.5120000000000005 0.375 0.11699984743311154 0.10833052276559867 23-002135
0 0.6827453625632255 0.5719409780775717 0.039122634663958565 0.03564924114671161 23-006991
0 0.6143726812816088 0.599372681281619 0.025617613653655127 0.02003372681281618 23-012628
0 0.9216863406407969 0.7356273187183818 0.04358817845547292 0.0398819561551433 23-005447
0 0.13837268128160984 0.7699999999999996 0.058691099937851605 0.0543507588532884 23-003996
0 0.7718825050094738 0.8228136593591906 0.5018584889791579 0.3898099494097807 23-000365
0 0.1543726812816294 0.9283136593591902 0.02332349899810384 0.024519392917369248 23-013063
0 0.0840000000000033 0.9456863406408103 0.021029384342552936 0.017993254637436885 23-016731
0 0.33105902192242176 0.9493726812816187 0.04569111688972809 0.04173693086003373 23-005212
0 0.010118043844856706 0.21838111298482293 0.016863406408094434 0.01854974704890388 
0 0.1391231028667791 0.8617200674536256 0.025295109612141653 0.023608768971332208 
0 0.4502529510961214 0.6905564924114671 0.02023608768971332 0.01854974704890388 
0 0.9131534569983136 0.37015177065767285 0.01854974704890388 0.01854974704890388 
0 0.8322091062394603 0.25295109612141653 0.01854974704890388 0.016863406408094434 
