0 0.45705902192242653 0.03505902192242769 0.032117605177716696 0.029308600337268134 23-008035
0 0.9807453625632273 0.21937268128161821 0.03689701071011525 0.033389544688027004 23-006750
0 0.027999999999991587 0.22374536256323832 0.024470556325879387 0.021332209106239446 23-012578
0 0.35900000000000887 0.2260590219224284 0.0212205605638487 0.019477234401349092 23-015442
0 0.9224317032040344 0.39674536256323834 0.02217644167032834 0.020404721753794305 23-014209
0 0.357256323777401 0.44911635750421514 0.2874465740952131 0.2907419898819563 23-000626
0 0.0926863406408176 0.7600590219224291 0.05066169864342258 0.04618887015177064 23-004632
0 0.35305902192244154 0.8049999999999997 0.03135290029253306 0.02689713322091051 23-009115
0 0.6853726812816068 0.8330000000000002 0.0510440510860144 0.048600337268128055 23-004484
0 0.8630590219224324 0.9131180438448571 0.022558794112920205 0.01966273187183825 23-014124
0 0.42674536256322526 0.9280590219224284 0.04186759246380953 0.0393254637436765 23-005635
0 0.046372681281625305 0.9760000000000009 0.04454405956195273 0.04155143338954485 23-005276
0 0.9156829679595279 0.47470489038785835 0.16863406408094436 0.40640809443507586 
