0 0.7718961590638566 0.11264755480607082 0.08679400446835397 0.08161888701517707 23-002796
0 0.9259999999999877 0.12400000000000054 0.022749970334216114 0.01984822934232717 23-014148
0 0.5697151512216226 0.14019392917369308 0.16135273077376813 0.1378246205733558 23-001616
0 0.756744696346796 0.1760876897133221 0.03288231006290062 0.028937605396290044 23-007980
0 0.40100000000001046 0.18299999999999983 0.029441138079573687 0.024856661045531213 23-009506
0 0.2179999999999893 0.3149999999999995 0.03919112536566652 0.03320404721753794 23-006441
0 0.75 0.37299999999999933 0.04129406379992175 0.037284991568296816 23-005850
0 0.0730000000000075 0.4090000000000007 0.09501458198407915 0.08236087689713317 23-002672
0 0.23799999999999955 0.41499999999999915 0.032308781399012845 0.029308600337268217 23-008007
0 0.9628422774907813 0.41999999999999993 0.08174698952028112 0.09163575042158517 23-002415
0 0.7090000000000032 0.43099999999999916 0.023132322776808073 0.020590219224283366 23-013603
0 0.3100000000000023 0.4670000000000005 0.03804406803789078 0.03394603709949409 23-006537
0 0.51400000000001 0.49099999999999966 0.30072019609850403 0.26544688026981444 23-000787
0 0.34600000000000364 0.4930000000000004 0.020838208121256786 0.017065767284991575 23-017308
0 0.7230000000000132 0.5850000000000009 0.2072350238847924 0.19922428330522762 23-001162
0 0.06669447412724894 0.609 0.14672784307994752 0.14320404721753788 23-001646
0 0.09499999999999886 0.6760000000000002 0.03766171559529906 0.03283305227655991 23-006799
0 0.7577005774532757 0.736618887015177 0.03479407227586 0.030978077571669677 23-007375
0 0.6730000000000018 0.75 0.023705851440695848 0.019477234401349186 23-013742
0 0.7904643612210709 0.7548397976391231 0.02274997033421609 0.021517706576728485 23-013334
0 0.1251245129865245 0.7847892074198988 0.024279380104583623 0.015581787521079273 23-015843
0 0.7139999999999986 0.7859999999999996 0.061941095699882584 0.05639123102866788 23-003820
0 0.28928354431993764 0.8716216694772346 0.3559701240530288 0.2567566610455307 23-000600
0 0.7019999999999982 0.8789999999999996 0.031544076513829115 0.02930860033726793 23-008121
0 0.9249578414839797 0.9856661045531198 0.01854974704890388 0.01517706576728499 
0 0.8541315345699831 0.9772344013490725 0.021922428330522766 0.01854974704890388 
0 0.5682967959527825 0.7942664418212478 0.02023608768971332 0.016863406408094434 
0 0.5134907251264755 0.0193929173693086 0.01854974704890388 0.01517706576728499 
0 0.9435075885328836 0.06745362563237774 0.01517706576728499 0.016863406408094434 
0 0.8794266441821248 0.06323777403035413 0.011804384485666104 0.011804384485666104 
0 0.9721753794266442 0.08684654300168634 0.01517706576728499 0.011804384485666104 
0 0.34654300168634067 0.42411467116357504 0.021922428330522766 0.01854974704890388 
