0 0.7833280039146118 0.05609612141652614 0.035367600939747765 0.03283305227655985 23-007010
0 0.7130195364879072 0.06280775716694773 0.06805873478135252 0.06325463743676224 23-003477
0 0.49500000000000455 0.3390000000000004 0.04148524002121762 0.037284991568296816 23-005872
0 0.2400000000000091 0.4320000000000004 0.02102938434255274 0.018178752107925755 23-016760
0 0.7410197049658477 0.5904131534569982 0.02217644167032829 0.01984822934232731 23-014579
0 0.48657344442491757 0.612335581787521 0.02179408922773657 0.01984822934232731 23-014657
0 0.6616518108533279 0.6532462057335582 0.042632297348993355 0.03246205733558179 23-006306
0 0.08199999999999363 0.6690000000000005 0.050470522422126546 0.04303541315345697 23-004815
0 0.3100000000000023 0.7989999999999995 0.031544076513829115 0.029679595278246245 23-008065
0 0.017210548182856018 0.8499999999999996 0.03786320600228323 0.037284991568296816 23-005537
0 0.006235286638880403 0.8680000000000002 0.01371763060553689 0.019477234401349092 23-013500
0 0.3060000000000116 0.9160000000000004 0.021411736785144655 0.01966273187183825 23-014907
0 0.382000000000005 0.9860000000000008 0.02466173254717544 0.02003372681281637 23-013378
0 0.9283305227655987 0.4991568296795953 0.01854974704890388 0.02023608768971332 
0 0.6812816188870152 0.5910623946037099 0.02023608768971332 0.021922428330522766 
0 0.6989881956155143 0.8077571669477235 0.025295109612141653 0.023608768971332208 
0 0.2765598650927487 0.34317032040472173 0.023608768971332208 0.01854974704890388 
