0 0.7587453625632473 0.0129999999999999 0.02274997033421616 0.017807757166947727 23-015096
0 0.0297453625632339 0.07294097807757108 0.02382853696028376 0.021922428330522766 23-016505
0 0.9102039777987548 0.1312116357504215 0.19755124884273942 0.2878224283305226 23-000680
0 0.21399999999999864 0.16994097807757239 0.0238970276619919 0.02151770657672853 23-012610
0 0.6594317032040578 0.4064317032040469 0.0848965381392225 0.0747554806070826 23-002807
0 0.47537268128162724 0.5340000000000007 0.10839691747479459 0.10220910623946039 23-002277
0 0.8663726812816184 0.6170590219224285 0.020073503236073056 0.01854974704890388 23-016970
0 0.10705902192243211 0.6630000000000003 0.027529375866614695 0.02785834738617217 23-010143
0 0.13605902192242847 0.716843170320404 0.0248529087684713 0.025278246205733764 23-013017
0 0.24968634064079986 0.7370000000000001 0.05314698952026963 0.04841483979763899 23-004433
0 0.4960000000000093 0.8059999999999992 0.3209848755558729 0.2437436762225969 23-000878
0 0.5840000000000032 0.9597833052276561 0.11642631876922367 0.081394097807757 23-002157
0 0.3473861720067454 0.35075885328836426 0.023608768971332208 0.023608768971332208 
0 0.03204047217537942 0.09949409780775717 0.023608768971332208 0.02023608768971332 
