0 0.9596273187183749 0.9788431703204045 0.040912739281547844 0.03827993254637435 17-001485
0 0.3477841483979803 0.9829021922428334 0.030259523820528714 0.030691399662731877 17-002973
0 0.3640978077571715 0.7482158516020234 0.027478778783496922 0.026475548060708246 17-004091
0 0.9149409780775734 0.7265295109612143 0.03629077858170015 0.031703204047217555 17-002202
0 0.08747048903878925 0.6538431703204052 0.028624808187054686 0.030354131534569888 17-002779
0 0.09747048903878015 0.41952951096121394 0.024698033746465176 0.026644182124789324 17-004738
0 0.42925463743676934 0.29705902192242817 0.040288099572433435 0.037774030354131495 17-001745
0 0.17215682967959708 0.17447048903878548 0.022194335288918707 0.02242833052276552 17-004729
0 0.4093136593591919 0.14415682967959476 0.028502636629575605 0.033052276559865035 17-002398
0 0.38362731871838157 0.13747048903878634 0.04428542056316663 0.04333895446880277 17-001438
0 0.825568296795956 0.10431365935919046 0.0541918247575923 0.051770657672849996 17-000942
