0 0.693000000000012 0.07199999999999918 0.025235261211063214 0.020590219224283317 23-012669
0 0.29005902192242483 0.07699999999999996 0.02332349899810384 0.021703204047217546 23-012872
0 0.9323726812816209 0.11156829679595201 0.025426437432359218 0.02433389544688028 23-012068
0 0.4186863406408111 0.22337268128161952 0.020647031899960828 0.01854974704890388 23-016553
0 0.36000000000001364 0.2579999999999991 0.0636616816915461 0.05416526138279933 23-003873
0 0.7419999999999902 0.26900000000000013 0.3892347865585213 0.3695109612141654 23-000526
0 0.47100000000000364 0.6039999999999992 0.05926462860173948 0.05416526138279933 23-003976
0 0.5120590219224334 0.6470000000000002 0.02179408922773657 0.020775716694772236 23-014129
0 0.6100590219224181 0.673 0.026573494760134816 0.022630691399662662 23-011232
0 0.045686340640820555 0.7693726812816188 0.05945580482303543 0.05156829679595285 23-004061
0 0.847686340640813 0.7985682967959531 0.03555877716104373 0.03172006745362554 23-007076
0 0.12037268128160905 0.8233726812816191 0.021985265449032527 0.01966273187183825 23-014553
0 0.09168634064081294 0.8660590219224289 0.024470556325879387 0.019662731871838153 23-013206
0 0.3046863406408067 0.8773136593591901 0.03727936315270714 0.03246205733558179 23-006794
0 0.18037268128161144 0.926 0.022558794112920205 0.02096121416526149 23-013690
0 0.811000000000007 0.983268128161889 0.06270580058506632 0.036810118043843876 23-003808
0 0.32462057335581784 0.7074198988195616 0.021922428330522766 0.01854974704890388 
0 0.05227655986509272 0.09612141652613827 0.023608768971332208 0.016863406408094434 
0 0.1795952782462057 0.14586846543001686 0.01517706576728499 0.01517706576728499 
0 0.4806070826306914 0.10708263069139966 0.02023608768971332 0.01854974704890388 
0 0.8583473861720068 0.18296795952782463 0.02023608768971332 0.01854974704890388 
0 0.6905564924114671 0.11129848229342328 0.01517706576728499 0.013490725126475547 
0 0.17537942664418216 0.9612141652613828 0.016863406408094434 0.016863406408094434 
