0 0.21667199608538823 0.9439038785834739 0.035367600939747765 0.03283305227655985 23-007010
0 0.28698046351209283 0.9371922428330522 0.06805873478135252 0.06325463743676224 23-003477
0 0.5049999999999955 0.6609999999999996 0.04148524002121762 0.037284991568296816 23-005872
0 0.7599999999999909 0.5679999999999996 0.02102938434255274 0.018178752107925755 23-016760
0 0.2589802950341523 0.4095868465430018 0.02217644167032829 0.01984822934232731 23-014579
0 0.5134265555750824 0.387664418212479 0.02179408922773657 0.01984822934232731 23-014657
0 0.3383481891466721 0.3467537942664418 0.042632297348993355 0.03246205733558179 23-006306
0 0.9180000000000064 0.3309999999999995 0.050470522422126546 0.04303541315345697 23-004815
0 0.6899999999999977 0.2010000000000005 0.031544076513829115 0.029679595278246245 23-008065
0 0.9827894518171439 0.15000000000000036 0.03786320600228323 0.037284991568296816 23-005537
0 0.9937647133611196 0.13199999999999978 0.01371763060553689 0.019477234401349092 23-013500
0 0.6939999999999884 0.08399999999999963 0.021411736785144655 0.01966273187183825 23-014907
0 0.617999999999995 0.013999999999999235 0.02466173254717544 0.02003372681281637 23-013378
0 0.07166947723440131 0.5008431703204047 0.01854974704890388 0.02023608768971332 
0 0.3187183811129848 0.4089376053962901 0.02023608768971332 0.021922428330522766 
0 0.3010118043844857 0.19224283305227652 0.025295109612141653 0.023608768971332208 
0 0.7234401349072512 0.6568296795952783 0.023608768971332208 0.01854974704890388 
