0 0.05057741769917112 0.08547217537942664 0.026955847202726632 0.024671163575042176 23-010302
0 0.9768834674657355 0.16217537942664417 0.02122056056384866 0.019662731871838104 23-015235
0 0.30257263271410795 0.20750421585160203 0.02504408498976726 0.016694772344013502 23-015721
0 0.29124618878168174 0.22138279932546376 0.02599996609624704 0.019291736930860028 23-012855
0 0.608346719955565 0.24926644182124788 0.03288231006290062 0.030978077571669486 23-007674
0 0.3439999999999941 0.25 0.02504408498976726 0.021517706576728485 23-012160
0 0.7239999999999895 0.3680000000000003 0.021794089227736475 0.02003372681281618 23-014656
0 0.323614818581773 0.38352445193929174 0.0401470064721463 0.03227655986509272 23-006525
0 0.546492893917365 0.4568887015177066 0.07780872206744517 0.07104553119730189 23-003125
0 0.874410671837012 0.569308600337268 0.17377918515800392 0.16323777403035425 23-001409
0 0.4485609568721137 0.760522765598651 0.037088186931411186 0.03376053962900503 23-006630
0 0.054000000000002046 0.8249999999999993 0.02217644167032829 0.017807757166947824 23-015933
0 0.5784148397976392 0.34991568296795955 0.026981450252951095 0.025295109612141653 
0 0.709106239460371 0.6340640809443507 0.03541315345699832 0.03035413153456998 
0 0.42327150084317033 0.47133220910623946 0.026981450252951095 0.025295109612141653 
0 0.8490725126475548 0.4156829679595278 0.021922428330522766 0.021922428330522766 
0 0.6391231028667791 0.7360876897133221 0.023608768971332208 0.01854974704890388 
