0 0.4577453625632312 0.96731365935919 0.04091171135732994 0.038212478920741984 23-005775
0 0.3644317032040417 0.9604704890387851 0.026764670981430677 0.025834738617200682 23-011687
0 0.24411804384486557 0.9439409780775715 0.021411736785144464 0.02003372681281618 23-014904
0 0.7465885328836468 0.9472158516020233 0.027303954294464573 0.024688026981450253 23-011353
0 0.054902192242839654 0.911411467116358 0.026470758707572796 0.02435075885328836 23-015325
0 0.5623726812816163 0.8792546374367615 0.06977932077301595 0.06121416526138282 23-003493
0 0.8507453625632319 0.8569999999999993 0.031093233369529297 0.029005059021922408 23-011079
0 0.5422158516020346 0.8434114671163584 0.04214720885383952 0.04185497470489038 23-007186
0 0.11827487352446087 0.7896863406408097 0.04425014728809504 0.03787521079258011 23-006360
0 0.7750590219224386 0.7566273187183808 0.04358817845547295 0.03617200674536254 23-005723
0 0.11274536256323231 0.7172546374367624 0.04549994066843232 0.04229342327150082 23-005164
0 0.867999999999995 0.7076273187183815 0.04072053513603393 0.03394603709949409 23-006295
0 0.30837268128162576 0.6866273187183807 0.055632280397116686 0.05045531197301858 23-004227
0 0.48599999999999 0.6252917369308599 0.6415873986691542 0.5947048903878583 23-000239
0 0.8326863406407983 0.6917858347386177 0.15236744837285934 0.13893760539629002 23-001694
0 0.9460590219224309 0.5606273187183812 0.04454405956195261 0.03505902192242827 23-005834
0 0.1270927989141829 0.5180000000000007 0.2796041576112027 0.33463743676222607 23-000565
0 0.6483726812816291 0.49494097807757165 0.03288231006290062 0.02819561551433394 23-008096
0 0.4240590219224394 0.4583136593591913 0.03135290029253306 0.02930860033726812 23-008155
0 0.9100590219224295 0.3535295109612151 0.02886760941568601 0.02264755480607074 23-011019
0 0.019745362563242996 0.2942546374367624 0.026191142317542805 0.026374367622259674 23-011348
0 0.137745362563238 0.23900000000000077 0.10419104060628402 0.09553119730185494 23-002401
0 0.1943895332474318 0.20800084317032042 0.42765697314435 0.457601854974705 23-000275
0 0.5140590219224145 0.1960978077571669 0.02867643319439005 0.03102866779089372 23-009504
0 0.8470000000000084 0.048486509274873635 0.1567645014626658 0.10667032040472173 23-001655
0 0.7487352445193929 0.05817875210792578 0.023608768971332208 0.025295109612141653 
0 0.44350758853288363 0.12141652613827991 0.02023608768971332 0.026981450252951095 
0 0.6677908937605397 0.6627318718381112 0.02023608768971332 0.02023608768971332 
0 0.5902192242833053 0.5404721753794266 0.02023608768971332 0.01854974704890388 
0 0.07504215851602025 0.554806070826307 0.021922428330522766 0.02023608768971332 
