0 0.24125463743675268 0.9870000000000001 0.02274997033421616 0.017807757166947727 23-015096
0 0.9702546374367661 0.927059021922429 0.02382853696028376 0.021922428330522766 23-016505
0 0.08979602220124519 0.8687883642495785 0.19755124884273942 0.2878224283305226 23-000680
0 0.7860000000000014 0.8300590219224276 0.0238970276619919 0.02151770657672853 23-012610
0 0.3405682967959423 0.593568296795953 0.0848965381392225 0.0747554806070826 23-002807
0 0.5246273187183728 0.4659999999999993 0.10839691747479459 0.10220910623946039 23-002277
0 0.13362731871838157 0.38294097807757155 0.020073503236073056 0.01854974704890388 23-016970
0 0.8929409780775679 0.33699999999999974 0.027529375866614695 0.02785834738617217 23-010143
0 0.8639409780775715 0.283156829679596 0.0248529087684713 0.025278246205733764 23-013017
0 0.7503136593592001 0.2629999999999999 0.05314698952026963 0.04841483979763899 23-004433
0 0.5039999999999907 0.19400000000000084 0.3209848755558729 0.2437436762225969 23-000878
0 0.4159999999999968 0.04021669477234391 0.11642631876922367 0.081394097807757 23-002157
0 0.6526138279932546 0.6492411467116357 0.023608768971332208 0.023608768971332208 
0 0.9679595278246206 0.9005059021922428 0.023608768971332208 0.02023608768971332 
