0 0.4070000000000107 0.8130000000000006 0.03919112536566652 0.03580101180438447 23-006210
0 0.24899999999999523 0.6300000000000008 0.025617613653655318 0.021517706576728485 23-012032
0 0.7411510327860652 0.4681112984822934 0.028676433194390148 0.025598650927487268 23-009594
0 0.4310000000000116 0.35800000000000054 0.4462053005047096 0.3891736930860033 23-000452
0 0.4399999999999977 0.3539999999999992 0.024088203883287664 0.020404721753794115 23-013236
0 0.19499999999999318 0.3520000000000003 0.020838208121256786 0.017993254637436885 23-017252
0 0.40799999999998704 0.23000000000000043 0.021985265449032527 0.018178752107925945 23-015542
0 0.15100000000001057 0.22499999999999964 0.0682499110026482 0.06288364249578428 23-003482
0 0.2099494097807757 0.1197301854974705 0.01854974704890388 0.013490725126475547 
0 0.09780775716694767 0.12394603709949414 0.02023608768971332 0.01517706576728499 
0 0.1298482293423272 0.7807757166947723 0.02023608768971332 0.016863406408094434 
0 0.9747048903878583 0.954468802698145 0.050590219224283306 0.09106239460370995 
0 0.6037099494097808 0.2495784148397976 0.016863406408094434 0.013490725126475547 
0 0.7234401349072512 0.2200674536256324 0.016863406408094434 0.011804384485666104 
