0 0.15453705929844264 0.0461973018549747 0.04263229734899326 0.03913996627318719 23-005576
0 0.47448378996602314 0.07598650927487353 0.0248529087684713 0.02003372681281618 23-013324
0 0.6380000000000052 0.11800000000000031 0.16785272229782994 0.15785834738617202 23-001462
0 0.11713650498486317 0.450725126475548 0.021794089227736377 0.019291736930860125 23-014932
0 0.10400000000001342 0.5630000000000006 0.020647031899960637 0.01984822934232731 23-015492
0 0.73857015379857 0.7136087689713322 0.023514675219399893 0.01966273187183825 23-014009
0 0.8739211002657115 0.8074704890387858 0.02102938434255274 0.0174367622259697 23-017204
0 0.7280000000000086 0.9139999999999997 0.06939696833042402 0.0652951096121417 23-003410
0 0.04994254627548933 0.923026981450253 0.029058785636981964 0.02578414839797633 23-009522
0 0.33832823967964587 0.980872428330523 0.05945580482303543 0.03825514333895386 23-004036
0 0.8305227655986509 0.2984822934232715 0.021922428330522766 0.02023608768971332 
0 0.21669477234401346 0.7630691399662732 0.021922428330522766 0.021922428330522766 
0 0.954468802698145 0.8558178752107926 0.026981450252951095 0.01854974704890388 
0 0.9072512647554806 0.9662731871838112 0.02023608768971332 0.02023608768971332 
