0 0.22810384093614341 0.8873524451939292 0.08679400446835397 0.08161888701517707 23-002796
0 0.07400000000001228 0.8759999999999994 0.022749970334216114 0.01984822934232717 23-014148
0 0.43028484877837736 0.8598060708263069 0.16135273077376813 0.1378246205733558 23-001616
0 0.243255303653204 0.8239123102866779 0.03288231006290062 0.028937605396290044 23-007980
0 0.5989999999999895 0.8170000000000002 0.029441138079573687 0.024856661045531213 23-009506
0 0.7820000000000107 0.6850000000000005 0.03919112536566652 0.03320404721753794 23-006441
0 0.25 0.6270000000000007 0.04129406379992175 0.037284991568296816 23-005850
0 0.9269999999999925 0.5909999999999993 0.09501458198407915 0.08236087689713317 23-002672
0 0.7620000000000005 0.5850000000000009 0.032308781399012845 0.029308600337268217 23-008007
0 0.03715772250921869 0.5800000000000001 0.08174698952028112 0.09163575042158517 23-002415
0 0.2909999999999968 0.5690000000000008 0.023132322776808073 0.020590219224283366 23-013603
0 0.6899999999999977 0.5329999999999995 0.03804406803789078 0.03394603709949409 23-006537
0 0.48599999999999 0.5090000000000003 0.30072019609850403 0.26544688026981444 23-000787
0 0.6539999999999964 0.5069999999999997 0.020838208121256786 0.017065767284991575 23-017308
0 0.2769999999999868 0.41499999999999915 0.2072350238847924 0.19922428330522762 23-001162
0 0.9333055258727511 0.391 0.14672784307994752 0.14320404721753788 23-001646
0 0.9050000000000011 0.32399999999999984 0.03766171559529906 0.03283305227655991 23-006799
0 0.2422994225467243 0.26338111298482303 0.03479407227586 0.030978077571669677 23-007375
0 0.3269999999999982 0.25 0.023705851440695848 0.019477234401349186 23-013742
0 0.20953563877892906 0.24516020236087688 0.02274997033421609 0.021517706576728485 23-013334
0 0.8748754870134755 0.21521079258010123 0.024279380104583623 0.015581787521079273 23-015843
0 0.28600000000000136 0.2140000000000004 0.061941095699882584 0.05639123102866788 23-003820
0 0.7107164556800624 0.12837833052276537 0.3559701240530288 0.2567566610455307 23-000600
0 0.2980000000000018 0.12100000000000044 0.031544076513829115 0.02930860033726793 23-008121
0 0.07504215851602024 0.01433389544688024 0.01854974704890388 0.01517706576728499 
0 0.14586846543001686 0.022765598650927532 0.021922428330522766 0.01854974704890388 
0 0.4317032040472175 0.20573355817875216 0.02023608768971332 0.016863406408094434 
0 0.48650927487352447 0.9806070826306914 0.01854974704890388 0.01517706576728499 
0 0.05649241146711636 0.9325463743676222 0.01517706576728499 0.016863406408094434 
0 0.1205733558178752 0.9367622259696459 0.011804384485666104 0.011804384485666104 
0 0.02782462057335582 0.9131534569983136 0.01517706576728499 0.011804384485666104 
0 0.6534569983136593 0.575885328836425 0.021922428330522766 0.01854974704890388 
