0 0.7646273187183819 0.9884704890387855 0.0212205605638487 0.020050590219224285 23-015971
0 0.6939999999999884 0.9859409780775713 0.020838208121256786 0.017993254637436767 23-016776
0 0.3129999999999882 0.8886863406408099 0.03479407227586 0.031905564924114664 23-007184
0 0.2947297658352954 0.6098397976391232 0.5894595316705908 0.605851602023609 23-000174
0 0.48799999999999955 0.625 0.11699984743311154 0.10833052276559867 23-002135
0 0.3172546374367745 0.4280590219224283 0.039122634663958565 0.03564924114671161 23-006991
0 0.3856273187183911 0.400627318718381 0.025617613653655127 0.02003372681281618 23-012628
0 0.07831365935920306 0.26437268128161817 0.04358817845547292 0.0398819561551433 23-005447
0 0.8616273187183902 0.23000000000000043 0.058691099937851605 0.0543507588532884 23-003996
0 0.22811749499052628 0.1771863406408094 0.5018584889791579 0.3898099494097807 23-000365
0 0.8456273187183706 0.07168634064080981 0.02332349899810384 0.024519392917369248 23-013063
0 0.9159999999999967 0.05431365935918975 0.021029384342552936 0.017993254637436885 23-016731
0 0.6689409780775782 0.05062731871838133 0.04569111688972809 0.04173693086003373 23-005212
0 0.9898819561551433 0.781618887015177 0.016863406408094434 0.01854974704890388 
0 0.8608768971332209 0.13827993254637438 0.025295109612141653 0.023608768971332208 
0 0.5497470489038786 0.3094435075885329 0.02023608768971332 0.01854974704890388 
0 0.08684654300168634 0.6298482293423271 0.01854974704890388 0.01854974704890388 
0 0.16779089376053963 0.7470489038785835 0.01854974704890388 0.016863406408094434 
