0 0.17543170320404888 0.8315295109612149 0.024279380104583623 0.025278246205733525 23-013103
0 0.4790590219224179 0.7520000000000007 0.2789261068707674 0.2541315345699831 23-000846
0 0.07158853288363543 0.6933726812816183 0.029406892728719904 0.027487352445193854 23-010228
0 0.31968634064082146 0.6293136593591908 0.09042635267297677 0.08514333895446873 23-002687
0 0.6020000000000039 0.5030000000000001 0.02313232277680798 0.02225969645868473 23-012734
0 0.5962158516020366 0.4806863406408086 0.039416546937816356 0.038397976391231 23-005750
0 0.12600000000000477 0.47347048903878675 0.027147023424022684 0.02602023608768963 23-011759
0 0.011310660293572306 0.41499999999999915 0.021173503236078275 0.03672849915682963 23-006008
0 0.016092075082920987 0.3780000000000001 0.03169261577264535 0.04229342327150072 23-005032
0 0.8129999999999882 0.38349072512647475 0.07283814031375084 0.06418212478920733 23-003377
0 0.2985451305417811 0.33870994940978083 0.043970530898064665 0.029865092748735306 23-006646
0 0.1293726812816236 0.3119999999999994 0.03517642471845181 0.030978077571669677 23-007286
0 0.6903726812816307 0.17800000000000082 0.02772055208791046 0.02225969645868473 23-010802
0 0.6839999999999975 0.15600000000000058 0.03976465402955429 0.022630691399662662 23-008444
0 0.3540000000000134 0.14300000000000068 0.023514675219399796 0.022074198988195765 23-012606
0 0.6829999999999927 0.12800000000000022 0.03555877716104363 0.0319055649241147 23-007127
0 0.6167453625632514 0.12768634064080875 0.02332349899810384 0.024333895446880378 23-013387
0 0.47999999999998977 0.0679999999999995 0.02179408922773657 0.016880269814502514 23-017215
0 0.49500000000000455 0.045999999999999486 0.026764670981430677 0.021888701517706607 23-011691
0 0.7209021922428365 0.044686340640808675 0.02507833034062133 0.024856661045531213 23-010404
0 0.9250000000000114 0.035627318718380874 0.023132322776808004 0.02114671163575036 23-013249
0 0.43338954468802693 0.031197301854974713 0.023608768971332208 0.021922428330522766 
0 0.15598650927487356 0.8220910623946037 0.025295109612141653 0.021922428330522766 
0 0.6391231028667791 0.6264755480607083 0.596964586846543 0.551433389544688 
