0 0.8454629407015574 0.9538026981450253 0.04263229734899326 0.03913996627318719 23-005576
0 0.5255162100339769 0.9240134907251265 0.0248529087684713 0.02003372681281618 23-013324
0 0.36199999999999477 0.8819999999999997 0.16785272229782994 0.15785834738617202 23-001462
0 0.8828634950151368 0.5492748735244519 0.021794089227736377 0.019291736930860125 23-014932
0 0.8959999999999866 0.4369999999999994 0.020647031899960637 0.01984822934232731 23-015492
0 0.2614298462014299 0.2863912310286678 0.023514675219399893 0.01966273187183825 23-014009
0 0.12607889973428854 0.19252951096121418 0.02102938434255274 0.0174367622259697 23-017204
0 0.27199999999999136 0.0860000000000003 0.06939696833042402 0.0652951096121417 23-003410
0 0.9500574537245107 0.07697301854974703 0.029058785636981964 0.02578414839797633 23-009522
0 0.6616717603203541 0.019127571669476984 0.05945580482303543 0.03825514333895386 23-004036
0 0.16947723440134907 0.7015177065767285 0.021922428330522766 0.02023608768971332 
0 0.7833052276559865 0.23693086003372676 0.021922428330522766 0.021922428330522766 
0 0.045531197301854974 0.14418212478920744 0.026981450252951095 0.01854974704890388 
0 0.09274873524451939 0.033726812816188834 0.02023608768971332 0.02023608768971332 
