0 0.30699999999998795 0.07199999999999918 0.025235261211063214 0.020590219224283317 23-012669
0 0.7099409780775752 0.07699999999999996 0.02332349899810384 0.021703204047217546 23-012872
0 0.06762731871837907 0.11156829679595201 0.025426437432359218 0.02433389544688028 23-012068
0 0.5813136593591889 0.22337268128161952 0.020647031899960828 0.01854974704890388 23-016553
0 0.6399999999999864 0.2579999999999991 0.0636616816915461 0.05416526138279933 23-003873
0 0.2580000000000098 0.26900000000000013 0.3892347865585213 0.3695109612141654 23-000526
0 0.5289999999999964 0.6039999999999992 0.05926462860173948 0.05416526138279933 23-003976
0 0.48794097807756664 0.6470000000000002 0.02179408922773657 0.020775716694772236 23-014129
0 0.3899409780775819 0.673 0.026573494760134816 0.022630691399662662 23-011232
0 0.9543136593591794 0.7693726812816188 0.05945580482303543 0.05156829679595285 23-004061
0 0.15231365935918692 0.7985682967959531 0.03555877716104373 0.03172006745362554 23-007076
0 0.879627318718391 0.8233726812816191 0.021985265449032527 0.01966273187183825 23-014553
0 0.9083136593591871 0.8660590219224289 0.024470556325879387 0.019662731871838153 23-013206
0 0.6953136593591933 0.8773136593591901 0.03727936315270714 0.03246205733558179 23-006794
0 0.8196273187183886 0.926 0.022558794112920205 0.02096121416526149 23-013690
0 0.18899999999999295 0.983268128161889 0.06270580058506632 0.036810118043843876 23-003808
0 0.6753794266441822 0.7074198988195616 0.021922428330522766 0.01854974704890388 
0 0.9477234401349073 0.09612141652613827 0.023608768971332208 0.016863406408094434 
0 0.8204047217537943 0.14586846543001686 0.01517706576728499 0.01517706576728499 
0 0.5193929173693086 0.10708263069139966 0.02023608768971332 0.01854974704890388 
0 0.14165261382799327 0.18296795952782463 0.02023608768971332 0.01854974704890388 
0 0.3094435075885329 0.11129848229342328 0.01517706576728499 0.013490725126475547 
0 0.8246205733558178 0.9612141652613828 0.016863406408094434 0.016863406408094434 
