0 0.4577453625632312 0.032686340640810024 0.04091171135732994 0.038212478920741984 23-005775
0 0.3644317032040417 0.03952951096121497 0.026764670981430677 0.025834738617200682 23-011687
0 0.24411804384486557 0.05605902192242849 0.021411736785144464 0.02003372681281618 23-014904
0 0.7465885328836468 0.05278414839797678 0.027303954294464573 0.024688026981450253 23-011353
0 0.054902192242839654 0.08858853288364202 0.026470758707572796 0.02435075885328836 23-015325
0 0.5623726812816163 0.12074536256323855 0.06977932077301595 0.06121416526138282 23-003493
0 0.8507453625632319 0.14300000000000068 0.031093233369529297 0.029005059021922408 23-011079
0 0.5422158516020346 0.15658853288364163 0.04214720885383952 0.04185497470489038 23-007186
0 0.11827487352446087 0.2103136593591903 0.04425014728809504 0.03787521079258011 23-006360
0 0.7750590219224386 0.24337268128161912 0.04358817845547295 0.03617200674536254 23-005723
0 0.11274536256323231 0.28274536256323757 0.04549994066843232 0.04229342327150082 23-005164
0 0.867999999999995 0.2923726812816186 0.04072053513603393 0.03394603709949409 23-006295
0 0.30837268128162576 0.3133726812816194 0.055632280397116686 0.05045531197301858 23-004227
0 0.48599999999999 0.37470826306914007 0.6415873986691542 0.5947048903878583 23-000239
0 0.8326863406407983 0.30821416526138234 0.15236744837285934 0.13893760539629002 23-001694
0 0.9460590219224309 0.43937268128161877 0.04454405956195261 0.03505902192242827 23-005834
0 0.1270927989141829 0.48199999999999926 0.2796041576112027 0.33463743676222607 23-000565
0 0.6483726812816291 0.5050590219224284 0.03288231006290062 0.02819561551433394 23-008096
0 0.4240590219224394 0.5416863406408087 0.03135290029253306 0.02930860033726812 23-008155
0 0.9100590219224295 0.6464704890387849 0.02886760941568601 0.02264755480607074 23-011019
0 0.019745362563242996 0.7057453625632376 0.026191142317542805 0.026374367622259674 23-011348
0 0.137745362563238 0.7609999999999992 0.10419104060628402 0.09553119730185494 23-002401
0 0.1943895332474318 0.7919991568296796 0.42765697314435 0.457601854974705 23-000275
0 0.5140590219224145 0.8039021922428331 0.02867643319439005 0.03102866779089372 23-009504
0 0.8470000000000084 0.9515134907251264 0.1567645014626658 0.10667032040472173 23-001655
0 0.7487352445193929 0.9418212478920742 0.023608768971332208 0.025295109612141653 
0 0.44350758853288363 0.8785834738617201 0.02023608768971332 0.026981450252951095 
0 0.6677908937605397 0.3372681281618887 0.02023608768971332 0.02023608768971332 
0 0.5902192242833053 0.45952782462057334 0.02023608768971332 0.01854974704890388 
0 0.07504215851602025 0.4451939291736931 0.021922428330522766 0.02023608768971332 
