0 0.7833280039146118 0.9439038785834739 0.035367600939747765 0.03283305227655985 23-007010
0 0.7130195364879072 0.9371922428330522 0.06805873478135252 0.06325463743676224 23-003477
0 0.49500000000000455 0.6609999999999996 0.04148524002121762 0.037284991568296816 23-005872
0 0.2400000000000091 0.5679999999999996 0.02102938434255274 0.018178752107925755 23-016760
0 0.7410197049658477 0.4095868465430018 0.02217644167032829 0.01984822934232731 23-014579
0 0.48657344442491757 0.387664418212479 0.02179408922773657 0.01984822934232731 23-014657
0 0.6616518108533279 0.3467537942664418 0.042632297348993355 0.03246205733558179 23-006306
0 0.08199999999999363 0.3309999999999995 0.050470522422126546 0.04303541315345697 23-004815
0 0.3100000000000023 0.2010000000000005 0.031544076513829115 0.029679595278246245 23-008065
0 0.017210548182856018 0.15000000000000036 0.03786320600228323 0.037284991568296816 23-005537
0 0.006235286638880403 0.13199999999999978 0.01371763060553689 0.019477234401349092 23-013500
0 0.3060000000000116 0.08399999999999963 0.021411736785144655 0.01966273187183825 23-014907
0 0.382000000000005 0.013999999999999235 0.02466173254717544 0.02003372681281637 23-013378
0 0.9283305227655987 0.5008431703204047 0.01854974704890388 0.02023608768971332 
0 0.6812816188870152 0.4089376053962901 0.02023608768971332 0.021922428330522766 
0 0.6989881956155143 0.19224283305227652 0.025295109612141653 0.023608768971332208 
0 0.2765598650927487 0.6568296795952783 0.023608768971332208 0.01854974704890388 
