0 0.5300978077571683 0.03137268128161935 0.031195969422091272 0.031011804384485666 23-008162
0 0.2663136593591912 0.10525463743676232 0.13439688357104151 0.11556492411467116 23-001988
0 0.8786273187183862 0.11537268128161898 0.09864693018870185 0.09404721753794268 23-002480
0 0.4573136593591937 0.17031365935919116 0.026191142317542996 0.024485666104553088 23-010689
0 0.6095682967959478 0.18684317032040468 0.030205842964757704 0.030843170320404758 23-009099
0 0.6249409780775671 0.25143170320404756 0.03326466250549243 0.0319055649241147 23-007415
0 0.4799409780775853 0.26200000000000045 0.05142640352860621 0.04600337268128167 23-004599
0 0.4853136593591853 0.3089999999999993 0.02332349899810384 0.020590219224283366 23-013574
0 0.7486273187183906 0.3126863406408094 0.0324999576203088 0.032495784148398044 23-008024
0 0.506627318718372 0.3738043844856662 0.043779354676768904 0.03932546374367621 23-005452
0 0.659627318718392 0.36737268128161965 0.03689701071011523 0.030050590219224273 23-007091
0 0.2849999999999966 0.3949999999999996 0.2307496991041922 0.21016863406408104 23-001052
0 0.6642546374367545 0.39899999999999913 0.06174991947858672 0.05045531197301858 23-003982
0 0.34294097807758483 0.5380000000000003 0.11030867968775387 0.10295109612141665 23-002252
0 0.15531365935920124 0.5470000000000006 0.16192625943765604 0.14988195615514333 23-001534
0 0.8453136593591989 0.6060590219224292 0.020647031899960828 0.018364249578414815 23-016767
0 0.8340000000000032 0.6180590219224279 0.024470556325879578 0.0209612141652613 23-012767
0 0.5759409780775606 0.724372681281619 0.026955847202726632 0.024300168634064218 23-010513
0 0.40462731871836816 0.744059021922429 0.23552910463659055 0.2029342327150085 23-001064
0 0.8133136593591883 0.7439999999999998 0.03460289605456413 0.031163575042158356 23-007329
0 0.18356829679596007 0.7940404721753799 0.2845702884751445 0.29291736930860024 23-000663
0 0.7525682967959484 0.8527453625632377 0.03568146268063173 0.03286677908937597 23-007960
0 0.4999409780775671 0.873156829679596 0.02389702766199171 0.023389544688027085 23-012661
0 0.5496273187183783 0.9093726812816195 0.10667633148313117 0.09998313659359184 23-002318
0 0.7792546374367636 0.9223726812816194 0.06646083430927711 0.06276559865092754 23-003793
0 0.16610455311973019 0.22006745362563238 0.03204047217537943 0.02866779089376054 
0 0.3566610455311973 0.28499156829679595 0.021922428330522766 0.023608768971332208 
0 0.9207419898819561 0.28499156829679595 0.023608768971332208 0.023608768971332208 
0 0.9679595278246206 0.24957841483979765 0.02023608768971332 0.023608768971332208 
0 0.2984822934232715 0.8608768971332209 0.016863406408094434 0.021922428330522766 
0 0.35497470489038785 0.9536256323777403 0.025295109612141653 0.021922428330522766 
0 0.5261382799325464 0.6391231028667791 0.016863406408094434 0.026981450252951095 
0 0.5354131534569984 0.6795952782462057 0.021922428330522766 0.02023608768971332 
0 0.5910623946037099 0.13406408094435077 0.01517706576728499 0.011804384485666104 
