0 0.3300000000000125 0.07000000000000028 0.06136756703599471 0.05602023608768971 23-003849
0 0.5840000000000032 0.0744443507588537 0.2751025824448491 0.16377757166947812 23-000877
0 0.132000000000005 0.10699999999999932 0.024852908768471398 0.022259696458684673 23-012099
0 0.017838886349504812 0.13400000000000034 0.03924554996891059 0.05008431703204045 23-004149
0 0.6399999999999864 0.22100000000000009 0.07914695561651648 0.071787521079258 23-003097
0 0.34499999999999886 0.26900000000000013 0.05333816574156559 0.0443338954468803 23-004581
0 0.21100000000001273 0.30599999999999916 0.024852908768471398 0.018735244519392843 23-013454
0 0.9099999999999966 0.3119999999999994 0.028102904530502373 0.023743676222597033 23-010237
0 0.585000000000008 0.3230000000000004 0.024661732547175536 0.01854974704890388 23-014047
0 0.33500000000000796 0.3260000000000005 0.03594112960363554 0.03357504215851606 23-006824
0 0.8019999999999925 0.37899999999999956 0.0212205605638487 0.01984822934232712 23-015155
0 0.19599999999999795 0.5099999999999998 0.06786755856005657 0.06455311973018545 23-003460
0 0.25200000000000955 0.5730000000000004 0.04951464131564684 0.04433389544688021 23-004792
0 0.6020000000000039 0.5779999999999994 0.0298234905221656 0.024856661045531022 23-009402
0 0.7630000000000052 0.7040000000000006 0.024279380104583623 0.019477234401349186 23-013399
0 0.6160000000000139 0.7170000000000005 0.021602913006440422 0.01984822934232731 23-014695
0 0.3259999999999934 0.8789999999999996 0.021602913006440516 0.018920741989882 23-015282
0 0.4269999999999925 0.9179999999999993 0.028102904530502276 0.02263069139966247 23-010545
0 0.7419999999999902 0.9550000000000001 0.021985265449032527 0.018364249578414624 23-015918
0 0.42199999999999704 0.9700000000000006 0.04377935467676881 0.03858347386172025 23-005586
0 0.7769999999999868 0.9733777403035409 0.08927929534520103 0.058568971332210076 23-002846
0 0.7875210792580101 0.20489038785834737 0.026981450252951095 0.025295109612141653 
0 0.7419898819561551 0.8482293423271501 0.02023608768971332 0.016863406408094434 
0 0.8895446880269815 0.8077571669477235 0.01854974704890388 0.016863406408094434 
0 0.30269814502529513 0.4291736930860034 0.021922428330522766 0.01854974704890388 
0 0.5564924114671164 0.38532883642495785 0.02023608768971332 0.01854974704890388 
0 0.3600337268128162 0.515177065767285 0.01854974704890388 0.01854974704890388 
0 0.06070826306913996 0.43844856661045534 0.12141652613827993 0.4451939291736931 
