0 0.46837268128162235 0.9714114671163567 0.036063815123223646 0.03288364249578415 23-008168
0 0.4596863406408078 0.6806273187183804 0.1558086203561861 0.1445025295109612 23-001603
0 0.8993726812816054 0.6653136593591904 0.08851459046001739 0.08403035413153465 23-002728
0 0.06505902192243052 0.6324704890387856 0.03931381088525453 0.03881956155143336 23-006802
0 0.9799999999999898 0.395411467116358 0.04377935467676884 0.05264755480607068 23-005602
0 0.7955335723752169 0.40199999999999925 0.4498261407745227 0.4776559865092749 23-000357
0 0.12399999999999523 0.3620000000000001 0.18486740599316806 0.16379426644182105 23-001358
0 0.5683726812816166 0.2729409780775721 0.023514675219399844 0.028819561551433445 23-012638
0 0.6359999999999957 0.26162731871838163 0.03230878139901275 0.02671163575042164 23-008454
0 0.3200590219224261 0.09099999999999941 0.04091171135732994 0.03654300168634076 23-005933
0 0.6253726812816329 0.07631365935918999 0.02332349899810384 0.020775716694772236 23-013220
0 0.08105902192242176 0.06700000000000017 0.10055869240166132 0.09460370994941002 23-002450
0 0.34774536256324595 0.05731365935918997 0.03689701071011523 0.03509274873524443 23-006982
0 0.03200000000001069 0.008112984822933877 0.030014666743461555 0.017848566610454947 23-008874
0 0.397133220910624 0.35750421585160197 0.025295109612141653 0.023608768971332208 
0 0.7841483979763912 0.042158516020236125 0.023608768971332208 0.023608768971332208 
0 0.9266441821247892 0.3709949409780776 0.01854974704890388 0.023608768971332208 
0 0.8827993254637436 0.3996627318718381 0.021922428330522766 0.02023608768971332 
0 0.6357504215851602 0.7124789207419899 0.023608768971332208 0.021922428330522766 
0 0.7554806070826307 0.8988195615514334 0.02023608768971332 0.02023608768971332 
