0 0.5929999999999893 0.8130000000000006 0.03919112536566652 0.03580101180438447 23-006210
0 0.7510000000000048 0.6300000000000008 0.025617613653655318 0.021517706576728485 23-012032
0 0.2588489672139348 0.4681112984822934 0.028676433194390148 0.025598650927487268 23-009594
0 0.5689999999999884 0.35800000000000054 0.4462053005047096 0.3891736930860033 23-000452
0 0.5600000000000023 0.3539999999999992 0.024088203883287664 0.020404721753794115 23-013236
0 0.8050000000000068 0.3520000000000003 0.020838208121256786 0.017993254637436885 23-017252
0 0.592000000000013 0.23000000000000043 0.021985265449032527 0.018178752107925945 23-015542
0 0.8489999999999894 0.22499999999999964 0.0682499110026482 0.06288364249578428 23-003482
0 0.7900505902192243 0.1197301854974705 0.01854974704890388 0.013490725126475547 
0 0.9021922428330523 0.12394603709949414 0.02023608768971332 0.01517706576728499 
0 0.8701517706576728 0.7807757166947723 0.02023608768971332 0.016863406408094434 
0 0.025295109612141653 0.954468802698145 0.050590219224283306 0.09106239460370995 
0 0.3962900505902192 0.2495784148397976 0.016863406408094434 0.013490725126475547 
0 0.2765598650927487 0.2200674536256324 0.016863406408094434 0.011804384485666104 
