0 0.5140590219224145 0.042059021922429135 0.021508604625045787 0.019106239460370992 23-015456
0 0.36474536256324186 0.0600000000000005 0.027653920232202 0.025413153456998308 23-009997
0 0.7719999999999914 0.14305902192242825 0.021316563512322344 0.017436762225969602 23-017075
0 0.03715597343094912 0.1620000000000008 0.08174314154808777 0.09478920741989884 23-002417
0 0.9209999999999923 0.5310000000000006 0.1332765322301952 0.12187183811129845 23-001912
0 0.054000000000002046 0.6500590219224279 0.021508604625045977 0.018364249578414815 23-016135
0 0.22999999999998977 0.8403726812816186 0.021316563512322344 0.0174367622259697 23-016727
0 0.9003726812816102 0.8539999999999993 0.02861412579582001 0.02504215851602018 23-009754
0 0.6320590219224379 0.9207453625632375 0.03053453692305628 0.027268128161888824 23-008795
0 0.8973726812816243 0.939 0.03591168807931773 0.03283305227655991 23-006932
0 0.290893760539629 0.00927487352445194 0.02866779089376054 0.01854974704890388 
0 0.3895446880269815 0.642495784148398 0.023608768971332208 0.023608768971332208 
0 0.7436762225969646 0.26475548060708265 0.02023608768971332 0.016863406408094434 
0 0.15514333895446886 0.11551433389544688 0.016863406408094434 0.01854974704890388 
0 0.07166947723440131 0.4536256323777403 0.021922428330522766 0.026981450252951095 
0 0.04384485666104554 0.8836424957841484 0.026981450252951095 0.03035413153456998 
0 0.24620573355817876 0.8870151770657673 0.016863406408094434 0.016863406408094434 
0 0.8524451939291737 0.8608768971332209 0.01854974704890388 0.01517706576728499 
0 0.8625632377740303 0.7630691399662732 0.01517706576728499 0.01854974704890388 
