0 0.4859409780775855 0.9579409780775708 0.021508604625045787 0.019106239460370992 23-015456
0 0.6352546374367581 0.9399999999999995 0.027653920232202 0.025413153456998308 23-009997
0 0.22800000000000864 0.8569409780775717 0.021316563512322344 0.017436762225969602 23-017075
0 0.9628440265690509 0.8379999999999992 0.08174314154808777 0.09478920741989884 23-002417
0 0.07900000000000773 0.4689999999999994 0.1332765322301952 0.12187183811129845 23-001912
0 0.945999999999998 0.3499409780775721 0.021508604625045977 0.018364249578414815 23-016135
0 0.7700000000000102 0.15962731871838143 0.021316563512322344 0.0174367622259697 23-016727
0 0.09962731871838976 0.14600000000000068 0.02861412579582001 0.02504215851602018 23-009754
0 0.3679409780775621 0.07925463743676253 0.03053453692305628 0.027268128161888824 23-008795
0 0.10262731871837566 0.061000000000000054 0.03591168807931773 0.03283305227655991 23-006932
0 0.709106239460371 0.9907251264755481 0.02866779089376054 0.01854974704890388 
0 0.6104553119730185 0.35750421585160197 0.023608768971332208 0.023608768971332208 
0 0.2563237774030354 0.7352445193929174 0.02023608768971332 0.016863406408094434 
0 0.8448566610455311 0.8844856661045531 0.016863406408094434 0.01854974704890388 
0 0.9283305227655987 0.5463743676222597 0.021922428330522766 0.026981450252951095 
0 0.9561551433389545 0.11635750421585156 0.026981450252951095 0.03035413153456998 
0 0.7537942664418212 0.11298482293423273 0.016863406408094434 0.016863406408094434 
0 0.1475548060708263 0.1391231028667791 0.01854974704890388 0.01517706576728499 
0 0.13743676222596965 0.23693086003372676 0.01517706576728499 0.01854974704890388 
