0 0.3400000000000034 0.047184654300168265 0.1933854005126896 0.10380623946037017 23-001382
0 0.9279999999999973 0.1280000000000001 0.02746187911947825 0.0224451939291737 23-010940
0 0.2853726812816296 0.16699999999999982 0.030726578035779915 0.026155143338954454 23-009119
0 0.901745362563248 0.21105902192242784 0.035335564741146866 0.028937605396290044 23-007613
0 0.6703726812816204 0.234 0.09313993967095771 0.08013490725126472 23-002763
0 0.2826863406408153 0.29437268128161925 0.021508604625045787 0.018735244519392843 23-015786
0 0.14705902192242426 0.31568634064080947 0.02304493352683484 0.01762225969645876 23-015185
0 0.44737268128160723 0.3160000000000007 0.027845961344925438 0.02133220910623942 23-010956
0 0.9949608464265302 0.3539999999999992 0.011086137861633712 0.019106239460370968 23-016496
0 0.61099999999999 0.3979999999999997 0.1417263411900346 0.12929173693086007 23-001797
0 0.11000000000001364 0.5103726812816185 0.02227676907594012 0.019291736930860125 23-014961
0 0.25637268128160484 0.5213726812816196 0.021316563512322344 0.019106239460371065 23-015643
0 0.9270590219224254 0.609 0.03764005809383034 0.037318718381112975 23-006577
0 0.42768634064079714 0.6393726812816182 0.02554146799224186 0.022816188870151726 23-011547
0 0.9560590219224218 0.7260000000000009 0.02554146799224201 0.019477234401349186 23-013469
0 0.2600590219224238 0.7690000000000001 0.026309632443136385 0.023001686340640787 23-011069
0 0.18337268128162576 0.771686340640809 0.02054839906142782 0.018364249578414815 23-016825
0 0.011447341155386148 0.7753726812816192 0.014054302312507492 0.02003372681281637 23-014773
0 0.8343726812816077 0.8116863406408099 0.031494742486674346 0.02819561551433394 23-008463
0 0.22800000000000864 0.831156829679596 0.050698853759036835 0.04748735244519388 23-006126
0 0.14405902192243836 0.8829999999999991 0.027461879119478273 0.025413153456998207 23-010080
0 0.0689999999999884 0.9169999999999997 0.10869526980157129 0.09757166947723424 23-002325
0 0.664999999999992 0.9540000000000005 0.08853095296559074 0.07475548060708251 23-002888
0 0.2782462057335582 0.9839797639123102 0.09106239460370995 0.03204047217537943 
