0 0.5310000000000059 0.8879999999999999 0.14364675231727092 0.13077571669477236 23-001778
0 0.981267472975752 0.8903726812816193 0.026371761814222412 0.029679595278246197 23-007486
0 0.21462731871837043 0.7756273187183811 0.0660621427769267 0.05935919055649239 23-003616
0 0.7953793044971768 0.6259999999999994 0.4501655301062112 0.6329173693086004 23-000213
0 0.23962731871837611 0.5823136593591902 0.05069885375903674 0.04878583473861712 23-004511
0 0.18625463743677428 0.5 0.0213165635123223 0.017807757166947824 23-016979
0 0.14894097807756804 0.48499999999999943 0.023236974639558518 0.02114671163575036 23-013224
0 0.4519999999999982 0.4803136593591898 0.020164316835980557 0.01873524451939294 23-016786
0 0.17225463743676428 0.41084317032040496 0.022084727963216776 0.021534569983136756 23-014722
0 0.9033136593591916 0.31031365935918986 0.020356357948704187 0.017807757166947824 23-017374
0 0.784313659359192 0.23431365935919124 0.021508604625045787 0.01854974704890388 23-015846
0 0.9070000000000107 0.22799999999999976 0.023813097977729174 0.018364249578414815 23-014608
0 0.61099999999999 0.22205902192242888 0.1568975890952009 0.13875210792580098 23-001634
0 0.23500000000001364 0.19994097807757172 0.026693714668583744 0.023558178752107972 23-010832
0 0.01362731871837702 0.17031365935919118 0.02227676907594041 0.018920741989882 23-015019
0 0.6273136593591813 0.13962731871838185 0.03303107138846349 0.028937605396289902 23-007956
0 0.31399999999999295 0.09699999999999953 0.025349426879518418 0.02207419898819586 23-011979
0 0.20494097807757963 0.08547048903878507 0.02246881018866404 0.023423271500842956 23-015335
0 0.3089999999999975 0.09380438448566686 0.11560874985962175 0.09887015177065786 23-002262
0 0.7575682967959438 0.08152951096121475 0.05994075078768163 0.05532883642495813 23-004344
0 0.17694097807755962 0.06300000000000061 0.04148088034830281 0.03505902192242827 23-006092
0 0.433389544688027 0.5143338954468804 0.026981450252951095 0.023608768971332208 
0 0.08010118043844856 0.5986509274873524 0.021922428330522766 0.02023608768971332 
0 0.47554806070826305 0.9629005059021922 0.023608768971332208 0.02023608768971332 
0 0.893760539629005 0.23355817875210794 0.02023608768971332 0.021922428330522766 
