0 0.4812546374367618 0.10990219224283225 0.033991276952081456 0.03566610455311974 23-007590
0 0.8186863406408167 0.16790219224283387 0.021508604625045787 0.02156829679595277 23-017376
0 0.7582546374367486 0.16974536256323802 0.02323697463955847 0.02284991568296798 23-014314
0 0.16894097807757827 0.21805902192242752 0.04167292146102644 0.037284991568296795 23-005836
0 0.6572546374367495 0.2707453625632371 0.0384082225447248 0.034688026981450244 23-006458
0 0.445999999999998 0.39199999999999946 0.31149068483771825 0.25543001686340644 23-000788
0 0.4433136593591837 0.42974536256323775 0.021316563512322154 0.01706576728499153 23-017522
0 0.20062731871838885 0.47700000000000026 0.03591168807931775 0.0319055649241146 23-007020
0 0.2973136593591971 0.5850000000000009 0.04109679812285564 0.03394603709949409 23-006249
0 0.12756829679594847 0.6043726812816198 0.027461879119478273 0.02114671163575036 23-011556
0 0.4329999999999927 0.6373726812816193 0.02189268685049319 0.020590219224283175 23-014161
0 0.3609409780775855 0.7200590219224281 0.050314771533589576 0.047116357504215944 23-004633
0 0.7022546374367654 0.724372681281619 0.041480880348302905 0.03913996627318724 23-005694
0 0.4169409780775687 0.9256863406408089 0.03168678359939798 0.02763912310286695 23-008568
0 0.6759999999999877 0.9740708263069144 0.08795482962741984 0.05704418212478835 23-002751
0 0.25126475548060706 0.8954468802698144 0.016863406408094434 0.013490725126475547 
0 0.17959527824620575 0.96964586846543 0.01517706576728499 0.013490725126475547 
0 0.6492411467116358 0.15345699831365936 0.02023608768971332 0.02023608768971332 
0 0.4460370994940978 0.4139966273187184 0.025295109612141653 0.025295109612141653 
