0 0.40094097807757756 0.08337268128161895 0.032454948050292504 0.029123102866779084 23-008033
0 0.05194097807755962 0.1350590219224291 0.027077796894031007 0.02411467116357506 23-010551
0 0.7606273187183911 0.1703726812816187 0.03591168807931778 0.03134907251264751 23-007143
0 0.7289409780775806 0.26290219224283273 0.025733509104965684 0.020792580101180413 23-013086
0 0.14762731871839158 0.26337268128161867 0.04877844263180052 0.04266441821247894 23-004952
0 0.8029409780775644 0.2710000000000008 0.06932684169322834 0.06139966273187188 23-003491
0 0.12794097807758145 0.3210590219224291 0.06471785498786137 0.058802698145025305 23-003677
0 0.4829409780775712 0.3439999999999994 0.05338742933716749 0.04860033726812825 23-004401
0 0.8759409780775719 0.34999999999999964 0.023813097977729174 0.020775716694772427 23-013362
0 0.8549999999999898 0.36405902192242834 0.020356357948704187 0.017807757166947727 23-017407
0 0.6572546374367495 0.3849999999999998 0.022468810188663944 0.020775716694772427 23-013779
0 0.09999999999999432 0.4457453625632379 0.026885755781307377 0.024856661045531213 23-010357
0 0.13100000000000023 0.5698229342327158 0.08192913210981854 0.08821247892074209 23-005143
0 0.7049409780775797 0.658745362563237 0.20221929169797626 0.1879089376053962 23-001216
0 0.2576273187183768 0.7126863406408097 0.06932684169322824 0.0638111298482292 23-003446
0 0.39494097807757733 0.8054317032040479 0.06567806055147948 0.060101180438448545 23-003606
0 0.48625463743675723 0.8263726812816192 0.08430604848567104 0.07846543001686336 23-002891
0 0.8759409780775719 0.8480590219224283 0.10888731091429484 0.10128161888701519 23-002284
0 0.9209999999999924 0.9020590219224286 0.020164316835980557 0.018178752107925755 23-017146
0 0.3569999999999993 0.9659999999999994 0.07854481510396237 0.07345699831365926 23-003089
0 0.4881956155143339 0.7521079258010118 0.025295109612141653 0.026981450252951095 
0 0.4148397976391231 0.7689713322091062 0.016863406408094434 0.02023608768971332 
0 0.45446880269814505 0.0657672849915683 0.021922428330522766 0.023608768971332208 
