0 0.23505902192241812 0.9573136593591902 0.022852892414111398 0.018178752107925803 23-014957
0 0.4663726812816127 0.9253136593591902 0.027269838006754542 0.025042158516020225 23-010160
0 0.4269999999999925 0.8040000000000003 0.021700645737769416 0.019291736930860028 23-015156
0 0.4926863406408233 0.7929999999999993 0.07796869176579138 0.06956155143338955 23-003167
0 0.023660465564918298 0.6799999999999997 0.05205302424282037 0.07642495784148406 23-002930
0 0.4437453625632496 0.5843726812816183 0.01978023461053329 0.018364249578414815 23-017416
0 0.6435295109612054 0.5425295109612134 0.025307397505815177 0.02264755480607074 23-013042
0 0.9019999999999868 0.45162731871838124 0.0213165635123223 0.019106239460371065 23-015621
0 0.3356863406408126 0.4156863406408092 0.034567400290252355 0.03042158516020249 23-007477
0 0.6591568296795919 0.34631365935919123 0.02261882192768443 0.021551433389544832 23-016627
0 0.9406863406408024 0.2569999999999997 0.020164316835980533 0.017993254637436885 23-017300
0 0.9329999999999927 0.2270000000000003 0.028806166908543637 0.025227655986509143 23-009759
0 0.9738431703204179 0.17025463743676184 0.022042698589513618 0.02473861720067466 23-017185
0 0.1026863406408085 0.16362731871838088 0.026117591330413137 0.023220910623946198 23-012755
0 0.09000000000000341 0.13031365935919026 0.02573350910496549 0.024300168634064218 23-010937
0 0.7036863406408076 0.06037268128161932 0.021892686850493146 0.02003372681281637 23-014639
0 0.7259696458684655 0.4881956155143339 0.021922428330522766 0.021922428330522766 
0 0.6804384485666104 0.059865092748735194 0.025295109612141653 0.025295109612141653 
0 0.030354131534570006 0.29342327150084313 0.06070826306913996 0.13827993254637436 
0 0.1897133220910624 0.3195615514333895 0.01854974704890388 0.01854974704890388 
0 0.4629005059021922 0.46458684654300164 0.08263069139966273 0.08263069139966273 
