0 0.3369999999999891 0.2133718381112986 0.6258619863662914 0.469418043844857 23-000248
0 0.27899999999999636 0.22199999999999956 0.02266085130138767 0.02021922428330522 23-014110
0 0.9166273187183686 0.22394097807757085 0.045897825940946047 0.039881956155143394 23-005294
0 0.8026273187183928 0.25200000000000067 0.03053453692305628 0.02801011804384488 23-008621
0 0.5436273187183782 0.2599999999999998 0.0336071947266342 0.025598650927487365 23-008570
0 0.12162731871838112 0.40499999999999936 0.04455353815188082 0.04006745362563246 23-005393
0 0.1703136593591876 0.42968634064081024 0.02246881018866404 0.0196627318718382 23-014612
0 0.5503136593591831 0.723568296795952 0.044361497039157184 0.038954468802698185 23-005496
0 0.9318431703204164 0.7643136593591906 0.022042698589513632 0.018364249578414815 23-016906
0 0.5473136593591971 0.827 0.10927139313974218 0.10202360876897124 23-002276
0 0.6079409780775712 0.9126273187183814 0.027077796894030913 0.023001686340640596 23-010858
0 0.8109409780775743 0.9523136593591911 0.030150454697608825 0.02559865092748746 23-009342
0 0.1905564924114671 0.897133220910624 0.3811129848229342 0.2057335581787521 
0 0.209106239460371 0.9890387858347386 0.03372681281618887 0.021922428330522766 
0 0.5590219224283305 0.5 0.01854974704890388 0.01517706576728499 
0 0.8355817875210793 0.8870151770657673 0.02866779089376054 0.023608768971332208 
