0 0.9060000000000059 0.011913153456998372 0.05185110043537853 0.02620893760539642 23-004620
0 0.04200000000000159 0.02899999999999992 0.06625418388965024 0.06251264755480608 23-003541
0 0.9353726812816068 0.14000000000000057 0.036103729192041356 0.03320404721753794 23-006880
0 0.9043726812816293 0.2010000000000005 0.026885755781307377 0.023001686340640835 23-010884
0 0.056059021922415964 0.2579999999999991 0.027077796894030913 0.024300168634064125 23-010445
0 0.34458853288363156 0.2903136593591904 0.02338698637857886 0.022293423271500794 23-015563
0 0.35900000000000887 0.5370000000000008 0.3548919763132575 0.3235075885328837 23-000628
0 0.6820590219224208 0.658627318718382 0.02419718020317663 0.023962900505902062 23-013172
0 0.9759999999999991 0.6660000000000004 0.024005139090453025 0.01984822934232731 23-013728
0 0.851372681281632 0.6950000000000003 0.040328633671961066 0.034688026981450334 23-006309
0 0.8993726812816054 0.727627318718381 0.023813097977729413 0.018920741989882 23-014539
0 0.31100000000000705 0.7286273187183804 0.07604828063855526 0.07234401349072508 23-003150
0 0.5877453625632265 0.769254637436762 0.030150454697609064 0.025227655986509143 23-009313
0 0.06774536256324482 0.8976863406408102 0.025925550217689504 0.023187183811129847 23-011196
0 0.6376863406408051 0.9090000000000006 0.11637691431051628 0.09924114671163589 23-002228
0 0.7006745362563238 0.4123102866779089 0.021922428330522766 0.021922428330522766 
0 0.7445193929173692 0.3178752107925801 0.01854974704890388 0.01854974704890388 
0 0.08937605396290049 0.524451939291737 0.013490725126475547 0.016863406408094434 
0 0.10118043844856661 0.03709949409780776 0.023608768971332208 0.02023608768971332 
