0 0.7515885328836422 0.9343136593591905 0.08023115574477171 0.07868465430016863 23-003060
0 0.9433726812816167 0.9019999999999992 0.0372559758683831 0.031534569983136584 23-006891
0 0.5530590219224302 0.8943136593591914 0.029766372472161753 0.028414839797639115 23-009621
0 0.8559999999999945 0.8201956155143346 0.02342901575228215 0.022478920741989854 23-014330
0 0.8859999999999957 0.7989409780775719 0.03303107138846336 0.02949409780775718 23-007908
0 0.6037453625632462 0.7983726812816188 0.02650167355586011 0.024671163575042176 23-010593
0 0.23637268128162303 0.7899999999999991 0.10178178974352094 0.09367622259696458 23-002457
0 0.7047453625632453 0.7319999999999993 0.03207086582484524 0.029308600337268217 23-008108
0 0.0711572612503566 0.673 0.15654597475078444 0.16527824620573364 23-001293
0 0.3836863406408144 0.6379409780775723 0.020164316835980557 0.021365935919055674 23-017287
0 0.9076886879074366 0.5850000000000009 0.20308488660363955 0.3463237774030355 23-000560
0 0.2067453625632264 0.5453136593591912 0.023621056865005926 0.021922428330522766 23-014508
0 0.4895295109612089 0.5149409780775712 0.028956178647563988 0.02711635750421592 23-010523
0 0.365059021922442 0.48900000000000077 0.11695303764868707 0.10276559865092758 23-002210
0 0.8979999999999961 0.4380000000000006 0.15881800022243725 0.1205733558178752 23-001765
0 0.917431703204039 0.4129409780775709 0.0397525103337902 0.03431703204047221 23-006371
0 0.3934317032040381 0.30231365935919086 0.04523764385536886 0.04325463743676219 23-005594
0 0.41068634064080123 0.2706273187183802 0.02189268685049324 0.01966273187183825 23-014671
0 0.5360000000000014 0.12199999999999978 0.19511377052720222 0.16713322091062388 23-001310
0 0.4553726812816171 0.11100000000000076 0.055307840464403804 0.049713322091062426 23-004280
0 0.81105902192244 0.0849409780775715 0.03860026365744847 0.03227655986509292 23-006610
0 0.4596863406408078 0.0743136593591911 0.022468810188663944 0.020775716694772236 23-013747
