0 0.4126863406408108 0.15731365935919125 0.05370814376565146 0.05075885328836429 17-000974
0 0.47321585160201773 0.23747048903878606 0.02583437866252948 0.026644182124789226 17-004420
0 0.6045885328836367 0.29568634064080995 0.021588783232166873 0.02394603709949408 17-004842
0 0.1473726812816244 0.365843170320405 0.02060077391035237 0.023608768971332208 17-004438
0 0.20347048903878895 0.40805902192242877 0.043641827296902004 0.044688026981450156 17-001411
0 0.1293726812816236 0.4789999999999992 0.0565014690416314 0.05362563237774042 17-000934
0 0.13237268128162383 0.57768634064081 0.020426191080603586 0.02495784148397988 17-004497
0 0.5425295109612205 0.6295295109612148 0.05429137991157551 0.05160202360876901 17-000946
0 0.7039021922428264 0.632529510961215 0.14524903421067406 0.1381112984822934 17-000201
0 0.5143726812816145 0.7033136593591907 0.021648270888844964 0.022091062394603747 17-004940
0 0.6472158516020243 0.904 0.022112531721413028 0.023777403035413 17-004796
