0 0.35231365935920395 0.9313136593591904 0.02016431683598046 0.018178752107925803 23-017254
0 0.6079409780775712 0.8649409780775709 0.021508604625045787 0.020404721753794257 23-014511
0 0.8943136593591771 0.6793136593591897 0.08180951402026392 0.07215851602023603 23-003063
0 0.5519999999999925 0.5783136593591907 0.2198870740685496 0.1884654300168634 23-001152
0 0.5759409780775606 0.4450000000000003 0.036679852530212304 0.03227655986509272 23-006906
0 0.5289999999999964 0.11999999999999922 0.09467626857274676 0.07401349072512636 23-002805
0 0.9269999999999925 0.10800000000000054 0.02419718020317682 0.02225969645868473 23-012305
0 0.6467116357504216 0.32293423271500843 0.025295109612141653 0.01854974704890388 
0 0.38617200674536256 0.1610455311973018 0.7723440134907251 0.3220910623946037 
0 0.5919055649241147 0.13153456998313662 0.026981450252951095 0.026981450252951095 
