0 0.9937625151075328 0.9730000000000008 0.013722466763427955 0.020775716694772354 23-013569
0 0.043000000000006366 0.7550000000000008 0.02438922131590045 0.018178752107925755 23-014647
0 0.6237453625632281 0.7140000000000004 0.16208269913873874 0.14097807757166944 23-001592
0 0.4397453625632305 0.6913136593591902 0.02899820802126723 0.024671163575042152 23-009851
0 0.47700000000000387 0.6682546374367629 0.024581262428623702 0.023001686340640787 23-011945
0 0.11368634064080418 0.6329999999999991 0.04877844263180052 0.043777403035413116 23-004866
0 0.4436863406408167 0.626627318718382 0.027269838006754542 0.02114671163575036 23-011424
0 0.6903726812816307 0.5948431703204041 0.02438922131590026 0.02435075885328836 23-013530
0 0.5753726812816216 0.5583136593591911 0.03725597586838301 0.03227655986509272 23-006914
0 0.11799999999999489 0.5346273187183814 0.07335970506042451 0.06789207419898823 23-003280
0 0.8136863406408212 0.43194097807757104 0.02246881018866404 0.020590219224283175 23-013940
0 0.9361180438448444 0.36456829679595215 0.0405206747846847 0.035615514333895454 23-006220
0 0.7663136593591913 0.34762731871838204 0.02266085130138767 0.016694772344013453 23-016686
0 0.8930000000000007 0.2680000000000007 0.20413970282521254 0.15952782462057358 23-001314
0 0.3789999999999907 0.21199999999999963 0.20471582616338346 0.18920741989881973 23-001204
0 0.8580000000000041 0.0830000000000003 0.1791743581711414 0.14876897133220907 23-001459
0 0.7976391231028668 0.5278246205733559 0.023608768971332208 0.02023608768971332 
0 0.5489038785834739 0.09780775716694767 0.021922428330522766 0.023608768971332208 
0 0.5193929173693086 0.012647554806070826 0.023608768971332208 0.01854974704890388 
0 0.3381112984822934 0.9924114671163575 0.0657672849915683 0.01517706576728499 
0 0.1391231028667791 0.8305227655986509 0.01517706576728499 0.01517706576728499 
0 0.4224283305227656 0.010961214165261413 0.021922428330522766 0.021922428330522766 
