0 0.564372681281626 0.8392546374367623 0.02438922131590026 0.01984822934232717 23-013345
0 0.09374536256322685 0.751627318718382 0.022660851301387768 0.021922428330522766 23-015227
0 0.842000000000013 0.7110000000000003 0.028422084683096382 0.024114671163574967 23-010136
0 0.6433726812816052 0.7036863406408094 0.02419718020317663 0.01984822934232712 23-013806
0 0.7628431703204052 0.6880978077571678 0.035293535367443736 0.03288364249578415 23-007897
0 0.7403726812816136 0.6929999999999996 0.04301720925009186 0.03876897133220912 23-005545
0 0.07400000000001239 0.5849409780775716 0.030918619148503544 0.028381112984823004 23-008460
0 0.8532158516020132 0.2967841483979766 0.030108425323905823 0.024131534569983237 23-010622
0 0.9252158516020159 0.21237268128161857 0.02261882192768448 0.02043844856661046 23-017205
0 0.41768634064080623 0.128940978077572 0.021124522399598715 0.017993254637436885 23-016593
0 0.3583473861720068 0.45531197301854975 0.7166947723440135 0.9106239460370995 
0 0.1298482293423272 0.28499156829679595 0.023608768971332208 0.023608768971332208 
0 0.9704890387858347 0.6677908937605397 0.021922428330522766 0.02023608768971332 
0 0.8381112984822934 0.6618887015177066 0.016863406408094434 0.01854974704890388 
0 0.4106239460370995 0.2403035413153457 0.01854974704890388 0.01517706576728499 
0 0.10370994940978073 0.015177065767284947 0.01854974704890388 0.016863406408094434 
0 0.06323777403035413 0.43929173693086 0.021922428330522766 0.01854974704890388 
0 0.5615514333895446 0.9064080944350759 0.016863406408094434 0.01854974704890388 
0 0.36593591905564926 0.9738617200674536 0.02023608768971332 0.01854974704890388 
