0 0.006237484892467252 0.9730000000000008 0.013722466763427955 0.020775716694772354 23-013569
0 0.9569999999999936 0.7550000000000008 0.02438922131590045 0.018178752107925755 23-014647
0 0.37625463743677195 0.7140000000000004 0.16208269913873874 0.14097807757166944 23-001592
0 0.5602546374367695 0.6913136593591902 0.02899820802126723 0.024671163575042152 23-009851
0 0.5229999999999961 0.6682546374367629 0.024581262428623702 0.023001686340640787 23-011945
0 0.8863136593591958 0.6329999999999991 0.04877844263180052 0.043777403035413116 23-004866
0 0.5563136593591833 0.626627318718382 0.027269838006754542 0.02114671163575036 23-011424
0 0.3096273187183693 0.5948431703204041 0.02438922131590026 0.02435075885328836 23-013530
0 0.4246273187183784 0.5583136593591911 0.03725597586838301 0.03227655986509272 23-006914
0 0.8820000000000051 0.5346273187183814 0.07335970506042451 0.06789207419898823 23-003280
0 0.18631365935917873 0.43194097807757104 0.02246881018866404 0.020590219224283175 23-013940
0 0.06388195615515561 0.36456829679595215 0.0405206747846847 0.035615514333895454 23-006220
0 0.23368634064080876 0.34762731871838204 0.02266085130138767 0.016694772344013453 23-016686
0 0.10699999999999932 0.2680000000000007 0.20413970282521254 0.15952782462057358 23-001314
0 0.6210000000000093 0.21199999999999963 0.20471582616338346 0.18920741989881973 23-001204
0 0.1419999999999959 0.0830000000000003 0.1791743581711414 0.14876897133220907 23-001459
0 0.20236087689713322 0.5278246205733559 0.023608768971332208 0.02023608768971332 
0 0.45109612141652616 0.09780775716694767 0.021922428330522766 0.023608768971332208 
0 0.4806070826306914 0.012647554806070826 0.023608768971332208 0.01854974704890388 
0 0.6618887015177066 0.9924114671163575 0.0657672849915683 0.01517706576728499 
0 0.8608768971332209 0.8305227655986509 0.01517706576728499 0.01517706576728499 
0 0.5775716694772344 0.010961214165261413 0.021922428330522766 0.021922428330522766 
