0 0.05299999999999727 0.984 0.0372559758683831 0.03283305227655987 23-006820
0 0.009832478849445193 0.9710000000000001 0.02163145346877943 0.027453625632377753 23-008504
0 0.07056829679596051 0.907 0.025925550217689265 0.023929173693086024 23-011148
0 0.49862731871839067 0.695627318718381 0.04839436040635326 0.03969645868465434 23-005159
0 0.14094097807755826 0.6826863406408086 0.023236974639558518 0.0209612141652613 23-013436
0 0.42494097807757847 0.6799999999999997 0.04705007261728784 0.04210792580101185 23-005110
0 0.1442546374367727 0.663372681281619 0.022084727963216776 0.019662731871838153 23-014711
0 0.6239999999999952 0.5020000000000007 0.16438719249142217 0.14301854974704886 23-001561
0 0.3670978077571574 0.4646863406408086 0.0266516852948806 0.024704890387858308 23-012473
0 0.5316273187183777 0.33868634064080916 0.037448016981106634 0.03450252951096128 23-006546
0 0.04319833741256187 0.2919999999999998 0.0950363423076361 0.13374367622259686 23-001700
0 0.7823136593591824 0.10062731871838038 0.02438922131590026 0.021888701517706607 23-012388
0 0.1666273187183686 0.07068634064081025 0.021700645737769562 0.01854974704890388 23-015646
0 0.769814502529511 0.4502529510961214 0.45699831365935917 0.8903878583473862 
0 0.8600337268128162 0.4629005059021922 0.016863406408094434 0.01854974704890388 
0 0.9620573355817875 0.5413153456998314 0.01517706576728499 0.013490725126475547 
0 0.9527824620573356 0.5497470489038786 0.02023608768971332 0.02023608768971332 
0 0.8819561551433389 0.9376053962900506 0.016863406408094434 0.016863406408094434 
