0 0.5187453625632382 0.10990219224283225 0.033991276952081456 0.03566610455311974 23-007590
0 0.1813136593591833 0.16790219224283387 0.021508604625045787 0.02156829679595277 23-017376
0 0.2417453625632514 0.16974536256323802 0.02323697463955847 0.02284991568296798 23-014314
0 0.8310590219224218 0.21805902192242752 0.04167292146102644 0.037284991568296795 23-005836
0 0.3427453625632505 0.2707453625632371 0.0384082225447248 0.034688026981450244 23-006458
0 0.554000000000002 0.39199999999999946 0.31149068483771825 0.25543001686340644 23-000788
0 0.5566863406408162 0.42974536256323775 0.021316563512322154 0.01706576728499153 23-017522
0 0.7993726812816111 0.47700000000000026 0.03591168807931775 0.0319055649241146 23-007020
0 0.7026863406408028 0.5850000000000009 0.04109679812285564 0.03394603709949409 23-006249
0 0.8724317032040515 0.6043726812816198 0.027461879119478273 0.02114671163575036 23-011556
0 0.5670000000000073 0.6373726812816193 0.02189268685049319 0.020590219224283175 23-014161
0 0.6390590219224145 0.7200590219224281 0.050314771533589576 0.047116357504215944 23-004633
0 0.2977453625632346 0.724372681281619 0.041480880348302905 0.03913996627318724 23-005694
0 0.5830590219224313 0.9256863406408089 0.03168678359939798 0.02763912310286695 23-008568
0 0.3240000000000123 0.9740708263069144 0.08795482962741984 0.05704418212478835 23-002751
0 0.7487352445193929 0.8954468802698144 0.016863406408094434 0.013490725126475547 
0 0.8204047217537942 0.96964586846543 0.01517706576728499 0.013490725126475547 
0 0.3507588532883642 0.15345699831365936 0.02023608768971332 0.02023608768971332 
0 0.5539629005059021 0.4139966273187184 0.025295109612141653 0.025295109612141653 
