0 0.4070000000000107 0.031048903878583813 0.11061568092880741 0.06830758853288439 23-002323
0 0.9900000000000091 0.09999999999999964 0.021124522399598666 0.01966273187183813 23-015211
0 0.9619999999999891 0.23900000000000077 0.04781823706818243 0.042849915682968004 23-005023
0 0.37700000000000955 0.47199999999999953 0.02669371466858384 0.024300168634064027 23-010678
0 0.9170000000000016 0.5350000000000001 0.176293741480287 0.14858347386172008 23-001469
0 0.00771758767426689 0.6780000000000008 0.016978692883387114 0.021517706576728485 23-012229
0 0.914999999999992 0.7100000000000009 0.028998208021267277 0.024671163575041958 23-009734
0 0.570999999999998 0.7390000000000008 0.08910707630376168 0.08403035413153465 23-002731
0 0.7800000000000011 0.8770000000000007 0.03053453692305621 0.02819561551433394 23-008641
0 0.8850469187027092 0.9278667790893761 0.023044933526834933 0.019477234401348995 23-014059
0 0.7245985255304298 0.9272344013490725 0.025925550217689313 0.024114671163574967 23-010894
