0 0.4689999999999941 0.11200000000000009 0.14364675231727092 0.13077571669477236 23-001778
0 0.01873252702424799 0.10962731871838066 0.026371761814222412 0.029679595278246197 23-007486
0 0.7853726812816295 0.22437268128161897 0.0660621427769267 0.05935919055649239 23-003616
0 0.20462069550282325 0.37400000000000055 0.4501655301062112 0.6329173693086004 23-000213
0 0.7603726812816238 0.4176863406408098 0.05069885375903674 0.04878583473861712 23-004511
0 0.8137453625632257 0.5 0.0213165635123223 0.017807757166947824 23-016979
0 0.851059021922432 0.5150000000000006 0.023236974639558518 0.02114671163575036 23-013224
0 0.5480000000000018 0.5196863406408102 0.020164316835980557 0.01873524451939294 23-016786
0 0.8277453625632357 0.589156829679595 0.022084727963216776 0.021534569983136756 23-014722
0 0.09668634064080839 0.6896863406408101 0.020356357948704187 0.017807757166947824 23-017374
0 0.21568634064080805 0.7656863406408088 0.021508604625045787 0.01854974704890388 23-015846
0 0.09299999999998931 0.7720000000000002 0.023813097977729174 0.018364249578414815 23-014608
0 0.38900000000001 0.7779409780775711 0.1568975890952009 0.13875210792580098 23-001634
0 0.7649999999999864 0.8000590219224283 0.026693714668583744 0.023558178752107972 23-010832
0 0.986372681281623 0.8296863406408088 0.02227676907594041 0.018920741989882 23-015019
0 0.37268634064081874 0.8603726812816181 0.03303107138846349 0.028937605396289902 23-007956
0 0.686000000000007 0.9030000000000005 0.025349426879518418 0.02207419898819586 23-011979
0 0.7950590219224204 0.9145295109612149 0.02246881018866404 0.023423271500842956 23-015335
0 0.6910000000000025 0.9061956155143331 0.11560874985962175 0.09887015177065786 23-002262
0 0.24243170320405616 0.9184704890387853 0.05994075078768163 0.05532883642495813 23-004344
0 0.8230590219224404 0.9369999999999994 0.04148088034830281 0.03505902192242827 23-006092
0 0.5666104553119731 0.4856661045531197 0.026981450252951095 0.023608768971332208 
0 0.9198988195615514 0.40134907251264756 0.021922428330522766 0.02023608768971332 
0 0.524451939291737 0.03709949409780776 0.023608768971332208 0.02023608768971332 
0 0.10623946037099496 0.7664418212478921 0.02023608768971332 0.021922428330522766 
