0 0.647686340640796 0.06868634064080961 0.02016431683598046 0.018178752107925803 23-017254
0 0.3920590219224288 0.1350590219224291 0.021508604625045787 0.020404721753794257 23-014511
0 0.10568634064082294 0.32068634064081025 0.08180951402026392 0.07215851602023603 23-003063
0 0.4480000000000075 0.42168634064080934 0.2198870740685496 0.1884654300168634 23-001152
0 0.4240590219224394 0.5549999999999997 0.036679852530212304 0.03227655986509272 23-006906
0 0.47100000000000364 0.8800000000000008 0.09467626857274676 0.07401349072512636 23-002805
0 0.0730000000000075 0.8919999999999995 0.02419718020317682 0.02225969645868473 23-012305
0 0.35328836424957843 0.6770657672849916 0.025295109612141653 0.01854974704890388 
0 0.6138279932546374 0.8389544688026982 0.7723440134907251 0.3220910623946037 
0 0.4080944350758853 0.8684654300168634 0.026981450252951095 0.026981450252951095 
