0 0.7649409780775819 0.9573136593591902 0.022852892414111398 0.018178752107925803 23-014957
0 0.5336273187183873 0.9253136593591902 0.027269838006754542 0.025042158516020225 23-010160
0 0.5730000000000075 0.8040000000000003 0.021700645737769416 0.019291736930860028 23-015156
0 0.5073136593591767 0.7929999999999993 0.07796869176579138 0.06956155143338955 23-003167
0 0.9763395344350817 0.6799999999999997 0.05205302424282037 0.07642495784148406 23-002930
0 0.5562546374367504 0.5843726812816183 0.01978023461053329 0.018364249578414815 23-017416
0 0.3564704890387947 0.5425295109612134 0.025307397505815177 0.02264755480607074 23-013042
0 0.09800000000001319 0.45162731871838124 0.0213165635123223 0.019106239460371065 23-015621
0 0.6643136593591874 0.4156863406408092 0.034567400290252355 0.03042158516020249 23-007477
0 0.3408431703204081 0.34631365935919123 0.02261882192768443 0.021551433389544832 23-016627
0 0.05931365935919761 0.2569999999999997 0.020164316835980533 0.017993254637436885 23-017300
0 0.06700000000000728 0.2270000000000003 0.028806166908543637 0.025227655986509143 23-009759
0 0.02615682967958209 0.17025463743676184 0.022042698589513618 0.02473861720067466 23-017185
0 0.8973136593591915 0.16362731871838088 0.026117591330413137 0.023220910623946198 23-012755
0 0.9099999999999966 0.13031365935919026 0.02573350910496549 0.024300168634064218 23-010937
0 0.29631365935919235 0.06037268128161932 0.021892686850493146 0.02003372681281637 23-014639
0 0.2740303541315346 0.4881956155143339 0.021922428330522766 0.021922428330522766 
0 0.31956155143338955 0.059865092748735194 0.025295109612141653 0.025295109612141653 
0 0.96964586846543 0.29342327150084313 0.06070826306913996 0.13827993254637436 
0 0.8102866779089376 0.3195615514333895 0.01854974704890388 0.01854974704890388 
0 0.5370994940978078 0.46458684654300164 0.08263069139966273 0.08263069139966273 
