0 0.6113726812816229 0.8636863406408095 0.045897825940946144 0.042478920741989876 23-005137
0 0.22968634064081805 0.8249999999999993 0.03264698916301604 0.03060708263069141 23-007788
0 0.7919021922428344 0.739686340640809 0.035677617592890926 0.03268128161888701 23-007704
0 0.8023726812816254 0.668372681281618 0.02362105686500578 0.021517706576728485 23-012846
0 0.2810000000000059 0.6609999999999996 0.2934388202416978 0.27731871838111294 23-000783
0 0.7510000000000048 0.5810590219224289 0.033031071388463396 0.030978077571669437 23-007654
0 0.13368634064081453 0.5169999999999995 0.024197180203176724 0.023187183811129847 23-011918
0 0.7053703019485308 0.4320480607082632 0.6481853357132323 0.9505057335581789 23-000078
0 0.33190219224282647 0.4286863406408091 0.031068630887523936 0.030269814502529396 23-009102
0 0.7035885328836404 0.3855885328836426 0.023002904153131692 0.02005059021922426 23-016198
0 0.8220590219224356 0.3432546374367619 0.06049295050794162 0.05453625632377727 23-003995
0 0.09574536256323629 0.3233136593591899 0.02718577925934806 0.024519392917369248 23-013044
0 0.8043726812816065 0.2846863406408089 0.10831118757612403 0.09497470489038794 23-002378
0 0.49068634064081385 0.19299999999999962 0.08161747290754019 0.0747554806070827 23-003017
0 0.6795952782462058 0.5101180438448567 0.016863406408094434 0.01854974704890388 
0 0.8516020236087689 0.618043844856661 0.023608768971332208 0.021922428330522766 
0 0.18465430016863404 0.14755480607082627 0.025295109612141653 0.025295109612141653 
0 0.9308600337268128 0.15682967959527827 0.02023608768971332 0.016863406408094434 
0 0.9856661045531198 0.3322091062394603 0.021922428330522766 0.016863406408094434 
0 0.5674536256323777 0.96964586846543 0.021922428330522766 0.016863406408094434 
