0 0.23505902192241812 0.04268634064080981 0.022852892414111398 0.018178752107925803 23-014957
0 0.4663726812816127 0.07468634064080984 0.027269838006754542 0.025042158516020225 23-010160
0 0.4269999999999925 0.19599999999999973 0.021700645737769416 0.019291736930860028 23-015156
0 0.4926863406408233 0.20700000000000074 0.07796869176579138 0.06956155143338955 23-003167
0 0.023660465564918298 0.3200000000000003 0.05205302424282037 0.07642495784148406 23-002930
0 0.4437453625632496 0.4156273187183816 0.01978023461053329 0.018364249578414815 23-017416
0 0.6435295109612054 0.4574704890387867 0.025307397505815177 0.02264755480607074 23-013042
0 0.9019999999999868 0.5483726812816188 0.0213165635123223 0.019106239460371065 23-015621
0 0.3356863406408126 0.5843136593591908 0.034567400290252355 0.03042158516020249 23-007477
0 0.6591568296795919 0.6536863406408088 0.02261882192768443 0.021551433389544832 23-016627
0 0.9406863406408024 0.7430000000000003 0.020164316835980533 0.017993254637436885 23-017300
0 0.9329999999999927 0.7729999999999997 0.028806166908543637 0.025227655986509143 23-009759
0 0.9738431703204179 0.8297453625632382 0.022042698589513618 0.02473861720067466 23-017185
0 0.1026863406408085 0.8363726812816191 0.026117591330413137 0.023220910623946198 23-012755
0 0.09000000000000341 0.8696863406408097 0.02573350910496549 0.024300168634064218 23-010937
0 0.7036863406408076 0.9396273187183807 0.021892686850493146 0.02003372681281637 23-014639
0 0.7259696458684655 0.5118043844856661 0.021922428330522766 0.021922428330522766 
0 0.6804384485666104 0.9401349072512648 0.025295109612141653 0.025295109612141653 
0 0.030354131534570006 0.7065767284991569 0.06070826306913996 0.13827993254637436 
0 0.1897133220910624 0.6804384485666105 0.01854974704890388 0.01854974704890388 
0 0.4629005059021922 0.5354131534569984 0.08263069139966273 0.08263069139966273 
