0 0.09399999999999409 0.9880868465430016 0.05185110043537853 0.02620893760539642 23-004620
0 0.9579999999999984 0.9710000000000001 0.06625418388965024 0.06251264755480608 23-003541
0 0.06462731871839317 0.8599999999999994 0.036103729192041356 0.03320404721753794 23-006880
0 0.09562731871837066 0.7989999999999995 0.026885755781307377 0.023001686340640835 23-010884
0 0.943940978077584 0.7420000000000009 0.027077796894030913 0.024300168634064125 23-010445
0 0.6554114671163684 0.7096863406408096 0.02338698637857886 0.022293423271500794 23-015563
0 0.6409999999999911 0.4629999999999992 0.3548919763132575 0.3235075885328837 23-000628
0 0.31794097807757915 0.341372681281618 0.02419718020317663 0.023962900505902062 23-013172
0 0.02400000000000091 0.33399999999999963 0.024005139090453025 0.01984822934232731 23-013728
0 0.14862731871836793 0.3049999999999997 0.040328633671961066 0.034688026981450334 23-006309
0 0.10062731871839453 0.27237268128161896 0.023813097977729413 0.018920741989882 23-014539
0 0.688999999999993 0.2713726812816196 0.07604828063855526 0.07234401349072508 23-003150
0 0.41225463743677343 0.23074536256323797 0.030150454697609064 0.025227655986509143 23-009313
0 0.9322546374367552 0.10231365935918979 0.025925550217689504 0.023187183811129847 23-011196
0 0.36231365935919485 0.09099999999999941 0.11637691431051628 0.09924114671163589 23-002228
0 0.29932546374367625 0.5876897133220911 0.021922428330522766 0.021922428330522766 
0 0.2554806070826307 0.6821247892074199 0.01854974704890388 0.01854974704890388 
0 0.9106239460370995 0.47554806070826305 0.013490725126475547 0.016863406408094434 
0 0.8988195615514334 0.9629005059021922 0.023608768971332208 0.02023608768971332 
