0 0.9937625151075328 0.02699999999999925 0.013722466763427955 0.020775716694772354 23-013569
0 0.043000000000006366 0.24499999999999922 0.02438922131590045 0.018178752107925755 23-014647
0 0.6237453625632281 0.2859999999999996 0.16208269913873874 0.14097807757166944 23-001592
0 0.4397453625632305 0.3086863406408098 0.02899820802126723 0.024671163575042152 23-009851
0 0.47700000000000387 0.33174536256323706 0.024581262428623702 0.023001686340640787 23-011945
0 0.11368634064080418 0.3670000000000009 0.04877844263180052 0.043777403035413116 23-004866
0 0.4436863406408167 0.3733726812816181 0.027269838006754542 0.02114671163575036 23-011424
0 0.6903726812816307 0.4051568296795959 0.02438922131590026 0.02435075885328836 23-013530
0 0.5753726812816216 0.44168634064080897 0.03725597586838301 0.03227655986509272 23-006914
0 0.11799999999999489 0.4653726812816186 0.07335970506042451 0.06789207419898823 23-003280
0 0.8136863406408212 0.568059021922429 0.02246881018866404 0.020590219224283175 23-013940
0 0.9361180438448444 0.6354317032040478 0.0405206747846847 0.035615514333895454 23-006220
0 0.7663136593591913 0.652372681281618 0.02266085130138767 0.016694772344013453 23-016686
0 0.8930000000000007 0.7319999999999993 0.20413970282521254 0.15952782462057358 23-001314
0 0.3789999999999907 0.7880000000000004 0.20471582616338346 0.18920741989881973 23-001204
0 0.8580000000000041 0.9169999999999997 0.1791743581711414 0.14876897133220907 23-001459
0 0.7976391231028668 0.47217537942664417 0.023608768971332208 0.02023608768971332 
0 0.5489038785834739 0.9021922428330523 0.021922428330522766 0.023608768971332208 
0 0.5193929173693086 0.9873524451939292 0.023608768971332208 0.01854974704890388 
0 0.3381112984822934 0.007588532883642495 0.0657672849915683 0.01517706576728499 
0 0.1391231028667791 0.16947723440134907 0.01517706576728499 0.01517706576728499 
0 0.4224283305227656 0.9890387858347386 0.021922428330522766 0.021922428330522766 
