0 0.060411467116355345 0.03694097807757149 0.02600896149227824 0.027993254637436765 17-004512
0 0.928372681281616 0.07068634064081028 0.026298639495097545 0.022934232715008423 17-005456
0 0.2524704890387813 0.2527841483979761 0.021588783232166873 0.022934232715008374 17-005676
0 0.985808304883012 0.26231365935918993 0.02838339023397619 0.027655986509274835 17-003424
0 0.6072546374367666 0.3584704890387865 0.038456069780546706 0.03693086003372687 17-003065
0 0.8433726812816223 0.4360978077571671 0.061913536763842494 0.05733558178752108 17-000802
0 0.7836273187183873 0.538843170320405 0.033107369855298996 0.03271500843170316 17-003016
0 0.6431568296796008 0.6367841483979764 0.036190373134098314 0.036593591905565 17-002759
0 0.8843136593591862 0.700254637436763 0.15834662658211562 0.14957841483979772 17-000162
0 0.24447048903878574 0.7521568296795954 0.020192120594176903 0.021079258010118045 17-005766
0 0.56070826306914 0.4342327150084317 0.021922428330522766 0.021922428330522766 
