0 0.7649409780775819 0.04268634064080981 0.022852892414111398 0.018178752107925803 23-014957
0 0.5336273187183873 0.07468634064080984 0.027269838006754542 0.025042158516020225 23-010160
0 0.5730000000000075 0.19599999999999973 0.021700645737769416 0.019291736930860028 23-015156
0 0.5073136593591767 0.20700000000000074 0.07796869176579138 0.06956155143338955 23-003167
0 0.9763395344350817 0.3200000000000003 0.05205302424282037 0.07642495784148406 23-002930
0 0.5562546374367504 0.4156273187183816 0.01978023461053329 0.018364249578414815 23-017416
0 0.3564704890387947 0.4574704890387867 0.025307397505815177 0.02264755480607074 23-013042
0 0.09800000000001319 0.5483726812816188 0.0213165635123223 0.019106239460371065 23-015621
0 0.6643136593591874 0.5843136593591908 0.034567400290252355 0.03042158516020249 23-007477
0 0.3408431703204081 0.6536863406408088 0.02261882192768443 0.021551433389544832 23-016627
0 0.05931365935919761 0.7430000000000003 0.020164316835980533 0.017993254637436885 23-017300
0 0.06700000000000728 0.7729999999999997 0.028806166908543637 0.025227655986509143 23-009759
0 0.02615682967958209 0.8297453625632382 0.022042698589513618 0.02473861720067466 23-017185
0 0.8973136593591915 0.8363726812816191 0.026117591330413137 0.023220910623946198 23-012755
0 0.9099999999999966 0.8696863406408097 0.02573350910496549 0.024300168634064218 23-010937
0 0.29631365935919235 0.9396273187183807 0.021892686850493146 0.02003372681281637 23-014639
0 0.2740303541315346 0.5118043844856661 0.021922428330522766 0.021922428330522766 
0 0.31956155143338955 0.9401349072512648 0.025295109612141653 0.025295109612141653 
0 0.96964586846543 0.7065767284991569 0.06070826306913996 0.13827993254637436 
0 0.8102866779089376 0.6804384485666105 0.01854974704890388 0.01854974704890388 
0 0.5370994940978078 0.5354131534569984 0.08263069139966273 0.08263069139966273 
