0 0.9473136593591885 0.0649999999999995 0.021473688059096087 0.021922428330522766 17-005222
0 0.4726273187183802 0.09815682967959548 0.024441596164824903 0.026475548060708256 17-003249
0 0.8377841483979751 0.10784317032040404 0.10381729604382775 0.09460370994940977 17-000331
0 0.7499409780775671 0.11878414839797573 0.03479759063639374 0.03153456998313662 17-002114
0 0.45978414839797505 0.12978414839797672 0.023215636216298227 0.0247892074198988 17-005772
0 0.8803196018084941 0.2097807757166948 0.02688187564102179 0.02563237774030352 17-004161
0 0.27662731871838225 0.27800000000000047 0.023798872362222473 0.02242833052276562 17-005186
0 0.49425463743676695 0.42547048903878665 0.03939235172625381 0.03709949409780781 17-001900
0 0.9607841483979799 0.545215851602024 0.07012280990231941 0.06694772344013479 17-000584
0 0.17862731871838328 0.5931568296795947 0.04096359719399261 0.03827993254637444 17-001748
0 0.9374704890387836 0.7140000000000004 0.038697900547544364 0.03861720067453641 17-001552
0 0.5664114671163556 0.7384704890387854 0.026302519635383034 0.02816188870151759 17-002970
0 0.40562731871838714 0.9633136593591903 0.031305934041418765 0.031197301854974706 17-002498
0 0.4579409780775655 0.9883279932546377 0.035202363812284 0.023344013490724486 17-002396
