0 0.24841146711635773 0.0656863406408095 0.08023115574477171 0.07868465430016863 23-003060
0 0.05662731871838338 0.09800000000000075 0.0372559758683831 0.031534569983136584 23-006891
0 0.44694097807756983 0.10568634064080865 0.029766372472161753 0.028414839797639115 23-009621
0 0.14400000000000546 0.17980438448566538 0.02342901575228215 0.022478920741989854 23-014330
0 0.11400000000000432 0.20105902192242806 0.03303107138846336 0.02949409780775718 23-007908
0 0.3962546374367538 0.20162731871838122 0.02650167355586011 0.024671163575042176 23-010593
0 0.763627318718377 0.21000000000000085 0.10178178974352094 0.09367622259696458 23-002457
0 0.29525463743675473 0.2680000000000007 0.03207086582484524 0.029308600337268217 23-008108
0 0.9288427387496434 0.32699999999999996 0.15654597475078444 0.16527824620573364 23-001293
0 0.6163136593591856 0.36205902192242767 0.020164316835980557 0.021365935919055674 23-017287
0 0.09231131209256341 0.4149999999999992 0.20308488660363955 0.3463237774030355 23-000560
0 0.7932546374367736 0.4546863406408088 0.023621056865005926 0.021922428330522766 23-014508
0 0.5104704890387911 0.4850590219224288 0.028956178647563988 0.02711635750421592 23-010523
0 0.634940978077558 0.5109999999999992 0.11695303764868707 0.10276559865092758 23-002210
0 0.10200000000000387 0.5619999999999994 0.15881800022243725 0.1205733558178752 23-001765
0 0.08256829679596096 0.5870590219224291 0.0397525103337902 0.03431703204047221 23-006371
0 0.6065682967959619 0.6976863406408091 0.04523764385536886 0.04325463743676219 23-005594
0 0.5893136593591988 0.7293726812816198 0.02189268685049324 0.01966273187183825 23-014671
0 0.46399999999999864 0.8780000000000002 0.19511377052720222 0.16713322091062388 23-001310
0 0.5446273187183829 0.8889999999999992 0.055307840464403804 0.049713322091062426 23-004280
0 0.18894097807756008 0.9150590219224285 0.03860026365744847 0.03227655986509292 23-006610
0 0.5403136593591922 0.9256863406408089 0.022468810188663944 0.020775716694772236 23-013747
