0 0.5873136593591892 0.8426863406408087 0.05370814376565146 0.05075885328836429 17-000974
0 0.5267841483979823 0.7625295109612139 0.02583437866252948 0.026644182124789226 17-004420
0 0.3954114671163633 0.7043136593591901 0.021588783232166873 0.02394603709949408 17-004842
0 0.8526273187183756 0.634156829679595 0.02060077391035237 0.023608768971332208 17-004438
0 0.796529510961211 0.5919409780775713 0.043641827296902004 0.044688026981450156 17-001411
0 0.8706273187183764 0.5210000000000008 0.0565014690416314 0.05362563237774042 17-000934
0 0.8676273187183762 0.42231365935918996 0.020426191080603586 0.02495784148397988 17-004497
0 0.45747048903877957 0.3704704890387852 0.05429137991157551 0.05160202360876901 17-000946
0 0.2960978077571737 0.367470489038785 0.14524903421067406 0.1381112984822934 17-000201
0 0.4856273187183855 0.29668634064080934 0.021648270888844964 0.022091062394603747 17-004940
0 0.3527841483979757 0.09599999999999997 0.022112531721413028 0.023777403035413 17-004796
