0 0.26337268128160984 0.7180590219224274 0.03533556474114688 0.03283305227655982 23-006993
0 0.18337268128162576 0.6850000000000005 0.028230043570372895 0.023743676222597033 23-010226
0 0.6000590219224272 0.6223136593591911 0.029958413584885386 0.028566610455311968 23-008671
0 0.8983726812816291 0.5526273187183803 0.02246881018866404 0.020590219224283366 23-014094
0 0.7369021922428276 0.4776863406408104 0.027227808633051492 0.02693086003372686 23-011270
0 0.17468634064081123 0.4529999999999994 0.16688372695682938 0.134114671163575 23-001606
0 0.013996982201916364 0.3960000000000008 0.02320482796057353 0.024148397976391123 23-013465
0 0.5936863406408224 0.3943136593591914 0.020740440174151453 0.01854974704890388 23-016520
0 0.5786863406408076 0.38731365935918993 0.09198769299461591 0.08180438448566608 23-002706
0 0.49500000000000455 0.3670000000000009 0.04013659255923748 0.03505902192242846 23-006223
0 0.2963726812816253 0.3686863406408104 0.022852892414111398 0.01984822934232731 23-014053
0 0.7239999999999895 0.36100000000000065 0.02150860462504588 0.018920741989882 23-015751
0 0.9493726812816169 0.3569999999999993 0.03072657803577987 0.026155143338954454 23-008990
0 0.04805902192243472 0.2326863406408094 0.08219359624571128 0.07438448566610457 23-003021
0 0.5380000000000109 0.14000000000000057 0.16457923360414595 0.15229342327150086 23-001512
0 0.5826306913996627 0.7504215851602023 0.01854974704890388 0.016863406408094434 
0 0.18465430016863404 0.9629005059021922 0.01517706576728499 0.02023608768971332 
0 0.1492411467116358 0.633220910623946 0.025295109612141653 0.025295109612141653 
