0 0.820999999999998 0.9628566610455316 0.1399979711755221 0.08171534569983065 23-001787
0 0.615940978077581 0.8906273187183813 0.04244108591192106 0.03951096121416525 23-005581
0 0.30862731871839294 0.8635682967959527 0.025349426879518418 0.023558178752107924 23-011341
0 0.9376863406408166 0.744313659359191 0.06452581387513755 0.05954468802698146 23-003658
0 0.24600000000000932 0.6690000000000005 0.2926706557908032 0.27898819561551436 23-000781
0 0.6187841483979668 0.6331568296795956 0.05411356441435897 0.05047217537942656 23-004438
0 0.5550387858347412 0.5501568296795954 0.025883520843986072 0.024131534569983043 23-012154
0 0.30862731871839294 0.5439409780775711 0.03744801698110673 0.03357504215851616 23-006677
0 0.2231568296795848 0.48884317032040425 0.022426780814960894 0.01893760539629008 23-017401
0 0.14500000000001023 0.46199999999999974 0.036103729192041356 0.03227655986509272 23-006966
0 0.1995682967959512 0.3780000000000001 0.05838049826798179 0.05379426644182121 23-004026
0 0.35425463743675223 0.32831365935919066 0.023044933526834933 0.019291736930860125 23-014233
0 0.5778819561551372 0.31747048903878605 0.026417614808453727 0.026391231028667753 23-013267
0 0.0971688150635186 0.28200000000000003 0.21377139313974095 0.2077571669477235 23-001097
0 0.3199999999999932 0.1120000000000001 0.2594475432896162 0.21814502529510954 23-000976
0 0.612470489038795 0.09147048903878519 0.03049250754935304 0.03084317032040466 23-009554
0 0.9072512647554806 0.6863406408094435 0.023608768971332208 0.02023608768971332 
