0 0.564372681281626 0.16074536256323768 0.02438922131590026 0.01984822934232717 23-013345
0 0.09374536256322685 0.2483726812816181 0.022660851301387768 0.021922428330522766 23-015227
0 0.842000000000013 0.2889999999999997 0.028422084683096382 0.024114671163574967 23-010136
0 0.6433726812816052 0.29631365935919063 0.02419718020317663 0.01984822934232712 23-013806
0 0.7628431703204052 0.3119021922428322 0.035293535367443736 0.03288364249578415 23-007897
0 0.7403726812816136 0.3070000000000004 0.04301720925009186 0.03876897133220912 23-005545
0 0.07400000000001239 0.41505902192242844 0.030918619148503544 0.028381112984823004 23-008460
0 0.8532158516020132 0.7032158516020234 0.030108425323905823 0.024131534569983237 23-010622
0 0.9252158516020159 0.7876273187183814 0.02261882192768448 0.02043844856661046 23-017205
0 0.41768634064080623 0.871059021922428 0.021124522399598715 0.017993254637436885 23-016593
0 0.3583473861720068 0.5446880269814502 0.7166947723440135 0.9106239460370995 
0 0.1298482293423272 0.715008431703204 0.023608768971332208 0.023608768971332208 
0 0.9704890387858347 0.33220910623946037 0.021922428330522766 0.02023608768971332 
0 0.8381112984822934 0.33811129848229343 0.016863406408094434 0.01854974704890388 
0 0.4106239460370995 0.7596964586846543 0.01854974704890388 0.01517706576728499 
0 0.10370994940978073 0.984822934232715 0.01854974704890388 0.016863406408094434 
0 0.06323777403035413 0.56070826306914 0.021922428330522766 0.01854974704890388 
0 0.5615514333895446 0.09359190556492411 0.016863406408094434 0.01854974704890388 
0 0.36593591905564926 0.026138279932546374 0.02023608768971332 0.01854974704890388 
