0 0.5187453625632382 0.8900978077571677 0.033991276952081456 0.03566610455311974 23-007590
0 0.1813136593591833 0.8320978077571661 0.021508604625045787 0.02156829679595277 23-017376
0 0.2417453625632514 0.830254637436762 0.02323697463955847 0.02284991568296798 23-014314
0 0.8310590219224218 0.7819409780775725 0.04167292146102644 0.037284991568296795 23-005836
0 0.3427453625632505 0.7292546374367629 0.0384082225447248 0.034688026981450244 23-006458
0 0.554000000000002 0.6080000000000005 0.31149068483771825 0.25543001686340644 23-000788
0 0.5566863406408162 0.5702546374367623 0.021316563512322154 0.01706576728499153 23-017522
0 0.7993726812816111 0.5229999999999997 0.03591168807931775 0.0319055649241146 23-007020
0 0.7026863406408028 0.41499999999999915 0.04109679812285564 0.03394603709949409 23-006249
0 0.8724317032040515 0.3956273187183802 0.027461879119478273 0.02114671163575036 23-011556
0 0.5670000000000073 0.3626273187183807 0.02189268685049319 0.020590219224283175 23-014161
0 0.6390590219224145 0.2799409780775719 0.050314771533589576 0.047116357504215944 23-004633
0 0.2977453625632346 0.275627318718381 0.041480880348302905 0.03913996627318724 23-005694
0 0.5830590219224313 0.0743136593591911 0.03168678359939798 0.02763912310286695 23-008568
0 0.3240000000000123 0.02592917369308556 0.08795482962741984 0.05704418212478835 23-002751
0 0.7487352445193929 0.10455311973018555 0.016863406408094434 0.013490725126475547 
0 0.8204047217537942 0.030354131534570006 0.01517706576728499 0.013490725126475547 
0 0.3507588532883642 0.8465430016863407 0.02023608768971332 0.02023608768971332 
0 0.5539629005059021 0.5860033726812817 0.025295109612141653 0.025295109612141653 
