0 0.4689999999999941 0.8879999999999999 0.14364675231727092 0.13077571669477236 23-001778
0 0.01873252702424799 0.8903726812816193 0.026371761814222412 0.029679595278246197 23-007486
0 0.7853726812816295 0.7756273187183811 0.0660621427769267 0.05935919055649239 23-003616
0 0.20462069550282325 0.6259999999999994 0.4501655301062112 0.6329173693086004 23-000213
0 0.7603726812816238 0.5823136593591902 0.05069885375903674 0.04878583473861712 23-004511
0 0.8137453625632257 0.5 0.0213165635123223 0.017807757166947824 23-016979
0 0.851059021922432 0.48499999999999943 0.023236974639558518 0.02114671163575036 23-013224
0 0.5480000000000018 0.4803136593591898 0.020164316835980557 0.01873524451939294 23-016786
0 0.8277453625632357 0.41084317032040496 0.022084727963216776 0.021534569983136756 23-014722
0 0.09668634064080839 0.31031365935918986 0.020356357948704187 0.017807757166947824 23-017374
0 0.21568634064080805 0.23431365935919124 0.021508604625045787 0.01854974704890388 23-015846
0 0.09299999999998931 0.22799999999999976 0.023813097977729174 0.018364249578414815 23-014608
0 0.38900000000001 0.22205902192242888 0.1568975890952009 0.13875210792580098 23-001634
0 0.7649999999999864 0.19994097807757172 0.026693714668583744 0.023558178752107972 23-010832
0 0.986372681281623 0.17031365935919118 0.02227676907594041 0.018920741989882 23-015019
0 0.37268634064081874 0.13962731871838185 0.03303107138846349 0.028937605396289902 23-007956
0 0.686000000000007 0.09699999999999953 0.025349426879518418 0.02207419898819586 23-011979
0 0.7950590219224204 0.08547048903878507 0.02246881018866404 0.023423271500842956 23-015335
0 0.6910000000000025 0.09380438448566686 0.11560874985962175 0.09887015177065786 23-002262
0 0.24243170320405616 0.08152951096121475 0.05994075078768163 0.05532883642495813 23-004344
0 0.8230590219224404 0.06300000000000061 0.04148088034830281 0.03505902192242827 23-006092
0 0.5666104553119731 0.5143338954468804 0.026981450252951095 0.023608768971332208 
0 0.9198988195615514 0.5986509274873524 0.021922428330522766 0.02023608768971332 
0 0.524451939291737 0.9629005059021922 0.023608768971332208 0.02023608768971332 
0 0.10623946037099496 0.23355817875210794 0.02023608768971332 0.021922428330522766 
