0 0.9395885328836446 0.9630590219224285 0.02600896149227824 0.027993254637436765 17-004512
0 0.07162731871838401 0.9293136593591897 0.026298639495097545 0.022934232715008423 17-005456
0 0.7475295109612188 0.747215851602024 0.021588783232166873 0.022934232715008374 17-005676
0 0.014191695116988035 0.7376863406408101 0.02838339023397619 0.027655986509274835 17-003424
0 0.39274536256323345 0.6415295109612136 0.038456069780546706 0.03693086003372687 17-003065
0 0.15662731871837765 0.5639021922428329 0.061913536763842494 0.05733558178752108 17-000802
0 0.2163726812816127 0.46115682967959504 0.033107369855298996 0.03271500843170316 17-003016
0 0.35684317032039925 0.36321585160202363 0.036190373134098314 0.036593591905565 17-002759
0 0.11568634064081385 0.29974536256323703 0.15834662658211562 0.14957841483979772 17-000162
0 0.7555295109612142 0.2478431703204046 0.020192120594176903 0.021079258010118045 17-005766
0 0.43929173693086 0.5657672849915683 0.021922428330522766 0.021922428330522766 
