0 0.8189511969213963 0.2629999999999999 0.3983073667729283 0.4960202360876897 23-000317
0 0.31621585160203547 0.30768634064080863 0.036745805521826214 0.03623946037099486 23-008128
0 0.4651180438448692 0.3306863406408101 0.0336071947266342 0.03134907251264761 23-007472
0 0.726059021922432 0.5933726812816187 0.05549988157712744 0.05008431703204055 23-004246
0 0.5496863406408112 0.6423726812816183 0.02323697463955847 0.01873524451939294 23-014525
0 0.7167453625632457 0.837313659359191 0.02227676907594041 0.020590219224283175 23-014016
0 0.634588532883652 0.8586863406408087 0.02261882192768443 0.02136593591905577 23-017311
0 0.36600000000001387 0.8632537942664413 0.37255975868383084 0.3008416526138291 23-000575
0 0.7232158516020177 0.8849409780775722 0.028488037674710528 0.026408094435076024 23-013804
0 0.19392917369308604 0.2251264755480607 0.02023608768971332 0.01854974704890388 
0 0.718381112984823 0.7209106239460371 0.02023608768971332 0.021922428330522766 
