0 0.9470000000000027 0.016000000000000014 0.0372559758683831 0.03283305227655987 23-006820
0 0.9901675211505548 0.028999999999999915 0.02163145346877943 0.027453625632377753 23-008504
0 0.9294317032040394 0.09299999999999997 0.025925550217689265 0.023929173693086024 23-011148
0 0.5013726812816093 0.30437268128161904 0.04839436040635326 0.03969645868465434 23-005159
0 0.8590590219224418 0.31731365935919137 0.023236974639558518 0.0209612141652613 23-013436
0 0.5750590219224215 0.3200000000000003 0.04705007261728784 0.04210792580101185 23-005110
0 0.8557453625632273 0.336627318718381 0.022084727963216776 0.019662731871838153 23-014711
0 0.3760000000000048 0.4979999999999994 0.16438719249142217 0.14301854974704886 23-001561
0 0.6329021922428426 0.5353136593591914 0.0266516852948806 0.024704890387858308 23-012473
0 0.46837268128162235 0.6613136593591908 0.037448016981106634 0.03450252951096128 23-006546
0 0.9568016625874382 0.7080000000000002 0.0950363423076361 0.13374367622259686 23-001700
0 0.2176863406408176 0.8993726812816196 0.02438922131590026 0.021888701517706607 23-012388
0 0.8333726812816313 0.9293136593591897 0.021700645737769562 0.01854974704890388 23-015646
0 0.230185497470489 0.5497470489038786 0.45699831365935917 0.8903878583473862 
0 0.1399662731871838 0.5370994940978078 0.016863406408094434 0.01854974704890388 
0 0.03794266441821248 0.45868465430016864 0.01517706576728499 0.013490725126475547 
0 0.04721753794266437 0.4502529510961214 0.02023608768971332 0.02023608768971332 
0 0.11804384485666108 0.06239460370994941 0.016863406408094434 0.016863406408094434 
