0 0.4142546374367545 0.16100000000000136 0.09725834860736465 0.09052276559865094 23-002538
0 0.4133136593591826 0.26399999999999935 0.13565995847416137 0.11908937605396291 23-001922
0 0.05894097807756462 0.2826863406408083 0.0302967474828497 0.026711635750421542 23-009056
0 0.7413136593591856 0.4153726812816179 0.02161296635719225 0.0202529510961214 23-017217
0 0.17262731871836884 0.5848431703204043 0.029138909999428704 0.027470489038785774 23-009566
0 0.8820000000000051 0.6260000000000012 0.026437289204779554 0.024519392917369248 23-012031
0 0.8933136593592007 0.6943726812816178 0.021227020529385365 0.018920741989882 23-015875
0 0.5773136593591983 0.7779999999999987 0.09918807774639946 0.09089376053962916 23-002514
0 0.29594097807755937 0.7779999999999987 0.07139997814429543 0.06362563237774034 23-003413
0 0.6843136593591976 0.7860000000000014 0.14569454999714335 0.13745362563237792 23-001732
0 0.9216273187183924 0.9365295109612153 0.07853997595872528 0.0764755480607085 23-003132
0 0.851602023608769 0.16104553119730186 0.023608768971332208 0.021922428330522766 
0 0.5927487352445194 0.4460370994940978 0.01854974704890388 0.01854974704890388 
0 0.21838111298482293 0.6231028667790893 0.021922428330522766 0.021922428330522766 
0 0.35328836424957843 0.6922428330522765 0.01854974704890388 0.01854974704890388 
0 0.14924114671163574 0.8996627318718381 0.01854974704890388 0.01854974704890388 
0 0.9317032040472175 0.8111298482293423 0.01854974704890388 0.016863406408094434 
0 0.5370994940978078 0.9831365935919055 0.01854974704890388 0.016863406408094434 
0 0.6854974704890388 0.17200674536256325 0.01854974704890388 0.016863406408094434 
