0 0.6357453625632284 0.9420000000000002 0.04245404105877035 0.03969645868465431 23-005572
0 0.6810590219224161 0.9433726812816201 0.0339632328470162 0.03042158516020235 23-007555
0 0.024630954364593394 0.9220000000000006 0.05418809960210515 0.04915682967959528 23-004333
0 0.6980590219224404 0.9006863406408103 0.04322593271438431 0.038212478920741984 23-005671
0 0.6670590219224345 0.817940978077572 0.05171674092613836 0.04711635750421585 23-004571
0 0.7237453625632507 0.7759999999999998 0.020262155959867578 0.019291736930860028 23-016276
0 0.2276863406408085 0.7409409780775704 0.024700532979648093 0.0224451939291737 23-011989
0 0.9743726812816226 0.7333726812816193 0.036085934899954736 0.03227655986509272 23-007023
0 0.6145296820186593 0.6819291736930863 0.8480346995589495 0.6997558178752104 23-000077
0 0.9467453625632355 0.6567453625632363 0.027595126688200664 0.024671163575042152 23-010258
0 0.4130000000000109 0.527000000000001 0.062330251190830945 0.057133220910623936 23-003806
0 0.8777453625632471 0.5126863406408086 0.025472424635262152 0.020775716694772427 23-012321
0 0.7875885328836436 0.3063136593591904 0.023685252825808578 0.022107925801011827 23-015562
0 0.6773726812816254 0.23231365935919224 0.1522556290698624 0.13430016863406405 23-001707
0 0.6305295109612001 0.14941146711635755 0.04278957130225521 0.03937605396290064 23-006184
0 0.5536863406408019 0.11362731871838205 0.032998368277498705 0.024856661045531213 23-008976
0 0.5168634064080944 0.663575042158516 0.021922428330522766 0.021922428330522766 
0 0.5143338954468804 0.7563237774030354 0.016863406408094434 0.01854974704890388 
0 0.5345699831365935 0.8954468802698146 0.02023608768971332 0.013490725126475547 
0 0.9300168634064081 0.7310286677908937 0.021922428330522766 0.01517706576728499 
0 0.6618887015177066 0.606239460370995 0.01854974704890388 0.01854974704890388 
0 0.4806070826306914 0.6534569983136593 0.016863406408094434 0.01517706576728499 
