0 0.5410590219224297 0.01570826306914075 0.028367018343814745 0.023428330522767316 23-010034
0 0.9050000000000011 0.026876053962899795 0.07043511357477793 0.059127318718379555 23-003435
0 0.4003726812816103 0.058745362563237376 0.021998912184999136 0.018920741989881956 23-015305
0 0.6640590219224202 0.06905902192242838 0.08336429880631258 0.07531197301854974 23-002983
0 0.7340590219224418 0.11474536256323832 0.027788099602104224 0.0248566610455312 23-010060
0 0.21968634064079873 0.11968634064080799 0.05943565748227845 0.05379426644182126 23-004008
0 0.6023726812816084 0.24174536256323723 0.026823235032586632 0.024485666104553088 23-010494
0 0.08605902192241721 0.2586863406408109 0.02798107251600786 0.025784148397976426 23-009777
0 0.804059021922435 0.28337268128162 0.0538394429790769 0.05045531197301858 23-004329
0 0.4297453625632396 0.28768634064081083 0.039945393178024924 0.037284991568296816 23-006013
0 0.2850590219224294 0.3097453625632386 0.026437289204779554 0.023001686340640787 23-011282
0 0.09774536256324595 0.3243726812816204 0.04689241807855077 0.04025295109612133 23-005208
0 0.19474536256322594 0.344059021922427 0.05596214503201534 0.05156829679595285 23-004207
0 0.1716863406407969 0.45437268128161945 0.019876210132060597 0.01854974704890388 23-017225
0 0.07005902192242619 0.4546863406408088 0.05326052423736657 0.05045531197301853 23-004348
0 0.34774536256324595 0.47037268128161763 0.026630262118683093 0.024856661045531213 23-010506
0 0.46000000000000796 0.49299999999999855 0.09108321536245258 0.0717875210792581 23-002819
0 0.7960590219224252 0.5733726812816191 0.046120526422936806 0.040252951096121425 23-005278
0 0.1841180438448632 0.7800000000000011 0.020262155959867675 0.01873524451939294 23-016885
0 0.35905902192244177 0.8449999999999989 0.021805939271095597 0.02003372681281637 23-014587
0 0.9904652354155404 0.9639999999999985 0.020976482085811092 0.023001686340640596 23-010393
0 0.11214165261382802 0.18718381112984822 0.01854974704890388 0.016863406408094434 
