0 0.3282158516020217 0.9217841483979747 0.02470717315623945 0.025126475548060693 17-005192
0 0.7820590219224293 0.7089021922428325 0.035125497114831386 0.03355817875210798 17-001948
0 0.11774536256324197 0.6030000000000015 0.028674102779544644 0.028330522765598574 17-004187
0 0.3714317032040467 0.5704704890387862 0.043585646126633404 0.04603709949409783 17-001493
0 0.7337453625632416 0.48999999999999844 0.02442427188927359 0.024114671163574967 17-004552
0 0.0459021922428392 0.35999999999999943 0.03154894010372709 0.03086003372681293 17-002646
0 0.8938431703204054 0.29215682967959455 0.02905340843076051 0.03035413153456998 17-002851
0 0.13400000000000034 0.11984317032040459 0.063409227282175 0.06121416526138282 17-000786
0 0.1172158516020233 0.08815682967959382 0.028527118665569142 0.029342327150084085 17-002955
0 0.25368634064080475 0.08047048903878418 0.02929679692898611 0.02731871838111306 17-003125
0 0.2653726812816194 0.0587841483979753 0.020525300842463286 0.02175379426644159 17-004986
0 0.5879021922428267 0.0569409780775727 0.024882603077969825 0.025295109612141653 17-004645
0 0.2750590219224244 0.03315682967959421 0.02929679692898611 0.03170320404721746 17-003241
0 0.7486863406408093 0.009082630691400362 0.034638720118380206 0.018165261382800748 17-002460
