0 0.34637268128160814 0.028999999999999915 0.03627890781385828 0.031163575042158522 23-007152
0 0.657999999999987 0.05468634064081026 0.021612966357192155 0.01780775716694772 23-016388
0 0.5293726812816293 0.06599999999999895 0.06561079072719032 0.05917369308600338 23-003649
0 0.5410590219224297 0.1520590219224268 0.02605134337697267 0.02433389544688028 23-012196
0 0.5533726812816302 0.19399999999999906 0.0349280974165337 0.033018549747048875 23-007052
0 0.5965295109612083 0.22784317032040505 0.02947444024291367 0.027284991568296807 23-009970
0 0.5256863406408103 0.3276863406408099 0.14106320006345938 0.11927487352445187 23-001877
0 0.6670590219224345 0.39725463743676215 0.039559447350217755 0.037318718381112975 23-006423
0 0.698372681281612 0.4736273187183814 0.05441836172078732 0.051753794266441916 23-004248
0 0.5 0.5 1.1000000000000003 1.1000000000000003 23-000026
0 0.5203726812816147 0.5456273187183805 0.04766430973416473 0.046779089376053976 23-005008
0 0.12600000000000477 0.6580000000000013 0.10131077979933818 0.08959527824620572 23-002503
0 0.8707453625632421 0.8069999999999986 0.02768726843346005 0.025446880269814558 23-012251
0 0.36084317032041835 0.8143726812816188 0.043368490043965834 0.04236087689713323 23-006053
0 0.6736863406408065 0.8079409780775705 0.0538394429790769 0.048229342327149934 23-004423
0 0.5067453625632378 0.4924114671163575 0.9865092748735245 0.984822934232715 
0 0.7951096121416527 0.3086003372681282 0.03204047217537943 0.023608768971332208 
0 0.4502529510961214 0.678752107925801 0.016863406408094434 0.01517706576728499 
0 0.3988195615514334 0.6897133220910624 0.025295109612141653 0.023608768971332208 
0 0.3718381112984823 0.648397976391231 0.021922428330522766 0.01854974704890388 
0 0.12478920741989885 0.5581787521079258 0.08094435075885328 0.0775716694772344 
0 0.6973018549747049 0.20067453625632378 0.01854974704890388 0.016863406408094434 
