0 0.7273726812816084 0.8960000000000008 0.03820863695289318 0.0348735244519393 23-006456
0 0.347588532883646 0.8864114671163559 0.0582274044145352 0.05703204047217538 23-004295
0 0.6120590219224277 0.8025682967959528 0.03512107033043724 0.02930860033726812 23-007554
0 0.5150590219224193 0.7555682967959522 0.057119982515436374 0.05212478920741989 23-004136
0 0.809745362563235 0.7309409780775723 0.02624431629087616 0.024671163575042152 23-010723
0 0.1840590219224303 0.6096273187183807 0.08259240715069863 0.07605396290050594 23-002990
0 0.20921585160203615 0.5885682967959541 0.030917392385497653 0.02715008431703208 23-012375
0 0.38190219224283783 0.5077841483979768 0.0301455007298835 0.03106239460370988 23-011732
0 0.4633726812816269 0.492254637436761 0.03068269331065682 0.028819561551433445 23-010000
0 0.5467453625632297 0.4859409780775713 0.05827781999885741 0.05509274873524445 23-004007
0 0.042372681281606206 0.3490000000000002 0.02508647880745498 0.021888701517706607 23-012188
0 0.9643726812816317 0.31562731871838023 0.06869835734964647 0.0638111298482292 23-003470
0 0.21100000000001273 0.2140978077571658 0.16750048926823893 0.13311973018549736 23-001687
0 0.10305902192244143 0.21531365935918934 0.029910801655042858 0.024671163575041958 23-009768
