0 0.2726273187183916 0.1039999999999992 0.03820863695289318 0.0348735244519393 23-006456
0 0.652411467116354 0.11358853288364415 0.0582274044145352 0.05703204047217538 23-004295
0 0.38794097807757233 0.19743170320404727 0.03512107033043724 0.02930860033726812 23-007554
0 0.48494097807758074 0.24443170320404786 0.057119982515436374 0.05212478920741989 23-004136
0 0.19025463743676496 0.2690590219224277 0.02624431629087616 0.024671163575042152 23-010723
0 0.8159409780775697 0.39037268128161934 0.08259240715069863 0.07605396290050594 23-002990
0 0.7907841483979638 0.4114317032040459 0.030917392385497653 0.02715008431703208 23-012375
0 0.6180978077571622 0.49221585160202314 0.0301455007298835 0.03106239460370988 23-011732
0 0.5366273187183731 0.507745362563239 0.03068269331065682 0.028819561551433445 23-010000
0 0.45325463743677025 0.5140590219224287 0.05827781999885741 0.05509274873524445 23-004007
0 0.9576273187183938 0.6509999999999998 0.02508647880745498 0.021888701517706607 23-012188
0 0.03562731871836838 0.6843726812816198 0.06869835734964647 0.0638111298482292 23-003470
0 0.7889999999999873 0.7859021922428342 0.16750048926823893 0.13311973018549736 23-001687
0 0.8969409780775586 0.7846863406408107 0.029910801655042858 0.024671163575041958 23-009768
