0 0.1490000000000009 0.8889999999999993 0.022577830926709556 0.01854974704890388 23-015440
0 0.06299999999998818 0.8419999999999987 0.09436375489881234 0.07456998313659359 23-002833
0 0.23199999999999932 0.8120000000000012 0.085872946687058 0.07475548060708263 23-002939
0 0.953000000000003 0.7979999999999983 0.02219188509890263 0.019106239460370968 23-015268
0 0.15899999999999181 0.7970000000000006 0.10980158801109233 0.09015177065767291 23-002432
0 0.35900000000000887 0.7519999999999989 0.17213183920192326 0.15470489038785837 23-001466
0 0.33500000000000796 0.6159999999999997 0.026437289204779554 0.02281618887015182 23-011173
0 0.43600000000000705 0.5680000000000014 0.030103774568946206 0.02689713322091065 23-008927
0 0.30699999999998795 0.5159999999999982 0.02334972258232371 0.02021922428330524 23-013664
0 0.33899999999999864 0.46699999999999875 0.06561079072719032 0.05973018549747042 23-003632
0 0.12000000000000455 0.3249999999999993 0.02238485801280621 0.01854974704890388 23-015364
0 0.35499999999998977 0.3049999999999997 0.022770803840613096 0.018920741989882 23-014632
0 0.41800000000000637 0.25031197301855 0.8301694756128624 0.5506863406408102 23-000126
0 0.00821904017148134 0.22800000000000153 0.018081888377258572 0.018364249578414815 23-015146
0 0.46100000000001273 0.17099999999999937 0.03492809741653389 0.029679595278246245 23-007513
0 0.8313659359190556 0.836424957841484 0.3372681281618887 0.327150084317032 
