0 0.5857453625632455 0.8389999999999986 0.09725834860736465 0.09052276559865094 23-002538
0 0.5866863406408174 0.7360000000000007 0.13565995847416137 0.11908937605396291 23-001922
0 0.9410590219224354 0.7173136593591918 0.0302967474828497 0.026711635750421542 23-009056
0 0.2586863406408144 0.5846273187183821 0.02161296635719225 0.0202529510961214 23-017217
0 0.8273726812816311 0.41515682967959566 0.029138909999428704 0.027470489038785774 23-009566
0 0.11799999999999489 0.3739999999999988 0.026437289204779554 0.024519392917369248 23-012031
0 0.1066863406407993 0.3056273187183822 0.021227020529385365 0.018920741989882 23-015875
0 0.4226863406408017 0.2220000000000013 0.09918807774639946 0.09089376053962916 23-002514
0 0.7040590219224406 0.2220000000000013 0.07139997814429543 0.06362563237774034 23-003413
0 0.31568634064080237 0.21399999999999864 0.14569454999714335 0.13745362563237792 23-001732
0 0.07837268128160757 0.06347048903878472 0.07853997595872528 0.0764755480607085 23-003132
0 0.14839797639123098 0.8389544688026982 0.023608768971332208 0.021922428330522766 
0 0.40725126475548057 0.5539629005059021 0.01854974704890388 0.01854974704890388 
0 0.781618887015177 0.3768971332209107 0.021922428330522766 0.021922428330522766 
0 0.6467116357504216 0.3077571669477235 0.01854974704890388 0.01854974704890388 
0 0.8507588532883643 0.1003372681281619 0.01854974704890388 0.01854974704890388 
0 0.06829679595278249 0.1888701517706577 0.01854974704890388 0.016863406408094434 
0 0.4629005059021922 0.016863406408094472 0.01854974704890388 0.016863406408094434 
0 0.31450252951096125 0.8279932546374368 0.01854974704890388 0.016863406408094434 
