0 0.56674536256324 0.08068634064081007 0.04148917648925285 0.03654300168634064 23-005963
0 0.9845947428030503 0.18443170320404562 0.030181616423508615 0.03060708263069141 23-007629
0 0.20337268128160757 0.20899999999999963 0.045541607681226386 0.041551433389544666 23-005220
0 0.8936863406408053 0.2406863406408102 0.02836701834381466 0.025042158516020274 23-009942
0 0.80274536256323 0.3700590219224268 0.1808156203275806 0.17214165261382802 23-001338
0 0.5410590219224297 0.38837268128162045 0.02624431629087621 0.02337268128161891 23-011067
0 0.6627453625632437 0.5279999999999987 0.039945393178024736 0.03580101180438452 23-006209
0 0.25337268128161894 0.6234317032040456 0.02798107251600767 0.024704890387858308 23-011220
0 0.8753726812816329 0.6170000000000009 0.04612052642293679 0.04080944350758861 23-005253
0 0.1403726812816194 0.632745362563239 0.06850538443574301 0.06102866779089366 23-003529
0 0.22568634064079895 0.7886863406408084 0.13083563562657397 0.11333895446880277 23-002006
0 0.4143726812816203 0.9911281618887008 0.029424024658591747 0.015808094435077375 23-011425
0 0.11888701517706579 0.28583473861720066 0.021922428330522766 0.01854974704890388 
0 0.47723440134907247 0.050590219224283306 0.026981450252951095 0.023608768971332208 
