0 0.32478414839796993 0.9334704890387858 0.028917491277770293 0.029848229342327153 17-003306
0 0.486627318718376 0.9071568296795965 0.027367067789951113 0.026981450252951095 17-002776
0 0.21109780775716566 0.7891568296795944 0.06435433546732235 0.06037099494097807 17-000728
0 0.45609780775717024 0.7853136593591896 0.031724370025457554 0.031028667790893746 17-002620
0 0.8900978077571676 0.7167841483979764 0.06119659687617433 0.05767284991568295 17-000790
0 0.23641146711635727 0.6573136593591895 0.03189979994718803 0.03389544688026985 17-002650
0 0.13525463743675814 0.559156829679594 0.02530142149792585 0.023946037099494173 17-004084
0 0.5687841483979696 0.5294704890387858 0.032211147021908665 0.03136593591905569 17-002150
0 0.43378414839797874 0.488313659359189 0.029658723733432393 0.03204047217537923 17-004414
0 0.050627318718383156 0.47478414839797556 0.019648151233811022 0.029005059021922314 17-005090
0 0.675940978077569 0.34847048903878497 0.02192874021630687 0.024451939291736932 17-003995
0 0.44725463743675575 0.29715682967959356 0.03590624233923372 0.03170320404721746 17-002801
0 0.1391231028667791 0.5109612141652613 0.021922428330522766 0.02023608768971332 
