0 0.8062546374367504 0.7864704890387872 0.02334972258232371 0.02153456998313661 23-014356
0 0.012330856228413786 0.7439409780775704 0.02409247054905333 0.024856661045531213 23-009412
0 0.3202546374367604 0.7366273187183796 0.029910801655042764 0.02804384485666104 23-009635
0 0.4603136593591796 0.6463136593591903 0.14858914370569604 0.13244519392917373 23-001740
0 0.9626273187183892 0.613627318718382 0.026437289204779554 0.023558178752107972 23-011031
0 0.050313659359183055 0.4920000000000009 0.06811943860793594 0.06065767284991573 23-003554
0 0.3053136593591785 0.48331365935919 0.046892418078550865 0.04306913996627312 23-005270
0 0.5819409780775607 0.47025463743676255 0.05692700960153284 0.04952782462057336 23-004251
0 0.3583136593592042 0.3046273187183809 0.34947394707924073 0.30495784148398003 23-000657
0 0.82762731871837 0.2803136593591905 0.32149287456323317 0.29586846543001694 23-000709
0 0.9342327150084317 0.7689713322091063 0.02023608768971332 0.016863406408094434 
0 0.9038785834738617 0.9300168634064081 0.02023608768971332 0.01854974704890388 
0 0.09527824620573355 0.8178752107925801 0.021922428330522766 0.02023608768971332 
0 0.4460370994940978 0.8785834738617201 0.551433389544688 0.24283305227655985 
0 0.45868465430016864 0.9780775716694773 0.0775716694772344 0.04384485666104553 
0 0.5927487352445194 0.33726812816188867 0.021922428330522766 0.023608768971332208 
