0 0.6717841483979783 0.07821585160202522 0.02470717315623945 0.025126475548060693 17-005192
0 0.21794097807757068 0.29109780775716754 0.035125497114831386 0.03355817875210798 17-001948
0 0.882254637436758 0.39699999999999847 0.028674102779544644 0.028330522765598574 17-004187
0 0.6285682967959533 0.4295295109612138 0.043585646126633404 0.04603709949409783 17-001493
0 0.26625463743675837 0.5100000000000016 0.02442427188927359 0.024114671163574967 17-004552
0 0.9540978077571608 0.6400000000000006 0.03154894010372709 0.03086003372681293 17-002646
0 0.1061568296795946 0.7078431703204054 0.02905340843076051 0.03035413153456998 17-002851
0 0.8659999999999997 0.8801568296795954 0.063409227282175 0.06121416526138282 17-000786
0 0.8827841483979767 0.9118431703204062 0.028527118665569142 0.029342327150084085 17-002955
0 0.7463136593591952 0.9195295109612158 0.02929679692898611 0.02731871838111306 17-003125
0 0.7346273187183806 0.9412158516020247 0.020525300842463286 0.02175379426644159 17-004986
0 0.4120978077571733 0.9430590219224273 0.024882603077969825 0.025295109612141653 17-004645
0 0.7249409780775756 0.9668431703204058 0.02929679692898611 0.03170320404721746 17-003241
0 0.25131365935919064 0.9909173693085996 0.034638720118380206 0.018165261382800748 17-002460
