0 0.7596273187183864 0.9229409780775725 0.0407172848336387 0.03654300168634062 23-005989
0 0.8029999999999973 0.851940978077571 0.021805939271095597 0.019662731871838104 23-014819
0 0.9046273187183682 0.8269409780775724 0.02219188509890248 0.01854974704890388 23-015590
0 0.2223136593591801 0.7639999999999993 0.2400583048959556 0.21944350758853287 23-001008
0 0.5913136593591798 0.6780000000000008 0.09648645695175069 0.08069139966273191 23-002679
0 0.909627318718392 0.6616273187183803 0.05229565966784869 0.04526138279932552 23-004649
0 0.5193136593591771 0.5450000000000017 0.05557619920420845 0.05008431703204041 23-004275
0 0.25625463743676746 0.39199999999999946 0.023542695496227152 0.019696458684654215 23-015976
0 0.125 0.33531365935919033 0.11906428787846024 0.10387858347386157 23-002175
0 0.21831365935918942 0.29762731871837944 0.04457674311170879 0.04099494097807767 23-005328
0 0.04331365935917805 0.2762546374367635 0.03724377238337575 0.03394603709949409 23-006691
0 0.7296273187183852 0.21762731871838126 0.021227020529385174 0.01762225969645876 23-016831
0 0.41031365935919667 0.20599999999999952 0.052295659667848785 0.046374367622259695 23-004563
0 0.34747048903878014 0.17447048903878548 0.022527415342387638 0.023237774030354277 23-016576
0 0.7557841483979673 0.11762731871837984 0.039123085938088754 0.03694772344013466 23-006699
0 0.09294097807758486 0.10462731871838171 0.02161296635719214 0.01873524451939275 23-015901
0 0.9426644182124789 0.3895446880269815 0.02023608768971332 0.016863406408094434 
0 0.7537942664418212 0.4409780775716695 0.02023608768971332 0.021922428330522766 
0 0.581787521079258 0.32546374367622255 0.023608768971332208 0.02023608768971332 
0 0.5 0.30354131534569984 1.0 0.6070826306913997 
