0 0.25984317032040505 0.941902192242833 0.0269877621387352 0.02495784148397976 17-003915
0 0.8996863406408055 0.5134704890387841 0.023858469355341964 0.02883642495784152 17-003487
0 0.665215851602025 0.4988431703204058 0.036851350524381064 0.03372681281618887 17-002377
0 0.4559021922428359 0.4703136593591918 0.044587645927290594 0.04654300168634068 17-001334
0 0.10690219224283215 0.4308431703204044 0.02558432276489181 0.025632377740303428 17-004782
0 0.43421585160203047 0.419156829679597 0.06398134170189063 0.0657672849915683 17-000752
0 0.0739021922428309 0.2985295109612135 0.03839070705121491 0.03676222596964579 17-001882
0 0.38084317032040016 0.23937268128161948 0.03768898736429302 0.037605396290050705 17-001979
0 0.8355817875210793 0.9350758853288365 0.025295109612141653 0.021922428330522766 
0 0.8035413153456998 0.4688026981450253 0.021922428330522766 0.02023608768971332 
