0 0.4379999999999882 0.9844898819561548 0.04033133900583162 0.034122259696459316 23-006291
0 0.5562420545014926 0.91035413153457 0.06020754913789241 0.05342327150084316 23-004005
0 0.7220000000000084 0.8359999999999985 0.022384858012806114 0.020404721753794257 23-014061
0 0.07729958895314859 0.7456155143338954 0.026437289204779554 0.02411467116357506 23-010860
0 0.7990000000000066 0.6709999999999994 0.29563450410016384 0.27509274873524453 23-000776
0 0.8982580216564924 0.654460370994941 0.025858370463069144 0.023929173693086097 23-011000
0 0.5300000000000011 0.5820000000000007 0.11346807337525865 0.10276559865092753 23-002227
0 0.8644434118067366 0.5765598650927488 0.039173501522410725 0.033389544688027045 23-006544
0 0.4906920897379956 0.4067706576728499 0.02354269549622725 0.0209612141652613 23-013182
0 0.2920000000000016 0.3569999999999993 0.11925726079236378 0.09608768971332213 23-002200
0 0.03774186255891743 0.21415682967959526 0.024893505893551632 0.02021922428330524 23-012897
0 0.3810000000000002 0.11137099494097791 0.4052431191973525 0.2450161888701513 23-000508
0 0.6550000000000011 0.004890387858347389 0.024121614237937673 0.010758853288364434 23-012692
0 0.23693086003372676 0.8760539629005059 0.45699831365935917 0.2478920741989882 
