0 0.8509999999999991 0.11100000000000065 0.022577830926709556 0.01854974704890388 23-015440
0 0.9370000000000118 0.15800000000000125 0.09436375489881234 0.07456998313659359 23-002833
0 0.7680000000000007 0.18799999999999886 0.085872946687058 0.07475548060708263 23-002939
0 0.046999999999997044 0.20200000000000173 0.02219188509890263 0.019106239460370968 23-015268
0 0.8410000000000082 0.2029999999999994 0.10980158801109233 0.09015177065767291 23-002432
0 0.6409999999999911 0.24800000000000108 0.17213183920192326 0.15470489038785837 23-001466
0 0.664999999999992 0.38400000000000034 0.026437289204779554 0.02281618887015182 23-011173
0 0.563999999999993 0.43199999999999866 0.030103774568946206 0.02689713322091065 23-008927
0 0.693000000000012 0.4840000000000017 0.02334972258232371 0.02021922428330524 23-013664
0 0.6610000000000014 0.5330000000000013 0.06561079072719032 0.05973018549747042 23-003632
0 0.8799999999999955 0.6750000000000007 0.02238485801280621 0.01854974704890388 23-015364
0 0.6450000000000102 0.6950000000000003 0.022770803840613096 0.018920741989882 23-014632
0 0.5819999999999936 0.74968802698145 0.8301694756128624 0.5506863406408102 23-000126
0 0.9917809598285187 0.7719999999999985 0.018081888377258572 0.018364249578414815 23-015146
0 0.5389999999999873 0.8290000000000006 0.03492809741653389 0.029679595278246245 23-007513
0 0.16863406408094436 0.163575042158516 0.3372681281618887 0.327150084317032 
