0 0.22737268128160848 0.029686340640808138 0.04148917648925285 0.03895446880269816 23-005713
0 0.4960000000000093 0.04734148397976387 0.15920265397038852 0.10415126475548052 23-001597
0 0.17005902192242028 0.11705902192242665 0.02605134337697286 0.02114671163575042 23-011848
0 0.6063726812816275 0.20168634064080873 0.02334972258232371 0.022074198988195622 23-012835
0 0.2392158516020373 0.2152158516020221 0.026579846534361077 0.022647554806070815 23-012511
0 0.04868634064080657 0.2949021922428345 0.025472424635262055 0.021382799325463754 23-014617
0 0.6862158516020116 0.29584317032040647 0.033526871434887105 0.028397976391230987 23-008761
0 0.7746863406408055 0.3676863406408091 0.02238485801280614 0.0174367622259697 23-016011
0 0.6680000000000064 0.4381180438448575 0.23581290079007847 0.2138785834738618 23-001034
0 0.1301568296795954 0.4804317032040485 0.030053358984624284 0.032782462057335676 23-011886
0 0.5249612141652713 0.5387858347386172 0.8544457785157396 0.7993423271500844 23-000101
0 0.4233726812816063 0.5246863406408092 0.02855999125771809 0.024704890387858308 23-010849
0 0.9775295109612084 0.5748431703204063 0.01761964017292545 0.01763912310286684 23-015025
0 0.2145885328836361 0.5905295109612152 0.02445714448142254 0.023237774030354277 23-015732
0 0.7290000000000134 0.6469999999999985 0.022191885098902672 0.017065767284991575 23-016848
0 0.6339999999999861 0.6980000000000004 0.02334972258232371 0.018920741989882 23-014855
0 0.14005902192241926 0.8541568296795956 0.02894593708552507 0.025986509274873566 23-009959
0 0.37352445193929174 0.09443507588532883 0.01854974704890388 0.016863406408094434 
0 0.26559865092748736 0.11720067453625632 0.01854974704890388 0.01517706576728499 
0 0.44435075885328834 0.02951096121416526 0.01854974704890388 0.01854974704890388 
0 0.2917369308600337 0.5143338954468802 0.02023608768971332 0.016863406408094434 
0 0.9435075885328836 0.10118043844856661 0.11298482293423272 0.20236087689713322 
