0 0.5857453625632455 0.16100000000000136 0.09725834860736465 0.09052276559865094 23-002538
0 0.5866863406408174 0.26399999999999935 0.13565995847416137 0.11908937605396291 23-001922
0 0.9410590219224354 0.2826863406408083 0.0302967474828497 0.026711635750421542 23-009056
0 0.2586863406408144 0.4153726812816179 0.02161296635719225 0.0202529510961214 23-017217
0 0.8273726812816311 0.5848431703204043 0.029138909999428704 0.027470489038785774 23-009566
0 0.11799999999999489 0.6260000000000012 0.026437289204779554 0.024519392917369248 23-012031
0 0.1066863406407993 0.6943726812816178 0.021227020529385365 0.018920741989882 23-015875
0 0.4226863406408017 0.7779999999999987 0.09918807774639946 0.09089376053962916 23-002514
0 0.7040590219224406 0.7779999999999987 0.07139997814429543 0.06362563237774034 23-003413
0 0.31568634064080237 0.7860000000000014 0.14569454999714335 0.13745362563237792 23-001732
0 0.07837268128160757 0.9365295109612153 0.07853997595872528 0.0764755480607085 23-003132
0 0.14839797639123098 0.16104553119730186 0.023608768971332208 0.021922428330522766 
0 0.40725126475548057 0.4460370994940978 0.01854974704890388 0.01854974704890388 
0 0.781618887015177 0.6231028667790893 0.021922428330522766 0.021922428330522766 
0 0.6467116357504216 0.6922428330522765 0.01854974704890388 0.01854974704890388 
0 0.8507588532883643 0.8996627318718381 0.01854974704890388 0.01854974704890388 
0 0.06829679595278249 0.8111298482293423 0.01854974704890388 0.016863406408094434 
0 0.4629005059021922 0.9831365935919055 0.01854974704890388 0.016863406408094434 
0 0.31450252951096125 0.17200674536256325 0.01854974704890388 0.016863406408094434 
