0 0.18899999999999295 0.11100000000000065 0.03261242244969182 0.028566610455311968 23-008098
0 0.45441055816843146 0.1602107925801012 0.021805939271095597 0.020219224283305196 23-014597
0 0.7156003845799916 0.19252951096121418 0.021419993443288616 0.019662731871838104 23-015115
0 0.8590000000000089 0.24800000000000108 0.08799564873999655 0.08217537942664419 23-002775
0 0.6552824120503511 0.3715008431703204 0.028945937085525262 0.025969645868465487 23-009511
0 0.9732631132619192 0.3999831365935919 0.053473773476161716 0.06344013490725127 23-003498
0 0.02912755131926048 0.5921922428330522 0.05488242135690205 0.05676222596964601 23-003423
0 0.5357451994667841 0.6277318718381113 0.029331882913332243 0.026155143338954454 23-009311
0 0.6169999999999902 0.6380000000000017 0.09899510483249616 0.08328836424957839 23-002619
0 0.6627318718381112 0.8946037099494097 0.6138279932546374 0.21079258010118043 
0 0.32377740303541314 0.6492411467116358 0.026981450252951095 0.023608768971332208 
0 0.2411467116357504 0.5539629005059022 0.016863406408094434 0.021922428330522766 
0 0.10623946037099496 0.433389544688027 0.02023608768971332 0.016863406408094434 
0 0.01770657672849918 0.026138279932546374 0.01854974704890388 0.01854974704890388 
