0 0.3509999999999991 0.08337268128161718 0.02006918304596404 0.019106239460371016 23-016532
0 0.9744043046812279 0.20899999999999963 0.05631052970129853 0.06399662731871836 23-003414
0 0.7429409780775621 0.20931365935918908 0.021419993443288713 0.018364249578414864 23-015893
0 0.449627318718384 0.21062731871837975 0.03454215158872682 0.0336087689713322 23-007600
0 0.6553136593592013 0.21415682967959515 0.027402153774297246 0.0243170320404722 23-011146
0 0.8742546374367625 0.35584317032040513 0.024507560065744557 0.021905564924114686 23-013060
0 0.4452546374367604 0.3509409780775733 0.022191885098902672 0.02114671163575036 23-013789
0 0.7276273187183756 0.3787453625632377 0.08645186542876862 0.08161888701517712 23-002821
0 0.9706498818485894 0.559000000000001 0.06457025993310331 0.06102866779089366 23-003555
0 0.5589999999999975 0.5770000000000017 0.059628630396181985 0.053423271500843084 23-004011
0 0.8922546374367631 0.6166273187183822 0.03184053079407786 0.030050590219224366 23-008044
0 0.7079999999999984 0.6409999999999982 0.2294447946312628 0.2097976391231028 23-001067
0 0.2639409780775771 0.6799999999999997 0.031840530794077664 0.03042158516020249 23-007937
0 0.8003136593591831 0.7386863406408078 0.0538394429790768 0.048229342327149934 23-004421
0 0.2909409780775639 0.7543136593591907 0.02344186432758293 0.022107925801011827 23-016955
0 0.21525463743677065 0.8615295109612158 0.025178620552714557 0.024721753794266485 23-015121
0 0.5823136593591938 0.9523726812816206 0.05866376582666429 0.051753794266441916 23-004097
0 0.9149409780775591 0.976313659359192 0.02354269549622706 0.020775716694772236 23-013245
0 0.9469409780775698 0.9857613827993253 0.02431458715184121 0.02019510961214197 23-013230
0 0.2774030354131535 0.6526138279932546 0.554806070826307 0.6947723440134908 
0 0.7327150084317032 0.7807757166947723 0.021922428330522766 0.016863406408094434 
