0 0.6536273187183919 0.9710000000000001 0.03627890781385828 0.031163575042158522 23-007152
0 0.34200000000001296 0.9453136593591898 0.021612966357192155 0.01780775716694772 23-016388
0 0.47062731871837066 0.934000000000001 0.06561079072719032 0.05917369308600338 23-003649
0 0.4589409780775703 0.8479409780775732 0.02605134337697267 0.02433389544688028 23-012196
0 0.44662731871836975 0.8060000000000009 0.0349280974165337 0.033018549747048875 23-007052
0 0.40347048903879174 0.772156829679595 0.02947444024291367 0.027284991568296807 23-009970
0 0.4743136593591896 0.6723136593591901 0.14106320006345938 0.11927487352445187 23-001877
0 0.3329409780775655 0.6027453625632379 0.039559447350217755 0.037318718381112975 23-006423
0 0.30162731871838794 0.5263726812816186 0.05441836172078732 0.051753794266441916 23-004248
0 0.5 0.5 1.1000000000000003 1.1000000000000003 23-000026
0 0.4796273187183852 0.45437268128161945 0.04766430973416473 0.046779089376053976 23-005008
0 0.8739999999999952 0.34199999999999875 0.10131077979933818 0.08959527824620572 23-002503
0 0.1292546374367579 0.1930000000000014 0.02768726843346005 0.025446880269814558 23-012251
0 0.6391568296795817 0.18562731871838123 0.043368490043965834 0.04236087689713323 23-006053
0 0.3263136593591935 0.19205902192242952 0.0538394429790769 0.048229342327149934 23-004423
0 0.49325463743676223 0.5075885328836425 0.9865092748735245 0.984822934232715 
0 0.20489038785834737 0.6913996627318718 0.03204047217537943 0.023608768971332208 
0 0.5497470489038786 0.321247892074199 0.016863406408094434 0.01517706576728499 
0 0.6011804384485666 0.3102866779089376 0.025295109612141653 0.023608768971332208 
0 0.6281618887015177 0.351602023608769 0.021922428330522766 0.01854974704890388 
0 0.8752107925801011 0.4418212478920742 0.08094435075885328 0.0775716694772344 
0 0.30269814502529513 0.7993254637436762 0.01854974704890388 0.016863406408094434 
