0 0.6926670208073218 0.03805227655986509 0.022770803840613193 0.021703204047217546 23-013254
0 0.8425209834762137 0.1360202360876897 0.039173501522410725 0.0348735244519393 23-006370
0 0.4900166845393332 0.21041315345699832 0.02219188509890248 0.017622259696458666 23-015726
0 0.3329479611575219 0.2744182124789208 0.02508647880745517 0.02114671163575036 23-012416
0 0.041257101170117716 0.4495025295109612 0.021805939271095406 0.018364249578414815 23-015906
0 0.9581503763099556 0.5689999999999991 0.0920691721180976 0.09701517706576743 23-002288
0 0.24280001553900743 0.5917284991568298 0.02354269549622725 0.020590219224283175 23-013468
0 0.2815858502776246 0.6051264755480608 0.02354269549622725 0.020775716694772236 23-013279
0 0.1531936072129585 0.6343423271500843 0.039945393178024924 0.03654300168634057 23-006104
0 0.2709999999999866 0.661999999999999 0.05171674092613826 0.04674536256323782 23-004589
0 0.5269999999999868 0.6739999999999995 0.14723833330837144 0.1315177065767287 23-001758
0 0.7947705976644686 0.8088532883642496 0.034735124502630235 0.03153456998313648 23-007306
0 0.546999999999997 0.8200000000000003 0.040910257747542235 0.03802698145025287 23-005852
0 0.924114671163575 0.01011804384485666 0.03372681281618887 0.02023608768971332 
0 0.41315345699831363 0.22259696458684655 0.023608768971332208 0.02023608768971332 
0 0.06155143338954472 0.17706576728499157 0.01854974704890388 0.02023608768971332 
0 0.6652613827993255 0.8001686340640809 0.025295109612141653 0.021922428330522766 
0 0.5472175379426645 0.3414839797639123 0.021922428330522766 0.01854974704890388 
0 0.8035413153456998 0.44350758853288363 0.021922428330522766 0.02023608768971332 
