0 0.09821108184152427 0.9161214165261383 0.02778809960210413 0.024485666104553112 23-010325
0 0.9914125322698143 0.8810000000000002 0.018892429006408577 0.018364249578414864 23-015437
0 0.17500000000001137 0.879999999999999 0.2653377566173144 0.2227824620573356 23-000955
0 0.08366769511196426 0.8014924114671164 0.039173501522410774 0.034688026981450244 23-006399
0 0.04435335721595868 0.73 0.04148917648925285 0.03672849915682973 23-005968
0 0.05803705525633773 0.6785581787521079 0.04187512231705993 0.038397976391231 23-005743
0 0.7630000000000052 0.5470000000000006 0.020455128873771117 0.019106239460371065 23-016293
0 0.8029999999999973 0.41600000000000037 0.03550701615824422 0.02782462057335582 23-007753
0 0.3849999999999909 0.0530354131534575 0.13411617516293334 0.11667790893760625 23-001907
0 0.2689713322091062 0.4991568296795953 0.5379426644182125 0.9983136593591906 
0 0.3204047217537943 0.2993254637436762 0.02023608768971332 0.021922428330522766 
0 0.07672849915682967 0.14839797639123098 0.01517706576728499 0.016863406408094434 
0 0.794266441821248 0.6677908937605397 0.016863406408094434 0.013490725126475547 
0 0.8330522765598651 0.1913996627318718 0.016863406408094434 0.01854974704890388 
