0 0.844059021922427 0.9847377740303535 0.02605134337697267 0.0187370994940994 23-011899
0 0.22237268128161303 0.9559999999999995 0.06908430317745344 0.060101180438448594 23-003562
0 0.7033726812816075 0.8869409780775711 0.04419079728390171 0.0406239460370995 23-005394
0 0.11568634064081385 0.7749999999999986 0.1570799519174499 0.14301854974704892 23-001617
0 0.4057453625632387 0.54594097807757 0.037050799469472234 0.03413153456998315 23-006663
0 0.9843726812816135 0.46956829679595435 0.02817404542991118 0.023558178752107972 23-010398
0 0.167431703204039 0.47131365935918956 0.0208410747015781 0.017807757166947824 23-016924
0 0.02474536256323845 0.42262731871837944 0.024893505893551632 0.022445193929173792 23-011865
0 0.5051180438448613 0.31331365935919187 0.02238485801280602 0.01984822934232731 23-014578
0 0.3820590219224379 0.1033136593591909 0.021227020529385174 0.018364249578414624 23-016278
