0 0.7726273187183915 0.9703136593591919 0.04148917648925285 0.03895446880269816 23-005713
0 0.5039999999999907 0.9526585160202361 0.15920265397038852 0.10415126475548052 23-001597
0 0.8299409780775797 0.8829409780775733 0.02605134337697286 0.02114671163575042 23-011848
0 0.3936273187183725 0.7983136593591913 0.02334972258232371 0.022074198988195622 23-012835
0 0.7607841483979627 0.7847841483979778 0.026579846534361077 0.022647554806070815 23-012511
0 0.9513136593591934 0.7050978077571655 0.025472424635262055 0.021382799325463754 23-014617
0 0.31378414839798846 0.7041568296795935 0.033526871434887105 0.028397976391230987 23-008761
0 0.22531365935919442 0.6323136593591909 0.02238485801280614 0.0174367622259697 23-016011
0 0.33199999999999363 0.5618819561551425 0.23581290079007847 0.2138785834738618 23-001034
0 0.8698431703204046 0.5195682967959515 0.030053358984624284 0.032782462057335676 23-011886
0 0.47503878583472864 0.4612141652613828 0.8544457785157396 0.7993423271500844 23-000101
0 0.5766273187183937 0.4753136593591908 0.02855999125771809 0.024704890387858308 23-010849
0 0.02247048903879152 0.4251568296795937 0.01761964017292545 0.01763912310286684 23-015025
0 0.7854114671163639 0.4094704890387848 0.02445714448142254 0.023237774030354277 23-015732
0 0.2709999999999866 0.35300000000000153 0.022191885098902672 0.017065767284991575 23-016848
0 0.36600000000001387 0.3019999999999996 0.02334972258232371 0.018920741989882 23-014855
0 0.8599409780775807 0.1458431703204044 0.02894593708552507 0.025986509274873566 23-009959
0 0.6264755480607083 0.9055649241146712 0.01854974704890388 0.016863406408094434 
0 0.7344013490725126 0.8827993254637436 0.01854974704890388 0.01517706576728499 
0 0.5556492411467117 0.9704890387858347 0.01854974704890388 0.01854974704890388 
0 0.7082630691399663 0.48566610455311976 0.02023608768971332 0.016863406408094434 
0 0.05649241146711636 0.8988195615514334 0.11298482293423272 0.20236087689713322 
