0 0.7836863406408059 0.9313136593591904 0.04666435918030119 0.045362563237774024 17-001174
0 0.7196863406408129 0.8321568296795937 0.023371692358890854 0.02394603709949408 17-004511
0 0.6296863406408095 0.7636273187183806 0.01929729139035008 0.023777403035413192 17-005204
0 0.6560590219224246 0.7633726812816204 0.023332179590150645 0.024283305227655948 17-004678
0 0.6195885328836372 0.7285295109612133 0.033829529086223026 0.035075885328836445 17-002252
0 0.5070590219224237 0.46047048903878685 0.023196262437160286 0.02580101180438441 17-004881
0 0.8235295109612122 0.45937268128161846 0.044355324390050375 0.04367622259696455 17-001416
0 0.9513726812816122 0.38568634064080975 0.032007271292423374 0.03406408094435064 17-003204
0 0.5357453625632341 0.09925463743676388 0.08849570608963017 0.08397976391231021 17-000451
0 0.5605295109612211 0.05662731871837989 0.08334027978295179 0.07807757166947715 17-000493
