0 0.7239999999999895 0.981034569983136 0.0887675403956105 0.041723946037100834 23-002773
0 0.7520000000000095 0.9400000000000013 0.06483889907157656 0.05694772344013493 23-003737
0 0.5620000000000118 0.7740000000000009 0.02952485582723559 0.025227655986509265 23-009534
0 0.7104561893797022 0.6988279932546375 0.036085934899954736 0.031720067453625635 23-007069
0 0.8988769456031538 0.6288279932546375 0.0605934949656991 0.053608768971332245 23-003973
0 0.3300000000000125 0.5090000000000003 0.04187512231705973 0.03598650927487339 23-005944
0 0.31800000000001205 0.48499999999999943 0.044769716025612326 0.037841483979763814 23-005474
0 0.9294961891944111 0.42841483979763906 0.022963776754516635 0.020404721753794115 23-013947
0 0.4280741001322959 0.365 0.024121614237937673 0.018364249578414815 23-014449
0 0.853933356466394 0.2273777403035413 0.04592755350903337 0.03654300168634057 23-005597
0 0.06499999999999773 0.13800000000000168 0.07062808648868146 0.05657672849915704 23-003588
0 0.39376053962900504 0.18549747048903875 0.021922428330522766 0.023608768971332208 
0 0.06155143338954469 0.596964586846543 0.021922428330522766 0.023608768971332208 
0 0.2976391231028668 0.7495784148397977 0.01854974704890388 0.01854974704890388 
0 0.5278246205733558 0.6627318718381112 0.02023608768971332 0.02023608768971332 
0 0.7951096121416527 0.6981450252951096 0.01854974704890388 0.016863406408094434 
