0 0.56674536256324 0.91931365935919 0.04148917648925285 0.03654300168634064 23-005963
0 0.9845947428030503 0.8155682967959543 0.030181616423508615 0.03060708263069141 23-007629
0 0.20337268128160757 0.7910000000000004 0.045541607681226386 0.041551433389544666 23-005220
0 0.8936863406408053 0.7593136593591898 0.02836701834381466 0.025042158516020274 23-009942
0 0.80274536256323 0.6299409780775732 0.1808156203275806 0.17214165261382802 23-001338
0 0.5410590219224297 0.6116273187183796 0.02624431629087621 0.02337268128161891 23-011067
0 0.6627453625632437 0.4720000000000013 0.039945393178024736 0.03580101180438452 23-006209
0 0.25337268128161894 0.3765682967959544 0.02798107251600767 0.024704890387858308 23-011220
0 0.8753726812816329 0.3829999999999991 0.04612052642293679 0.04080944350758861 23-005253
0 0.1403726812816194 0.367254637436761 0.06850538443574301 0.06102866779089366 23-003529
0 0.22568634064079895 0.21131365935919155 0.13083563562657397 0.11333895446880277 23-002006
0 0.4143726812816203 0.008871838111299213 0.029424024658591747 0.015808094435077375 23-011425
0 0.11888701517706579 0.7141652613827993 0.021922428330522766 0.01854974704890388 
0 0.47723440134907247 0.9494097807757167 0.026981450252951095 0.023608768971332208 
