0 0.2163136593591941 0.06868634064080961 0.04666435918030119 0.045362563237774024 17-001174
0 0.280313659359187 0.16784317032040633 0.023371692358890854 0.02394603709949408 17-004511
0 0.3703136593591905 0.23637268128161942 0.01929729139035008 0.023777403035413192 17-005204
0 0.3439409780775754 0.23662731871837958 0.023332179590150645 0.024283305227655948 17-004678
0 0.38041146711636276 0.27147048903878673 0.033829529086223026 0.035075885328836445 17-002252
0 0.4929409780775763 0.5395295109612132 0.023196262437160286 0.02580101180438441 17-004881
0 0.17647048903878787 0.5406273187183815 0.044355324390050375 0.04367622259696455 17-001416
0 0.04862731871838782 0.6143136593591902 0.032007271292423374 0.03406408094435064 17-003204
0 0.46425463743676587 0.9007453625632361 0.08849570608963017 0.08397976391231021 17-000451
0 0.43947048903877894 0.9433726812816201 0.08334027978295179 0.07807757166947715 17-000493
