0 0.36425463743677156 0.05799999999999983 0.04245404105877035 0.03969645868465431 23-005572
0 0.3189409780775839 0.05662731871837984 0.0339632328470162 0.03042158516020235 23-007555
0 0.9753690456354066 0.0779999999999994 0.05418809960210515 0.04915682967959528 23-004333
0 0.3019409780775596 0.09931365935918965 0.04322593271438431 0.038212478920741984 23-005671
0 0.3329409780775655 0.18205902192242793 0.05171674092613836 0.04711635750421585 23-004571
0 0.2762546374367493 0.22400000000000017 0.020262155959867578 0.019291736930860028 23-016276
0 0.7723136593591915 0.25905902192242963 0.024700532979648093 0.0224451939291737 23-011989
0 0.025627318718377475 0.2666273187183807 0.036085934899954736 0.03227655986509272 23-007023
0 0.3854703179813407 0.31807082630691375 0.8480346995589495 0.6997558178752104 23-000077
0 0.0532546374367645 0.34325463743676365 0.027595126688200664 0.024671163575042152 23-010258
0 0.5869999999999891 0.472999999999999 0.062330251190830945 0.057133220910623936 23-003806
0 0.1222546374367529 0.4873136593591913 0.025472424635262152 0.020775716694772427 23-012321
0 0.21241146711635636 0.6936863406408096 0.023685252825808578 0.022107925801011827 23-015562
0 0.3226273187183745 0.7676863406408078 0.1522556290698624 0.13430016863406405 23-001707
0 0.3694704890387999 0.8505885328836424 0.04278957130225521 0.03937605396290064 23-006184
0 0.44631365935919803 0.886372681281618 0.032998368277498705 0.024856661045531213 23-008976
0 0.4831365935919056 0.33642495784148396 0.021922428330522766 0.021922428330522766 
0 0.4856661045531197 0.2436762225969646 0.016863406408094434 0.01854974704890388 
0 0.4654300168634064 0.1045531197301855 0.02023608768971332 0.013490725126475547 
0 0.0699831365935919 0.26897133220910624 0.021922428330522766 0.01517706576728499 
0 0.33811129848229343 0.39376053962900504 0.01854974704890388 0.01854974704890388 
0 0.5193929173693086 0.34654300168634067 0.016863406408094434 0.01517706576728499 
