0 0.1937453625632496 0.2135295109612127 0.02334972258232371 0.02153456998313661 23-014356
0 0.9876691437715862 0.2560590219224296 0.02409247054905333 0.024856661045531213 23-009412
0 0.6797453625632396 0.26337268128162045 0.029910801655042764 0.02804384485666104 23-009635
0 0.5396863406408203 0.3536863406408098 0.14858914370569604 0.13244519392917373 23-001740
0 0.03737268128161075 0.386372681281618 0.026437289204779554 0.023558178752107972 23-011031
0 0.9496863406408169 0.5079999999999991 0.06811943860793594 0.06065767284991573 23-003554
0 0.6946863406408215 0.51668634064081 0.046892418078550865 0.04306913996627312 23-005270
0 0.41805902192243927 0.5297453625632375 0.05692700960153284 0.04952782462057336 23-004251
0 0.6416863406407958 0.6953726812816191 0.34947394707924073 0.30495784148398003 23-000657
0 0.17237268128162997 0.7196863406408095 0.32149287456323317 0.29586846543001694 23-000709
0 0.06576728499156825 0.23102866779089376 0.02023608768971332 0.016863406408094434 
0 0.09612141652613826 0.0699831365935919 0.02023608768971332 0.01854974704890388 
0 0.9047217537942664 0.1821247892074199 0.021922428330522766 0.02023608768971332 
0 0.5539629005059021 0.12141652613827993 0.551433389544688 0.24283305227655985 
0 0.5413153456998314 0.021922428330522766 0.0775716694772344 0.04384485666104553 
0 0.40725126475548057 0.6627318718381113 0.021922428330522766 0.023608768971332208 
