0 0.6536273187183919 0.028999999999999915 0.03627890781385828 0.031163575042158522 23-007152
0 0.34200000000001296 0.05468634064081026 0.021612966357192155 0.01780775716694772 23-016388
0 0.47062731871837066 0.06599999999999895 0.06561079072719032 0.05917369308600338 23-003649
0 0.4589409780775703 0.1520590219224268 0.02605134337697267 0.02433389544688028 23-012196
0 0.44662731871836975 0.19399999999999906 0.0349280974165337 0.033018549747048875 23-007052
0 0.40347048903879174 0.22784317032040505 0.02947444024291367 0.027284991568296807 23-009970
0 0.4743136593591896 0.3276863406408099 0.14106320006345938 0.11927487352445187 23-001877
0 0.3329409780775655 0.39725463743676215 0.039559447350217755 0.037318718381112975 23-006423
0 0.30162731871838794 0.4736273187183814 0.05441836172078732 0.051753794266441916 23-004248
0 0.5 0.5 1.1000000000000003 1.1000000000000003 23-000026
0 0.4796273187183852 0.5456273187183805 0.04766430973416473 0.046779089376053976 23-005008
0 0.8739999999999952 0.6580000000000013 0.10131077979933818 0.08959527824620572 23-002503
0 0.1292546374367579 0.8069999999999986 0.02768726843346005 0.025446880269814558 23-012251
0 0.6391568296795817 0.8143726812816188 0.043368490043965834 0.04236087689713323 23-006053
0 0.3263136593591935 0.8079409780775705 0.0538394429790769 0.048229342327149934 23-004423
0 0.49325463743676223 0.4924114671163575 0.9865092748735245 0.984822934232715 
0 0.20489038785834737 0.3086003372681282 0.03204047217537943 0.023608768971332208 
0 0.5497470489038786 0.678752107925801 0.016863406408094434 0.01517706576728499 
0 0.6011804384485666 0.6897133220910624 0.025295109612141653 0.023608768971332208 
0 0.6281618887015177 0.648397976391231 0.021922428330522766 0.01854974704890388 
0 0.8752107925801011 0.5581787521079258 0.08094435075885328 0.0775716694772344 
0 0.30269814502529513 0.20067453625632378 0.01854974704890388 0.016863406408094434 
