0 0.6490000000000009 0.9166273187183829 0.02006918304596404 0.019106239460371016 23-016532
0 0.02559569531877215 0.7910000000000004 0.05631052970129853 0.06399662731871836 23-003414
0 0.2570590219224379 0.7906863406408109 0.021419993443288713 0.018364249578414864 23-015893
0 0.550372681281616 0.7893726812816202 0.03454215158872682 0.0336087689713322 23-007600
0 0.3446863406407987 0.7858431703204048 0.027402153774297246 0.0243170320404722 23-011146
0 0.12574536256323754 0.6441568296795949 0.024507560065744557 0.021905564924114686 23-013060
0 0.5547453625632396 0.6490590219224267 0.022191885098902672 0.02114671163575036 23-013789
0 0.2723726812816244 0.6212546374367622 0.08645186542876862 0.08161888701517712 23-002821
0 0.029350118151410642 0.44099999999999895 0.06457025993310331 0.06102866779089366 23-003555
0 0.4410000000000025 0.42299999999999827 0.059628630396181985 0.053423271500843084 23-004011
0 0.10774536256323686 0.38337268128161783 0.03184053079407786 0.030050590219224366 23-008044
0 0.2920000000000016 0.35900000000000176 0.2294447946312628 0.2097976391231028 23-001067
0 0.7360590219224229 0.3200000000000003 0.031840530794077664 0.03042158516020249 23-007937
0 0.19968634064081692 0.26131365935919215 0.0538394429790768 0.048229342327149934 23-004421
0 0.7090590219224361 0.2456863406408093 0.02344186432758293 0.022107925801011827 23-016955
0 0.7847453625632294 0.13847048903878423 0.025178620552714557 0.024721753794266485 23-015121
0 0.41768634064080623 0.04762731871837944 0.05866376582666429 0.051753794266441916 23-004097
0 0.08505902192244086 0.02368634064080799 0.02354269549622706 0.020775716694772236 23-013245
0 0.05305902192243017 0.014238617200674653 0.02431458715184121 0.02019510961214197 23-013230
0 0.7225969645868465 0.3473861720067454 0.554806070826307 0.6947723440134908 
0 0.26728499156829677 0.2192242833052277 0.021922428330522766 0.016863406408094434 
