0 0.740156829679595 0.058097807757167004 0.0269877621387352 0.02495784148397976 17-003915
0 0.10031365935919442 0.4865295109612159 0.023858469355341964 0.02883642495784152 17-003487
0 0.33478414839797505 0.5011568296795942 0.036851350524381064 0.03372681281618887 17-002377
0 0.5440978077571641 0.5296863406408082 0.044587645927290594 0.04654300168634068 17-001334
0 0.8930978077571678 0.5691568296795956 0.02558432276489181 0.025632377740303428 17-004782
0 0.5657841483979695 0.580843170320403 0.06398134170189063 0.0657672849915683 17-000752
0 0.9260978077571691 0.7014704890387865 0.03839070705121491 0.03676222596964579 17-001882
0 0.6191568296795998 0.7606273187183805 0.03768898736429302 0.037605396290050705 17-001979
0 0.16441821247892074 0.06492411467116357 0.025295109612141653 0.021922428330522766 
0 0.19645868465430016 0.5311973018549747 0.021922428330522766 0.02023608768971332 
