0 0.5410590219224297 0.9842917369308593 0.028367018343814745 0.023428330522767316 23-010034
0 0.9050000000000011 0.9731239460371002 0.07043511357477793 0.059127318718379555 23-003435
0 0.4003726812816103 0.9412546374367626 0.021998912184999136 0.018920741989881956 23-015305
0 0.6640590219224202 0.9309409780775716 0.08336429880631258 0.07531197301854974 23-002983
0 0.7340590219224418 0.8852546374367617 0.027788099602104224 0.0248566610455312 23-010060
0 0.21968634064079873 0.880313659359192 0.05943565748227845 0.05379426644182126 23-004008
0 0.6023726812816084 0.7582546374367628 0.026823235032586632 0.024485666104553088 23-010494
0 0.08605902192241721 0.7413136593591891 0.02798107251600786 0.025784148397976426 23-009777
0 0.804059021922435 0.71662731871838 0.0538394429790769 0.05045531197301858 23-004329
0 0.4297453625632396 0.7123136593591892 0.039945393178024924 0.037284991568296816 23-006013
0 0.2850590219224294 0.6902546374367614 0.026437289204779554 0.023001686340640787 23-011282
0 0.09774536256324595 0.6756273187183797 0.04689241807855077 0.04025295109612133 23-005208
0 0.19474536256322594 0.655940978077573 0.05596214503201534 0.05156829679595285 23-004207
0 0.1716863406407969 0.5456273187183805 0.019876210132060597 0.01854974704890388 23-017225
0 0.07005902192242619 0.5453136593591912 0.05326052423736657 0.05045531197301853 23-004348
0 0.34774536256324595 0.5296273187183824 0.026630262118683093 0.024856661045531213 23-010506
0 0.46000000000000796 0.5070000000000014 0.09108321536245258 0.0717875210792581 23-002819
0 0.7960590219224252 0.4266273187183809 0.046120526422936806 0.040252951096121425 23-005278
0 0.1841180438448632 0.21999999999999886 0.020262155959867675 0.01873524451939294 23-016885
0 0.35905902192244177 0.15500000000000114 0.021805939271095597 0.02003372681281637 23-014587
0 0.9904652354155404 0.036000000000001475 0.020976482085811092 0.023001686340640596 23-010393
0 0.11214165261382802 0.8128161888701517 0.01854974704890388 0.016863406408094434 
