0 0.5600590219224352 0.8117841483979753 0.02141999344328852 0.018195615514333883 23-017371
0 0.9513726812816264 0.7570000000000014 0.02605134337697267 0.021703204047217546 23-011840
0 0.30568634064081146 0.6154704890387843 0.024700532979648093 0.022833052276559802 23-012484
0 0.7403726812816136 0.44394097807757327 0.09166213410416309 0.07902192242833055 23-002822
0 0.813999999999993 0.40962731871838143 0.13469509390464388 0.12632377740303535 23-001870
0 0.3505295109612273 0.3769409780775731 0.021948496600677117 0.022107925801011827 23-016714
0 0.46355286223674197 0.2819510961214168 0.927105724473484 0.6202924114671169 23-000076
0 0.79737268128163 0.23241146711635596 0.03347645585056509 0.03288364249578415 23-008841
0 0.6467453625632241 0.14762731871838097 0.024700532979648093 0.0209612141652613 23-012779
0 0.8723726812816186 0.12747048903878488 0.021227020529385174 0.02023608768971332 23-016350
0 0.4850590219224181 0.04047048903878514 0.020069183045964136 0.023423271500842956 23-017326
0 0.3919999999999959 0.006378583473861221 0.02238485801280602 0.014032883642494658 23-016671
0 0.25548060708263065 0.14586846543001686 0.01854974704890388 0.01854974704890388 
0 0.22259696458684652 0.22344013490725123 0.02023608768971332 0.01854974704890388 
0 0.8246205733558178 0.8853288364249579 0.02023608768971332 0.016863406408094434 
