0 0.3073329791926782 0.9619477234401349 0.022770803840613193 0.021703204047217546 23-013254
0 0.1574790165237862 0.8639797639123104 0.039173501522410725 0.0348735244519393 23-006370
0 0.5099833154606668 0.7895868465430017 0.02219188509890248 0.017622259696458666 23-015726
0 0.6670520388424781 0.7255817875210793 0.02508647880745517 0.02114671163575036 23-012416
0 0.9587428988298823 0.5504974704890389 0.021805939271095406 0.018364249578414815 23-015906
0 0.041849623690044364 0.43100000000000094 0.0920691721180976 0.09701517706576743 23-002288
0 0.7571999844609926 0.4082715008431702 0.02354269549622725 0.020590219224283175 23-013468
0 0.7184141497223754 0.39487352445193924 0.02354269549622725 0.020775716694772236 23-013279
0 0.8468063927870415 0.3656576728499157 0.039945393178024924 0.03654300168634057 23-006104
0 0.7290000000000134 0.33800000000000097 0.05171674092613826 0.04674536256323782 23-004589
0 0.4730000000000132 0.3260000000000005 0.14723833330837144 0.1315177065767287 23-001758
0 0.2052294023355314 0.19114671163575037 0.034735124502630235 0.03153456998313648 23-007306
0 0.4530000000000029 0.17999999999999972 0.040910257747542235 0.03802698145025287 23-005852
0 0.07588532883642496 0.9898819561551433 0.03372681281618887 0.02023608768971332 
0 0.5868465430016864 0.7774030354131535 0.023608768971332208 0.02023608768971332 
0 0.9384485666104553 0.8229342327150084 0.01854974704890388 0.02023608768971332 
0 0.33473861720067455 0.1998313659359191 0.025295109612141653 0.021922428330522766 
0 0.4527824620573356 0.6585160202360877 0.021922428330522766 0.01854974704890388 
0 0.19645868465430016 0.5564924114671164 0.021922428330522766 0.02023608768971332 
