0 0.27600000000001046 0.018965430016864012 0.0887675403956105 0.041723946037100834 23-002773
0 0.24799999999999045 0.05999999999999873 0.06483889907157656 0.05694772344013493 23-003737
0 0.4379999999999882 0.2259999999999991 0.02952485582723559 0.025227655986509265 23-009534
0 0.28954381062029777 0.30117200674536254 0.036085934899954736 0.031720067453625635 23-007069
0 0.10112305439684621 0.37117200674536255 0.0605934949656991 0.053608768971332245 23-003973
0 0.6699999999999875 0.49099999999999966 0.04187512231705973 0.03598650927487339 23-005944
0 0.681999999999988 0.5150000000000006 0.044769716025612326 0.037841483979763814 23-005474
0 0.07050381080558887 0.5715851602023609 0.022963776754516635 0.020404721753794115 23-013947
0 0.5719258998677041 0.635 0.024121614237937673 0.018364249578414815 23-014449
0 0.146066643533606 0.7726222596964587 0.04592755350903337 0.03654300168634057 23-005597
0 0.9350000000000023 0.8619999999999983 0.07062808648868146 0.05657672849915704 23-003588
0 0.606239460370995 0.8145025295109612 0.021922428330522766 0.023608768971332208 
0 0.9384485666104553 0.403035413153457 0.021922428330522766 0.023608768971332208 
0 0.7023608768971332 0.25042158516020235 0.01854974704890388 0.01854974704890388 
0 0.4721753794266442 0.3372681281618887 0.02023608768971332 0.02023608768971332 
0 0.20489038785834734 0.30185497470489037 0.01854974704890388 0.016863406408094434 
