0 0.6752158516020301 0.9334704890387858 0.028917491277770293 0.029848229342327153 17-003306
0 0.5133726812816239 0.9071568296795965 0.027367067789951113 0.026981450252951095 17-002776
0 0.7889021922428343 0.7891568296795944 0.06435433546732235 0.06037099494097807 17-000728
0 0.5439021922428298 0.7853136593591896 0.031724370025457554 0.031028667790893746 17-002620
0 0.10990219224283237 0.7167841483979764 0.06119659687617433 0.05767284991568295 17-000790
0 0.7635885328836427 0.6573136593591895 0.03189979994718803 0.03389544688026985 17-002650
0 0.8647453625632419 0.559156829679594 0.02530142149792585 0.023946037099494173 17-004084
0 0.43121585160203035 0.5294704890387858 0.032211147021908665 0.03136593591905569 17-002150
0 0.5662158516020213 0.488313659359189 0.029658723733432393 0.03204047217537923 17-004414
0 0.9493726812816169 0.47478414839797556 0.019648151233811022 0.029005059021922314 17-005090
0 0.32405902192243097 0.34847048903878497 0.02192874021630687 0.024451939291736932 17-003995
0 0.5527453625632442 0.29715682967959356 0.03590624233923372 0.03170320404721746 17-002801
0 0.8608768971332209 0.5109612141652613 0.021922428330522766 0.02023608768971332 
