0 0.6635682967959499 0.8415295109612129 0.022577830926709556 0.02005059021922431 23-015275
0 0.07856829679594186 0.7890000000000015 0.02624431629087616 0.02225969645868461 23-011508
0 0.3662546374367527 0.7519999999999989 0.030875666224560165 0.028566610455311968 23-008537
0 0.12862731871838612 0.6916273187183815 0.02470053297964819 0.020623946037099525 23-014969
0 0.30856829679596004 0.652156829679594 0.021419993443288616 0.020421585160202288 23-015828
0 0.837940978077561 0.598313659359192 0.02219188509890248 0.01762225969645876 23-016159
0 0.47694097807757097 0.5743726812816203 0.027016207946490168 0.021703204047217595 23-011355
0 0.2692546374367727 0.5415682967959535 0.032998368277498705 0.029679595278246245 23-007833
0 0.24031365935918078 0.4729409780775732 0.021612966357192155 0.018364249578414815 23-016088
0 0.6623136593591779 0.33762731871838225 0.15167671032815205 0.13578414839797656 23-001659
0 0.16394097807758282 0.19531365935918976 0.037822691125086245 0.034688026981450334 23-006512
0 0.8210978077571651 0.1927453625632377 0.018970450570250028 0.02003372681281618 23-012028
0 0.010341766947490273 0.013000000000001677 0.0227518872844786 0.02782462057335582 23-008838
0 0.08684654300168634 0.12310286677908933 0.025295109612141653 0.02023608768971332 
0 0.18465430016863407 0.40640809443507586 0.021922428330522766 0.023608768971332208 
0 0.6188870151770658 0.5708263069139966 0.02023608768971332 0.01854974704890388 
0 0.4173693086003373 0.7613827993254637 0.021922428330522766 0.021922428330522766 
