0 0.33643170320405014 0.1584704890387872 0.022577830926709556 0.02005059021922431 23-015275
0 0.9214317032040581 0.2109999999999985 0.02624431629087616 0.02225969645868461 23-011508
0 0.6337453625632473 0.24800000000000108 0.030875666224560165 0.028566610455311968 23-008537
0 0.8713726812816138 0.3083726812816186 0.02470053297964819 0.020623946037099525 23-014969
0 0.69143170320404 0.347843170320406 0.021419993443288616 0.020421585160202288 23-015828
0 0.16205902192243904 0.40168634064080805 0.02219188509890248 0.01762225969645876 23-016159
0 0.523059021922429 0.42562731871837967 0.027016207946490168 0.021703204047217595 23-011355
0 0.7307453625632273 0.45843170320404647 0.032998368277498705 0.029679595278246245 23-007833
0 0.7596863406408192 0.5270590219224268 0.021612966357192155 0.018364249578414815 23-016088
0 0.33768634064082215 0.6623726812816177 0.15167671032815205 0.13578414839797656 23-001659
0 0.8360590219224172 0.8046863406408102 0.037822691125086245 0.034688026981450334 23-006512
0 0.17890219224283488 0.8072546374367623 0.018970450570250028 0.02003372681281618 23-012028
0 0.9896582330525098 0.9869999999999983 0.0227518872844786 0.02782462057335582 23-008838
0 0.9131534569983136 0.8768971332209107 0.025295109612141653 0.02023608768971332 
0 0.815345699831366 0.5935919055649241 0.021922428330522766 0.023608768971332208 
0 0.3811129848229342 0.4291736930860034 0.02023608768971332 0.01854974704890388 
0 0.5826306913996627 0.23861720067453626 0.021922428330522766 0.021922428330522766 
