0 0.4399409780775648 0.18821585160202464 0.02141999344328852 0.018195615514333883 23-017371
0 0.048627318718373606 0.24299999999999855 0.02605134337697267 0.021703204047217546 23-011840
0 0.6943136593591885 0.3845295109612156 0.024700532979648093 0.022833052276559802 23-012484
0 0.25962731871838635 0.5560590219224267 0.09166213410416309 0.07902192242833055 23-002822
0 0.18600000000000705 0.5903726812816186 0.13469509390464388 0.12632377740303535 23-001870
0 0.6494704890387727 0.6230590219224269 0.021948496600677117 0.022107925801011827 23-016714
0 0.536447137763258 0.7180489038785832 0.927105724473484 0.6202924114671169 23-000076
0 0.20262731871836998 0.767588532883644 0.03347645585056509 0.03288364249578415 23-008841
0 0.3532546374367759 0.852372681281619 0.024700532979648093 0.0209612141652613 23-012779
0 0.12762731871838134 0.8725295109612151 0.021227020529385174 0.02023608768971332 23-016350
0 0.5149409780775819 0.9595295109612149 0.020069183045964136 0.023423271500842956 23-017326
0 0.6080000000000041 0.9936214165261388 0.02238485801280602 0.014032883642494658 23-016671
0 0.7445193929173693 0.8541315345699831 0.01854974704890388 0.01854974704890388 
0 0.7774030354131535 0.7765598650927488 0.02023608768971332 0.01854974704890388 
0 0.17537942664418213 0.11467116357504216 0.02023608768971332 0.016863406408094434 
