0 0.6752158516020301 0.06652951096121422 0.028917491277770293 0.029848229342327153 17-003306
0 0.5133726812816239 0.09284317032040347 0.027367067789951113 0.026981450252951095 17-002776
0 0.7889021922428343 0.2108431703204056 0.06435433546732235 0.06037099494097807 17-000728
0 0.5439021922428298 0.2146863406408104 0.031724370025457554 0.031028667790893746 17-002620
0 0.10990219224283237 0.2832158516020235 0.06119659687617433 0.05767284991568295 17-000790
0 0.7635885328836427 0.34268634064081055 0.03189979994718803 0.03389544688026985 17-002650
0 0.8647453625632419 0.440843170320406 0.02530142149792585 0.023946037099494173 17-004084
0 0.43121585160203035 0.47052951096121415 0.032211147021908665 0.03136593591905569 17-002150
0 0.5662158516020213 0.511686340640811 0.029658723733432393 0.03204047217537923 17-004414
0 0.9493726812816169 0.5252158516020244 0.019648151233811022 0.029005059021922314 17-005090
0 0.32405902192243097 0.651529510961215 0.02192874021630687 0.024451939291736932 17-003995
0 0.5527453625632442 0.7028431703204064 0.03590624233923372 0.03170320404721746 17-002801
0 0.8608768971332209 0.48903878583473864 0.021922428330522766 0.02023608768971332 
