0 0.9579999999999984 0.047999999999998266 0.058773872249100655 0.05397976391231028 23-004033
0 0.703000000000003 0.11700000000000088 0.03782476926922309 0.0348735244519393 23-006497
0 0.717000000000013 0.1819999999999986 0.03646695703904587 0.03042158516020235 23-007173
0 0.5844533170113384 0.31001686340640805 0.025022539670409225 0.020775716694772427 23-012792
0 0.873825001115474 0.40867622259696457 0.026380351900586636 0.0224451939291737 23-011406
0 0.14500000000001023 0.4869999999999984 0.10629730030530406 0.09404721753794264 23-002408
0 0.7364773658007749 0.5034654300168634 0.021143076155617006 0.018364249578414815 23-016569
0 0.37700000000000955 0.5509999999999984 0.03607901068756671 0.03264755480607085 23-006979
0 0.23806341261047112 0.5982964586846551 0.47612682522094224 0.6651271500843153 23-000191
0 0.1498999332688738 0.8351180438448566 0.02735021777928445 0.019477234401349186 23-012760
0 0.4902532424207193 0.8443423271500842 0.07177007502365415 0.06510961214165283 23-003390
0 0.6892379785642863 0.8564080944350758 0.027932137306503294 0.024114671163575158 23-010425
0 0.710000000000008 0.8616652613827995 0.550689845924741 0.3043364249578411 23-000331
0 0.7956215835827468 0.8759443507588534 0.05799797954614214 0.05249578414839778 23-004108
0 0.03204047217537943 0.5084317032040472 0.026981450252951095 0.025295109612141653 
0 0.10033726812816189 0.2327150084317032 0.021922428330522766 0.02023608768971332 
