0 0.9586071479031735 0.9460000000000015 0.09106427461301825 0.10369308600337267 23-002238
0 0.6220000000000141 0.8619999999999983 0.05431248920708964 0.04711635750421585 23-004446
0 0.5589999999999975 0.7850000000000001 0.12278502024317056 0.114637436762226 23-002041
0 0.8489999999999895 0.754999999999999 0.022888834737273486 0.019662731871838153 23-014386
0 0.5539734306511798 0.7060455311973018 0.05567030143726681 0.04952782462057336 23-004296
0 0.13300000000000978 0.620000000000001 0.02638035190058654 0.023187183811129847 23-011124
0 0.42122519308533146 0.5513322091062395 0.022888834737273486 0.02003372681281618 23-014151
0 0.1810000000000116 0.5440000000000005 0.3408108697744874 0.3068128161888701 23-000669
0 0.616227349185611 0.5316610455311972 0.041898205959754846 0.03802698145025287 23-005801
0 0.7390000000000043 0.5079999999999991 0.17438188498990567 0.14858347386172008 23-001566
0 0.28354902936000015 0.3729173693086003 0.030841734942597364 0.027453625632377694 23-008802
0 0.9639999999999986 0.3569999999999993 0.033363386227212216 0.02671163575042164 23-008305
0 0.05945479096866069 0.3539999999999992 0.13080054013105355 0.16305227655986518 23-001388
0 0.5267481786942151 0.23645025295109612 0.024828566494669593 0.0209612141652613 23-012515
0 0.019973107160553893 0.12516863406408096 0.023082807913013304 0.01762225969645876 23-015839
0 0.9206729825285362 0.09800168634064077 0.023470754264492327 0.01725126475548064 23-016133
0 0.5507667433108507 0.100025295109612 0.03239352034851421 0.024671163575041958 23-009006
0 0.5748761645747305 0.04730185497470485 0.023276781088752745 0.020404721753794115 23-013715
