0 0.76400000000001 0.9842445193929179 0.0727399409023523 0.034662057335580566 23-003380
0 0.33099999999998886 0.9619999999999997 0.0304537885911181 0.0248566610455312 23-009373
0 0.22900000000001342 0.9160000000000004 0.024634593318929962 0.02225969645868466 23-012310
0 0.3414952989124589 0.820193929173693 0.04888124028638067 0.04173693086003373 23-005000
0 0.06255446771061353 0.7537015177065768 0.040152447378098415 0.03691399662731879 23-006076
0 0.46399999999999864 0.6380000000000017 0.07545556536270674 0.06696458684654297 23-003286
0 0.9155580021372082 0.5784064080944351 0.023858700615971444 0.02021922428330524 23-013716
0 0.3502083724675426 0.5512394603709949 0.021337049331356633 0.01984822934232712 23-015260
0 0.4519999999999982 0.4609999999999985 0.025410486021888484 0.022630691399662662 23-011728
0 0.5047260933071441 0.3661551433389546 0.03607901068756661 0.030792580101180616 23-007237
0 0.056000000000011596 0.3309999999999995 0.028320083657982456 0.02578414839797633 23-009819
0 0.4530000000000029 0.3219999999999992 0.021918968858575333 0.018920741989882 23-015505
0 0.6405499224503763 0.3124451939291737 0.020755129804137743 0.017807757166947824 23-017316
0 0.4170000000000016 0.13500000000000167 0.026380351900586442 0.023558178752107972 23-011152
0 0.9918722110391398 0.11899999999999977 0.017881135713892198 0.018364249578414624 23-013316
0 0.5741989881956155 0.7192242833052276 0.02866779089376054 0.01854974704890388 
0 0.6686340640809444 0.4021922428330523 0.025295109612141653 0.02866779089376054 
0 0.6745362563237775 0.13406408094435074 0.026981450252951095 0.021922428330522766 
