0 0.8389409780775657 0.011956155143339735 0.02870803000946162 0.02259359190556665 23-010299
0 0.5989409780775852 0.16600000000000037 0.2523591016372272 0.229274873524452 23-000964
0 0.5106273187183911 0.1740590219224288 0.0795290020532384 0.07178752107925805 23-003116
0 0.8432546374367565 0.23237268128161806 0.029095976360940978 0.0254131534569983 23-009606
0 0.5909409780775753 0.3219999999999992 0.028320083657982553 0.023187183811129847 23-010379
0 0.3446273187183943 0.3423726812816175 0.037630796093483555 0.03246205733558179 23-006793
0 0.9486273187183792 0.6209999999999987 0.027350217779284404 0.022816188870151726 23-010798
0 0.5226273187183915 0.7317453625632392 0.020755129804137743 0.017807757166947824 23-017152
0 0.6842546374367647 0.8490000000000002 0.03704887656626476 0.033204047217537745 23-006782
0 0.463313659359194 0.8503136593591908 0.025604459197628115 0.02337268128161891 23-011399
0 0.26231365935920054 0.8689999999999998 0.28067918529520974 0.2537605396290051 23-000850
0 0.1551433389544688 0.5252951096121417 0.3102866779089376 0.9359190556492412 
0 0.8600337268128162 0.47470489038785835 0.026981450252951095 0.021922428330522766 
0 0.8558178752107926 0.38701517706576727 0.01854974704890388 0.021922428330522766 
0 0.836424957841484 0.0699831365935919 0.013490725126475547 0.01517706576728499 
0 0.35328836424957843 0.013490725126475547 0.025295109612141653 0.02023608768971332 
0 0.7959527824620574 0.7133220910623946 0.013490725126475547 0.016863406408094434 
0 0.8650927487352446 0.7403035413153457 0.023608768971332208 0.02023608768971332 
0 0.5640809443507588 0.9586846543001686 0.1467116357504216 0.08263069139966273 
0 0.5269814502529511 0.7563237774030354 0.021922428330522766 0.01517706576728499 
