0 0.5749999999999886 0.8670000000000009 0.07254596772661268 0.06381112984822934 23-003400
0 0.7129999999999939 0.8560000000000016 0.032587493524253844 0.029679595278246148 23-007991
0 0.6469999999999914 0.8299999999999983 0.03918258149940031 0.035615514333895405 23-006314
0 0.5819999999999936 0.7740000000000009 0.025604459197627924 0.023929173693086 23-011105
0 0.7930000000000064 0.7489999999999988 0.08534819732542653 0.07902192242833052 23-002874
0 0.4770000000000038 0.7190000000000012 0.04558369629880734 0.04006745362563246 23-005332
0 0.02199999999999136 0.7089999999999996 0.019785263925439805 0.018364249578414815 23-017368
0 0.09700000000000841 0.6090000000000018 0.027738164130763653 0.024300168634064027 23-010363
0 0.3894207142326105 0.5609999999999999 0.8567255713117431 0.8634907251264756 23-000096
0 0.8679999999999949 0.5509999999999984 0.034721198457389295 0.027453625632377694 23-008069
0 0.49500000000000455 0.5450000000000017 0.027738164130763663 0.023187183811129847 23-010591
0 0.76400000000001 0.5030000000000001 0.13636314254494294 0.13040472175379433 23-001836
0 0.27899999999999636 0.370000000000001 0.08961560719169792 0.07197301854974697 23-002944
0 0.9089999999999918 0.3670000000000009 0.15401470153724717 0.143575042158516 23-001633
0 0.5900000000000034 0.28800000000000026 0.024828566494669593 0.02003372681281618 23-013014
0 0.47499999999999437 0.1819999999999986 0.0397645010266192 0.03635750421585151 23-006170
0 0.20900000000000318 0.07303119730185481 0.25332896751592526 0.16066863406408055 23-001005
0 0.5200000000000102 0.016142495784148725 0.04054039372957772 0.03551349072512698 23-005922
0 0.836424957841484 0.4325463743676222 0.026981450252951095 0.02866779089376054 
0 0.9232715008431703 0.37436762225969644 0.01854974704890388 0.016863406408094434 
0 0.4839797639123103 0.47723440134907247 0.02023608768971332 0.016863406408094434 
0 0.6256323777403036 0.4890387858347386 0.016863406408094434 0.02023608768971332 
0 0.3844856661045531 0.42580101180438445 0.02023608768971332 0.01854974704890388 
0 0.0657672849915683 0.524451939291737 0.026981450252951095 0.023608768971332208 
0 0.545531197301855 0.3617200674536256 0.01517706576728499 0.01517706576728499 
