0 0.4821568296795994 0.8904704890387866 0.03115723102193893 0.029005059021922446 17-002724
0 0.5450590219224346 0.8680978077571657 0.05556909948064009 0.05075885328836424 17-000927
0 0.15690219224282942 0.8433726812816187 0.04965061682369386 0.04772344013490727 17-001029
0 0.3080590219224256 0.7286863406408097 0.027553394142577323 0.026475548060708246 17-005183
0 0.7787453625632433 0.6257841483979754 0.02470973061297552 0.026981450252951095 17-004416
0 0.04368634064081112 0.6233726812816198 0.026473123119699012 0.027487352445193947 17-003536
0 0.9163726812816155 0.18909780775716722 0.06528999378646426 0.06543001686340633 17-000725
0 0.47405902192242244 0.10537268128161925 0.030022143651990327 0.02782462057335582 17-003466
0 0.24774536256323743 0.03768634064081089 0.049066782724606385 0.045531197301854974 17-001179
0 0.2774030354131535 0.19477234401349075 0.021922428330522766 0.021922428330522766 
