0 0.19037268128163076 0.9789999999999992 0.04461383042010938 0.040067453625632375 23-005402
0 0.6003726812816272 0.9303726812816184 0.02987186906389931 0.026340640809443514 23-009255
0 0.773059021922429 0.886372681281618 0.03219954717277458 0.02801011804384488 23-008469
0 0.5560000000000116 0.8773136593591919 0.055476328261527326 0.05268128161888703 23-004183
0 0.3626863406407994 0.7650000000000006 0.025410486021888293 0.02263069139966276 23-011686
0 0.6673726812816061 0.7420000000000009 0.06168346988519473 0.054536256323777364 23-003919
0 0.5939999999999941 0.7070000000000007 0.1198754226070765 0.1016526138279932 23-002194
0 0.34899999999998954 0.6846863406408092 0.027738164130763663 0.024114671163574967 23-010392
0 0.5066863406408049 0.6486273187183822 0.025022539670409225 0.02133220910623942 23-012497
0 0.9010000000000105 0.6124704890387843 0.13558724984198453 0.08816188870151766 23-002251
0 0.4243726812816112 0.3962158516020231 0.02761932824906959 0.025092748735244703 23-013545
0 0.6506863406408103 0.3230000000000004 0.04073436690531725 0.036913996627318695 23-005993
0 0.5910000000000082 0.31400000000000006 0.03181160082129532 0.02708263069139957 23-008619
0 0.23900000000000432 0.23900000000000077 0.08379641191950969 0.07846543001686336 23-002920
0 0.789999999999992 0.22931365935919223 0.023858700615971538 0.021922428330522766 23-014238
0 0.08668634064081748 0.22231365935919079 0.03937655467513994 0.03376053962900503 23-006480
0 0.08699999999998909 0.16600000000000037 0.0347211984573892 0.030050590219224366 23-007614
0 0.07499999999998874 0.13599999999999923 0.03704887656626476 0.03227655986509282 23-006919
0 0.12100000000000932 0.13200000000000145 0.06808458468460175 0.05806070826306925 23-003607
0 0.7386172006745362 0.09274873524451943 0.02023608768971332 0.02023608768971332 
0 0.4780775716694773 0.08263069139966273 0.01854974704890388 0.016863406408094434 
0 0.6214165261382799 0.17875210792580098 0.01854974704890388 0.016863406408094434 
0 0.7436762225969646 0.8507588532883643 0.02023608768971332 0.01854974704890388 
0 0.3709949409780776 0.8355817875210793 0.023608768971332208 0.01854974704890388 
