0 0.3872158516020191 0.8863136593591923 0.024456339496388854 0.02630691399662731 17-005465
0 0.7913726812816155 0.7473726812816186 0.050301157479312936 0.04924114671163573 17-001143
0 0.4496863406408027 0.7253136593591909 0.05717838825553529 0.052782462057335604 17-000961
0 0.4305295109612114 0.6991568296795945 0.02780678525916399 0.023946037099494173 17-003946
0 0.7497453625632328 0.488313659359189 0.036370356676195745 0.03406408094435084 17-002183
0 0.5193726812816242 0.38915682967959586 0.030374822153335177 0.03086003372681274 17-003710
0 0.06852951096121673 0.3777841483979778 0.028181699279352403 0.02580101180438441 17-004929
0 0.6249021922428328 0.3221568296795957 0.026572410504457297 0.026981450252950904 17-004341
0 0.23268634064080396 0.1369409780775711 0.03652446040802422 0.03575042158516028 17-001849
0 0.17790893760539628 0.5649241146711637 0.021922428330522766 0.023608768971332208 
0 0.6281618887015177 0.08178752107925802 0.021922428330522766 0.021922428330522766 
