0 0.04531365935918763 0.10105902192242842 0.03607901068756661 0.031163575042158546 23-007177
0 0.22831365935918035 0.12537268128161877 0.04034642055383809 0.035615514333895454 23-006177
0 0.17405902192243938 0.2477453625632374 0.025022539670409225 0.02263069139966276 23-011950
0 0.7160000000000082 0.3210000000000015 0.29115373678514844 0.2656323777403036 23-000807
0 0.3193180396559633 0.31125463743676146 0.7024996872431194 0.6930232715008414 23-000114
0 0.7290000000000134 0.4795682967959523 0.16060978951239366 0.14042158516020234 23-001549
0 0.5209999999999866 0.5159999999999982 0.06905445056329972 0.06418212478920753 23-003466
0 0.7959999999999923 0.5300000000000011 0.02696227142780524 0.02337268128161891 23-010948
0 0.6870000000000118 0.5549999999999997 0.053730569679870846 0.04655986509274876 23-004500
0 0.08368634064080305 0.6753726812816195 0.023664727440232198 0.021517706576728485 23-013067
0 0.2036863406408076 0.7023726812816206 0.024246646967450703 0.02114671163575036 23-012883
0 0.39699999999999136 0.8140000000000001 0.06614485292720565 0.05954468802698136 23-003622
0 0.7626863406408051 0.9583136593591914 0.02870803000946172 0.023558178752107972 23-010456
0 0.9490000000000123 0.9630000000000009 0.03724284974200434 0.02930860033726793 23-007336
0 0.6899999999999977 0.9830000000000005 0.027932137306503294 0.022816188870151726 23-010871
