0 0.16105902192243426 0.011956155143339735 0.02870803000946162 0.02259359190556665 23-010299
0 0.4010590219224148 0.16600000000000037 0.2523591016372272 0.229274873524452 23-000964
0 0.48937268128160893 0.1740590219224288 0.0795290020532384 0.07178752107925805 23-003116
0 0.15674536256324345 0.23237268128161806 0.029095976360940978 0.0254131534569983 23-009606
0 0.4090590219224247 0.3219999999999992 0.028320083657982553 0.023187183811129847 23-010379
0 0.6553726812816056 0.3423726812816175 0.037630796093483555 0.03246205733558179 23-006793
0 0.05137268128162076 0.6209999999999987 0.027350217779284404 0.022816188870151726 23-010798
0 0.4773726812816085 0.7317453625632392 0.020755129804137743 0.017807757166947824 23-017152
0 0.31574536256323527 0.8490000000000002 0.03704887656626476 0.033204047217537745 23-006782
0 0.536686340640806 0.8503136593591908 0.025604459197628115 0.02337268128161891 23-011399
0 0.7376863406407994 0.8689999999999998 0.28067918529520974 0.2537605396290051 23-000850
0 0.8448566610455313 0.5252951096121417 0.3102866779089376 0.9359190556492412 
0 0.1399662731871838 0.47470489038785835 0.026981450252951095 0.021922428330522766 
0 0.14418212478920744 0.38701517706576727 0.01854974704890388 0.021922428330522766 
0 0.16357504215851604 0.0699831365935919 0.013490725126475547 0.01517706576728499 
0 0.6467116357504216 0.013490725126475547 0.025295109612141653 0.02023608768971332 
0 0.20404721753794264 0.7133220910623946 0.013490725126475547 0.016863406408094434 
0 0.13490725126475545 0.7403035413153457 0.023608768971332208 0.02023608768971332 
0 0.43591905564924116 0.9586846543001686 0.1467116357504216 0.08263069139966273 
0 0.47301854974704893 0.7563237774030354 0.021922428330522766 0.01517706576728499 
