0 0.9300000000000068 0.07400000000000162 0.029483922712420094 0.027082630691399667 23-009120
0 0.9679999999999893 0.2699999999999996 0.02230691521005468 0.02021922428330524 23-014376
0 0.19305902192241653 0.42437268128161826 0.020755129804137743 0.01854974704890388 23-016657
0 0.8686863406407996 0.4559999999999996 0.020949102979877423 0.0174367622259697 23-017210
0 0.03727119924233113 0.4800000000000005 0.08199663833312831 0.11853288364249587 23-001929
0 0.20405902192244063 0.5030000000000001 0.019979237101179416 0.01873524451939294 23-017167
0 0.9956611652058439 0.504999999999999 0.010388606867548207 0.01762225969645876 23-014712
0 0.39805902192242903 0.5229999999999997 0.022112942034315155 0.01873524451939294 23-015279
0 0.5763726812816263 0.553118043844856 0.046941508528984655 0.040252951096121425 23-005271
0 0.4147453625632248 0.6131180438448582 0.03181160082129532 0.028937605396289996 23-008296
0 0.2206863406408035 0.6063726812816205 0.020949102979877374 0.017065767284991575 23-017455
0 0.32768634064080293 0.7000590219224286 0.022500888385794223 0.020775716694772236 23-013928
0 0.9266863406408208 0.70405902192243 0.03375133257869143 0.030978077571669677 23-007622
0 0.7956863406408206 0.7187453625632375 0.021531022507096265 0.01854974704890388 23-016027
0 0.9630590219224268 0.754999999999999 0.027932137306503246 0.022816188870151726 23-010669
0 0.5076863406408096 0.8876863406408088 0.020755129804137743 0.01854974704890388 23-016537
0 0.8283726812816075 0.8993726812816196 0.05896784542484019 0.051753794266441916 23-004107
0 0.6812816188870152 0.39376053962900504 0.023608768971332208 0.021922428330522766 
0 0.5784148397976392 0.22259696458684655 0.023608768971332208 0.023608768971332208 
0 0.6096121416526139 0.2133220910623946 0.021922428330522766 0.01854974704890388 
0 0.23777403035413158 0.9679595278246206 0.15851602023608768 0.06408094435075885 
