0 0.4970000000000141 0.16600000000000037 0.055476328261527326 0.05119730185497468 23-004233
0 0.3199999999999932 0.19000000000000128 0.021143076155617006 0.01854974704890388 23-016261
0 0.11062916559090759 0.48485666104553127 0.028320083657982456 0.025227655986509143 23-009909
0 0.9807210273964652 0.513760539629005 0.03518526392545073 0.0348735244519394 23-006365
0 0.6262833046209424 0.8145109612141652 0.022306915210054592 0.02021922428330524 23-014302
0 0.578000000000003 0.9294569983136604 0.24576401366208075 0.15519460370994737 23-001021
0 0.8684819383733311 0.9610118043844856 0.11463814686210695 0.07123102866779091 23-002703
0 0.6999999999999886 0.9767099494097802 0.11095265652305465 0.05123811129848377 23-002356
0 0.21600000000000819 0.9919772344013496 0.02928994953668051 0.017650084317030884 23-009840
0 0.224283305227656 0.9097807757166948 0.4350758853288364 0.18043844856661045 
0 0.28330522765598654 0.12225969645868466 0.023608768971332208 0.01854974704890388 
