0 0.637489261222922 0.030443423271501135 0.09116739259761478 0.06052967959527766 23-002718
0 0.5243453632912942 0.06064080944350759 0.026768298252065514 0.02374367622259696 23-010876
0 0.36722472393240657 0.08799325463743676 0.026186378724846814 0.02300168634064081 23-011312
0 0.3306477314209706 0.10026138279932546 0.023858700615971444 0.02207419898819561 23-012508
0 0.5421690461655136 0.1498735244519393 0.05567030143726676 0.051011804384485666 23-004245
0 0.45699999999999363 0.14699999999999847 0.025022539670409225 0.022259696458684634 23-012199
0 0.313634050424785 0.3131787521079258 0.03704887656626476 0.034688026981450334 23-006625
0 0.016640450538384477 0.3284907251264756 0.019790175950293382 0.024300168634064027 23-010812
0 0.8573679308807358 0.32677065767284985 0.025022539670409176 0.01762225969645876 23-014686
0 0.5175030141401866 0.3405733558178752 0.026574325076326073 0.023743676222597033 23-010833
0 0.6337853810619927 0.3922175379426644 0.03316941305147263 0.028381112984823004 23-008225
0 0.27000000000001023 0.4250000000000007 0.027738164130763663 0.024114671163574967 23-010423
0 0.04599999999999238 0.49399999999999983 0.08864574131299986 0.0777234401349073 23-002829
0 0.12439167165584675 0.5061129848229342 0.026186378724847005 0.023187183811129847 23-011262
0 0.7778189609990825 0.5478836424957843 0.024440620143190334 0.020590219224283175 23-012986
0 0.4170000000000016 0.6660000000000004 0.3161762764555577 0.29215851602023607 23-000726
0 0.8387422050384861 0.6759999999999984 0.3547671489153308 0.35763912310286683 23-000548
0 0.011053570026899662 0.7669999999999995 0.02431785405917919 0.02671163575042164 23-008919
0 0.742999999999995 0.8530000000000015 0.03898860832366077 0.03654300168634057 23-006226
0 0.9300000000000068 0.8709999999999988 0.12394885929760814 0.11037099494097806 23-002079
0 0.230185497470489 0.2596964586846543 0.025295109612141653 0.02023608768971332 
0 0.18212478920741992 0.7967959527824621 0.3642495784148398 0.40640809443507586 
