0 0.08400000000000318 0.3030000000000008 0.10746113935974169 0.086256323777403 23-002489
0 0.09000000000000341 0.3634317032040476 0.02017321027691902 0.019106239460370968 23-016612
0 0.14400000000000546 0.48937268128161954 0.03957052785087962 0.032091062394603666 23-006713
0 0.3950000000000103 0.5440000000000005 0.45603093616381357 0.3982630691399664 23-000444
0 0.28899999999998727 0.5980590219224283 0.025798432373367552 0.023929173693086097 23-011120
0 0.02400000000000091 0.6509999999999998 0.024052673791711134 0.018178752107925945 23-014645
0 0.09399999999999409 0.7260590219224284 0.15886403093073725 0.14079258010118045 23-001650
0 0.15000000000000568 0.8309999999999994 0.1685626897177175 0.14654300168634068 23-001530
0 0.08862731871839408 0.86105902192243 0.02172499568283587 0.017993254637436885 23-016257
0 0.2996273187183784 0.8988431703204044 0.02366472744023191 0.01967959527824633 23-014951
0 0.3111298482293423 0.31871838111298484 0.03204047217537943 0.026981450252951095 
0 0.7116357504215851 0.2411467116357504 0.02023608768971332 0.02023608768971332 
0 0.9097807757166948 0.00927487352445194 0.03204047217537943 0.01854974704890388 
0 0.6922428330522765 0.5370994940978078 0.021922428330522766 0.021922428330522766 
0 0.5345699831365935 0.7993254637436762 0.02023608768971332 0.016863406408094434 
