0 0.06594097807756963 0.013220910623946818 0.03200557399703498 0.02537605396290223 23-008262
0 0.8741925383793852 0.09384485666104588 0.27677641556535243 0.20645868465430095 23-000667
0 0.4499409780775842 0.15437268128161868 0.020755129804137743 0.01854974704890388 23-016697
0 0.7869409780775733 0.2890000000000015 0.03375133257869143 0.028381112984823004 23-007996
0 0.2779999999999916 0.3279999999999994 0.026380351900586442 0.024485666104553088 23-010734
0 0.42699999999999244 0.38700000000000045 0.35089747491294704 0.3218381112984823 23-000644
0 0.06562731871836952 0.40700000000000003 0.048493293934901475 0.04470489038785833 23-004879
0 0.6999409780775843 0.5343726812816177 0.027350217779284404 0.022816188870151726 23-011130
0 0.043000000000006366 0.565999999999999 0.04713548170472424 0.041365935919055796 23-005161
0 0.821313659359198 0.599372681281619 0.024052673791711072 0.020404721753794115 23-013309
0 0.5029999999999859 0.6897293423271493 1.0819823742755215 0.6825954468802716 23-000080
0 0.9841679704057373 0.7089999999999996 0.034830465107377764 0.033389544688026906 23-006841
0 0.6356273187183911 0.7745295109612126 0.022888834737273486 0.021720067453625626 23-014157
0 0.19331365935918374 0.7860000000000014 0.030647761766857733 0.025227655986509143 23-009348
0 0.8919868018128988 0.8979932546374367 0.027156244603544773 0.021888701517706607 23-011183
0 0.6964586846543002 0.7715008431703204 0.023608768971332208 0.01854974704890388 
