0 0.8516273187183709 0.8066863406408091 0.03375133257869143 0.024856661045531213 23-008657
0 0.5786273187183747 0.8033726812816195 0.05470043555856881 0.04934232715008435 23-004336
0 0.7147841483979704 0.7864704890387872 0.02185955091772849 0.020607082630691397 23-016889
0 0.8030978077571644 0.7160000000000011 0.038541244031334576 0.03657672849915682 23-006801
0 0.9203136593591876 0.7100000000000009 0.023276781088752935 0.021703204047217546 23-013203
0 0.334627318718375 0.6883726812816175 0.024246646967450703 0.020404721753794305 23-013144
0 0.2506273187183718 0.5973136593591908 0.026574325076325976 0.024300168634064027 23-010737
0 0.35062731871839453 0.585686340640809 0.020173210276919044 0.017807757166947727 23-017502
0 0.570999999999998 0.5476273187183796 0.031617627645555695 0.027453625632377694 23-008576
0 0.9076273187183825 0.5476863406408088 0.035497091160348104 0.028937605396289996 23-007728
0 0.24199999999999022 0.48694097807757253 0.021724995682835896 0.018178752107925945 23-016073
0 0.9233320452930478 0.3979999999999997 0.16866950035529454 0.28344013490725134 23-000739
0 0.4696273187183943 0.38105902192242946 0.0304537885911181 0.025227655986509143 23-009261
0 0.7183136593591894 0.30125463743676206 0.029483922712420143 0.02708263069139957 23-009191
0 0.8568923135356564 0.2970000000000006 0.3148369102215556 0.2845531197301855 23-000735
0 0.7616273187183674 0.13025463743676258 0.03491517163312902 0.03264755480607085 23-007144
0 0.23099999999999454 0.13299999999999912 0.22500888385794282 0.20274873524451942 23-001101
