0 0.7792546374367636 0.9690000000000012 0.021918968858575524 0.017993254637436767 23-015932
0 0.1259409780775719 0.9499409780775699 0.03278146669999338 0.028195615514333895 23-008300
0 0.6659999999999968 0.9352310286677903 0.1691446092449364 0.14249173693086128 23-001528
0 0.926254637436755 0.8769999999999989 0.03025981541537847 0.02801011804384488 23-008785
0 0.9093136593591921 0.847999999999999 0.021337049331356633 0.017807757166947727 23-016497
0 0.7040000000000077 0.7519999999999989 0.06071360400649657 0.05602023608768976 23-003907
0 0.01931365935917714 0.7206273187183814 0.02618637872484679 0.02114671163575036 23-012190
0 0.39300000000000074 0.7109999999999985 0.631964606559636 0.5806070826306913 23-000247
0 0.7690000000000055 0.5040000000000013 0.020949102979877374 0.018364249578414815 23-016819
0 0.009832029594262383 0.28999999999999915 0.021630465107377247 0.030050590219224366 23-007314
0 0.06068358387693565 0.12900000000000122 0.13350388452925843 0.20219224283305243 23-001128
0 0.6430000000000007 0.03399999999999892 0.04015244737809846 0.014283305227656033 23-010659
0 0.7335581787521079 0.26559865092748736 0.5328836424957841 0.5311973018549747 
