0 0.04200000000000159 0.047999999999998266 0.058773872249100655 0.05397976391231028 23-004033
0 0.29699999999999704 0.11700000000000088 0.03782476926922309 0.0348735244519393 23-006497
0 0.28299999999998704 0.1819999999999986 0.03646695703904587 0.03042158516020235 23-007173
0 0.4155466829886616 0.31001686340640805 0.025022539670409225 0.020775716694772427 23-012792
0 0.126174998884526 0.40867622259696457 0.026380351900586636 0.0224451939291737 23-011406
0 0.8549999999999898 0.4869999999999984 0.10629730030530406 0.09404721753794264 23-002408
0 0.26352263419922506 0.5034654300168634 0.021143076155617006 0.018364249578414815 23-016569
0 0.6229999999999905 0.5509999999999984 0.03607901068756671 0.03264755480607085 23-006979
0 0.7619365873895289 0.5982964586846551 0.47612682522094224 0.6651271500843153 23-000191
0 0.8501000667311263 0.8351180438448566 0.02735021777928445 0.019477234401349186 23-012760
0 0.5097467575792807 0.8443423271500842 0.07177007502365415 0.06510961214165283 23-003390
0 0.31076202143571374 0.8564080944350758 0.027932137306503294 0.024114671163575158 23-010425
0 0.28999999999999204 0.8616652613827995 0.550689845924741 0.3043364249578411 23-000331
0 0.20437841641725318 0.8759443507588534 0.05799797954614214 0.05249578414839778 23-004108
0 0.9679595278246206 0.5084317032040472 0.026981450252951095 0.025295109612141653 
0 0.8996627318718381 0.2327150084317032 0.021922428330522766 0.02023608768971332 
