0 0.47900000000001347 0.04299999999999926 0.021724995682835896 0.018735244519392916 23-015665
0 0.7333136593592042 0.0613136593591894 0.03763079609348346 0.03413153456998313 23-006635
0 0.507000000000005 0.08699999999999974 0.09446493658518801 0.08198988195615516 23-002690
0 0.12899999999999068 0.11199999999999832 0.04985110616507872 0.045632377740303556 23-004738
0 0.6519999999999868 0.15399999999999991 0.10280578314199114 0.09349072512647555 23-002442
0 0.3669999999999902 0.2579999999999991 0.030841734942597364 0.028381112984823004 23-008587
0 0.5190000000000055 0.39000000000000057 0.5797858222856818 0.5227318718381113 23-000295
0 0.027627318718387025 0.5079999999999991 0.03297543987573301 0.02930860033726812 23-007984
0 0.10031365935919442 0.5406863406408109 0.03161762764555578 0.025227655986509143 23-009252
0 0.8582546374367713 0.5429999999999993 0.020755129804137743 0.017807757166947824 23-017537
0 0.5563136593591833 0.5603136593591918 0.022306915210054592 0.017065767284991575 23-016766
0 0.7663136593591913 0.593 0.048493293934901406 0.04062394603709955 23-005131
0 0.6150000000000091 0.6640000000000015 0.032781466699993475 0.02930860033726812 23-008046
0 0.3230000000000075 0.6729999999999983 0.3652514899176781 0.33408094435075886 23-000594
0 0.7936273187183782 0.7286863406408097 0.024634593318929962 0.021888701517706607 23-012268
0 0.03348325446072273 0.7289999999999992 0.07366315981359 0.09311973018549732 23-002496
0 0.22362731871838498 0.7436863406408104 0.030453788591118174 0.025969645868465393 23-009203
0 0.09031365935920352 0.7736273187183821 0.02191896885857548 0.018364249578414815 23-015830
0 0.7253136593591943 0.8462546374367638 0.08321449239229099 0.0747554806070827 23-003012
0 0.7193136593591942 0.8850000000000017 0.021724995682835896 0.017993254637436885 23-016299
0 0.5050590219224284 0.8313659359190556 0.02866779089376054 0.023608768971332208 
0 0.08768971332209106 0.9502529510961214 0.03035413153456998 0.021922428330522766 
0 0.8760539629005059 0.5885328836424958 0.01854974704890388 0.02023608768971332 
0 0.9932546374367622 0.8086003372681282 0.013490725126475547 0.01517706576728499 
