0 0.6127841483979809 0.8863136593591923 0.024456339496388854 0.02630691399662731 17-005465
0 0.2086273187183844 0.7473726812816186 0.050301157479312936 0.04924114671163573 17-001143
0 0.5503136593591973 0.7253136593591909 0.05717838825553529 0.052782462057335604 17-000961
0 0.5694704890387886 0.6991568296795945 0.02780678525916399 0.023946037099494173 17-003946
0 0.25025463743676724 0.488313659359189 0.036370356676195745 0.03406408094435084 17-002183
0 0.4806273187183758 0.38915682967959586 0.030374822153335177 0.03086003372681274 17-003710
0 0.9314704890387833 0.3777841483979778 0.028181699279352403 0.02580101180438441 17-004929
0 0.37509780775716717 0.3221568296795957 0.026572410504457297 0.026981450252950904 17-004341
0 0.767313659359196 0.1369409780775711 0.03652446040802422 0.03575042158516028 17-001849
0 0.8220910623946037 0.5649241146711637 0.021922428330522766 0.023608768971332208 
0 0.3718381112984823 0.08178752107925802 0.021922428330522766 0.021922428330522766 
