0 0.76400000000001 0.015755480607082074 0.0727399409023523 0.034662057335580566 23-003380
0 0.33099999999998886 0.038000000000000256 0.0304537885911181 0.0248566610455312 23-009373
0 0.22900000000001342 0.08399999999999963 0.024634593318929962 0.02225969645868466 23-012310
0 0.3414952989124589 0.17980607082630692 0.04888124028638067 0.04173693086003373 23-005000
0 0.06255446771061353 0.24629848229342324 0.040152447378098415 0.03691399662731879 23-006076
0 0.46399999999999864 0.3619999999999983 0.07545556536270674 0.06696458684654297 23-003286
0 0.9155580021372082 0.4215935919055649 0.023858700615971444 0.02021922428330524 23-013716
0 0.3502083724675426 0.4487605396290051 0.021337049331356633 0.01984822934232712 23-015260
0 0.4519999999999982 0.5390000000000015 0.025410486021888484 0.022630691399662662 23-011728
0 0.5047260933071441 0.6338448566610454 0.03607901068756661 0.030792580101180616 23-007237
0 0.056000000000011596 0.6690000000000005 0.028320083657982456 0.02578414839797633 23-009819
0 0.4530000000000029 0.6780000000000008 0.021918968858575333 0.018920741989882 23-015505
0 0.6405499224503763 0.6875548060708263 0.020755129804137743 0.017807757166947824 23-017316
0 0.4170000000000016 0.8649999999999983 0.026380351900586442 0.023558178752107972 23-011152
0 0.9918722110391398 0.8810000000000002 0.017881135713892198 0.018364249578414624 23-013316
0 0.5741989881956155 0.28077571669477236 0.02866779089376054 0.01854974704890388 
0 0.6686340640809444 0.5978077571669477 0.025295109612141653 0.02866779089376054 
0 0.6745362563237775 0.8659359190556493 0.026981450252951095 0.021922428330522766 
