0 0.4029999999999916 0.9740000000000002 0.030841734942597364 0.024485666104553126 23-009513
0 0.2709999999999866 0.9239999999999995 0.03375133257869143 0.0315345699831366 23-007462
0 0.2990000000000066 0.879999999999999 0.03258749352425375 0.02949409780775718 23-008055
0 0.28999999999999204 0.8520000000000003 0.03200557399703495 0.02782462057335582 23-008449
0 0.2510000000000048 0.815999999999999 0.026380351900586442 0.022074198988195622 23-011529
0 0.9811702031443071 0.7439999999999998 0.04142555308252442 0.0448903878583474 23-004795
0 0.9730000000000131 0.6290000000000013 0.021337049331356633 0.016694772344013453 23-017533
0 0.9499999999999887 0.6000000000000014 0.022500888385794032 0.017993254637436788 23-016291
0 0.8959999999999866 0.3960000000000008 0.1012539977360743 0.09274873524451939 23-002481
0 0.10499999999998977 0.37637268128161994 0.027350217779284414 0.025042158516020083 23-010243
0 0.47694097807757097 0.321568296795951 0.022306915210054786 0.01966273187183825 23-014745
0 0.8286273187183747 0.3213726812816202 0.029871869063899402 0.025969645868465393 23-009294
0 0.11899999999999977 0.2493136593591917 0.024828566494669545 0.022816188870151726 23-011889
0 0.483940978077576 0.23325463743676067 0.03918258149940031 0.03583473861720068 23-006673
0 0.16499999999999204 0.21662731871838004 0.02114307615561705 0.017993254637436885 23-016711
0 0.40100000000001046 0.15700000000000003 0.3778597463407524 0.33575042158516016 23-000580
0 0.7849409780775637 0.1542158516020221 0.029871869063899402 0.02954468802698161 23-009784
0 0.01936829982194587 0.10500000000000032 0.042610259608280916 0.07661045531197302 23-002977
0 0.242999999999995 0.06931365935919198 0.02405267379171117 0.02003372681281637 23-013550
0 0.03092298621812572 0.0406155143338951 0.06803056967987657 0.08935413153456896 23-002475
0 0.6570000000000107 0.019999999999999685 0.021531022507096265 0.019291736930860125 23-015453
0 0.1475548060708263 0.7715008431703204 0.2951096121416526 0.45699831365935917 
0 0.6610455311973018 0.06155143338954472 0.02023608768971332 0.021922428330522766 
0 0.6222596964586846 0.924114671163575 0.02023608768971332 0.02023608768971332 
0 0.6163575042158516 0.36677908937605397 0.01854974704890388 0.01854974704890388 
