0 0.9340590219224304 0.013220910623946818 0.03200557399703498 0.02537605396290223 23-008262
0 0.12580746162061485 0.09384485666104588 0.27677641556535243 0.20645868465430095 23-000667
0 0.5500590219224157 0.15437268128161868 0.020755129804137743 0.01854974704890388 23-016697
0 0.21305902192242665 0.2890000000000015 0.03375133257869143 0.028381112984823004 23-007996
0 0.7220000000000084 0.3279999999999994 0.026380351900586442 0.024485666104553088 23-010734
0 0.5730000000000075 0.38700000000000045 0.35089747491294704 0.3218381112984823 23-000644
0 0.9343726812816304 0.40700000000000003 0.048493293934901475 0.04470489038785833 23-004879
0 0.30005902192241574 0.5343726812816177 0.027350217779284404 0.022816188870151726 23-011130
0 0.9569999999999936 0.565999999999999 0.04713548170472424 0.041365935919055796 23-005161
0 0.17868634064080202 0.599372681281619 0.024052673791711072 0.020404721753794115 23-013309
0 0.4970000000000141 0.6897293423271493 1.0819823742755215 0.6825954468802716 23-000080
0 0.015832029594262664 0.7089999999999996 0.034830465107377764 0.033389544688026906 23-006841
0 0.36437268128160893 0.7745295109612126 0.022888834737273486 0.021720067453625626 23-014157
0 0.8066863406408162 0.7860000000000014 0.030647761766857733 0.025227655986509143 23-009348
0 0.1080131981871012 0.8979932546374367 0.027156244603544773 0.021888701517706607 23-011183
0 0.30354131534569984 0.7715008431703204 0.023608768971332208 0.01854974704890388 
