0 0.7239409780775709 0.7368431703204054 0.027729733393249748 0.027487352445193854 17-004256
0 0.4946273187183858 0.7243726812816189 0.03476106790130054 0.03355817875210789 17-002087
0 0.24215682967959026 0.5530000000000008 0.0338245553008684 0.02934232715008428 17-002938
0 0.30278414839797857 0.4260590219224277 0.02763044600849156 0.028330522765598765 17-004115
0 0.17415682967959242 0.3691568296795963 0.02055464046275293 0.02158516020236099 17-005513
0 0.7051568296795984 0.22494097807757207 0.03080455252059427 0.03187183811129844 17-002995
0 0.06894097807756974 0.1983726812816191 0.025062409114320276 0.02580101180438441 17-004224
0 0.03247048903878243 0.18521585160202447 0.0387398188008508 0.03743676222596972 17-001822
0 0.5993136593591897 0.04794097807757258 0.02596634088652587 0.026981450252951095 17-005273
0 0.9232715008431703 0.36424957841483985 0.021922428330522766 0.023608768971332208 
0 0.07588532883642496 0.1205733558178752 0.02023608768971332 0.021922428330522766 
