0 0.5263726812816151 0.19231365935918962 0.03297543987573291 0.02949409780775718 23-007987
0 0.5810590219224218 0.24399999999999977 0.02230691521005469 0.017622259696458666 23-016130
0 0.7486863406408235 0.26837268128161945 0.02094910297987747 0.01762225969645876 23-017234
0 0.6764317032040537 0.33500000000000085 0.020173210276919044 0.01762225969645876 23-017480
0 0.09931365935918968 0.40231365935919045 0.024440620143190334 0.023187183811129847 23-011867
0 0.7714317032040524 0.4093136593591919 0.023082807913013113 0.019662731871838153 23-014181
0 0.31937268128162144 0.4873726812816206 0.07060623596921656 0.06214165261382803 23-003471
0 0.5440590219224156 0.48768634064081007 0.023664727440231813 0.02114671163575036 23-013276
0 0.5166863406407958 0.4906863406408102 0.024828566494669593 0.021517706576728485 23-012565
0 0.4153726812816251 0.5233726812816184 0.024246646967450703 0.020775716694772236 23-013040
0 0.5446863406408158 0.5246863406408092 0.023082807913013113 0.02003372681281618 23-014024
0 0.020485273230937406 0.5589409780775718 0.026517854059158377 0.027268128161888634 23-008717
0 0.3993726812816054 0.5996863406408084 0.06789061150886212 0.06177065767284991 23-003540
0 0.7377453625632323 0.6260000000000012 0.03181160082129532 0.028752107925801126 23-008369
0 0.5383726812816154 0.7216863406408084 0.025992405549107183 0.021888701517706607 23-012013
0 0.6360590219224286 0.7263726812816179 0.07758927029584238 0.06919055649241161 23-003179
0 0.16337268128161542 0.7846863406408107 0.06983034326625805 0.06399662731871845 23-003447
0 0.03837268128161542 0.8296863406408088 0.0223069152100544 0.016880269814502514 23-017042
0 0.18805902192242108 0.8410000000000011 0.025410486021888293 0.022816188870151726 23-011588
0 0.8000590219224158 0.854372681281618 0.028902003185201326 0.025969645868465487 23-009502
0 0.46137268128161724 0.92368634064081 0.02870803000946162 0.02207419898819586 23-010636
0 0.507000000000005 0.928967116357504 0.3532251530218222 0.15627234401349135 23-000689
0 0.7760000000000105 0.9459747048903874 0.2199655812887131 0.1188556492411473 23-001142
0 0.3079999999999927 0.9622647554806077 0.11754774449820111 0.08301753794266278 23-002189
