0 0.8667453625632372 0.03300000000000125 0.036017678174851034 0.036762225969645866 17-002240
0 0.6962158516020167 0.08247048903878669 0.04583785986543328 0.041483979763912326 17-001783
0 0.813999999999993 0.13615682967959572 0.03745062769907386 0.0360876897133221 17-002557
0 0.7416863406408043 0.1893136593591895 0.03621625294436726 0.033895446880269804 17-002734
0 0.7620590219224334 0.3181568296795943 0.06363623397388132 0.07487352445193925 17-000754
0 0.5790590219224264 0.39000000000000057 0.06017615551696557 0.05834738617200669 17-000840
0 0.7373726812816135 0.40500000000000114 0.028214280107578944 0.033389544688027004 17-002946
0 0.8313726812816218 0.41215682967959555 0.030154011864975055 0.029173693086003392 17-002324
0 0.6490590219224338 0.6409999999999982 0.026671697889215383 0.028161888701517784 17-004716
0 0.5832158516020172 0.6646273187183804 0.023376068473510883 0.023608768971332208 17-004529
0 0.9545295109612123 0.7907841483979782 0.07614597546223692 0.0731871838111298 17-000590
