0 0.14837268128162906 0.19331365935919084 0.03375133257869143 0.024856661045531213 23-008657
0 0.4213726812816253 0.1966273187183804 0.05470043555856881 0.04934232715008435 23-004336
0 0.28521585160202956 0.2135295109612127 0.02185955091772849 0.020607082630691397 23-016889
0 0.19690219224283556 0.2839999999999989 0.038541244031334576 0.03657672849915682 23-006801
0 0.07968634064081237 0.28999999999999915 0.023276781088752935 0.021703204047217546 23-013203
0 0.665372681281625 0.3116273187183824 0.024246646967450703 0.020404721753794305 23-013144
0 0.7493726812816282 0.40268634064080927 0.026574325076325976 0.024300168634064027 23-010737
0 0.6493726812816054 0.4143136593591909 0.020173210276919044 0.017807757166947727 23-017502
0 0.42900000000000205 0.4523726812816205 0.031617627645555695 0.027453625632377694 23-008576
0 0.09237268128161746 0.4523136593591912 0.035497091160348104 0.028937605396289996 23-007728
0 0.7580000000000098 0.5130590219224275 0.021724995682835896 0.018178752107925945 23-016073
0 0.0766679547069522 0.6020000000000003 0.16866950035529454 0.28344013490725134 23-000739
0 0.5303726812816056 0.6189409780775705 0.0304537885911181 0.025227655986509143 23-009261
0 0.28168634064081055 0.6987453625632379 0.029483922712420143 0.02708263069139957 23-009191
0 0.14310768646434358 0.7029999999999994 0.3148369102215556 0.2845531197301855 23-000735
0 0.23837268128163258 0.8697453625632374 0.03491517163312902 0.03264755480607085 23-007144
0 0.7690000000000055 0.8670000000000009 0.22500888385794282 0.20274873524451942 23-001101
