0 0.9300000000000068 0.9259999999999984 0.029483922712420094 0.027082630691399667 23-009120
0 0.9679999999999893 0.7300000000000004 0.02230691521005468 0.02021922428330524 23-014376
0 0.19305902192241653 0.5756273187183818 0.020755129804137743 0.01854974704890388 23-016657
0 0.8686863406407996 0.5440000000000005 0.020949102979877423 0.0174367622259697 23-017210
0 0.03727119924233113 0.5199999999999996 0.08199663833312831 0.11853288364249587 23-001929
0 0.20405902192244063 0.4969999999999999 0.019979237101179416 0.01873524451939294 23-017167
0 0.9956611652058439 0.495000000000001 0.010388606867548207 0.01762225969645876 23-014712
0 0.39805902192242903 0.4770000000000003 0.022112942034315155 0.01873524451939294 23-015279
0 0.5763726812816263 0.44688195615514403 0.046941508528984655 0.040252951096121425 23-005271
0 0.4147453625632248 0.38688195615514176 0.03181160082129532 0.028937605396289996 23-008296
0 0.2206863406408035 0.3936273187183795 0.020949102979877374 0.017065767284991575 23-017455
0 0.32768634064080293 0.29994097807757136 0.022500888385794223 0.020775716694772236 23-013928
0 0.9266863406408208 0.29594097807757 0.03375133257869143 0.030978077571669677 23-007622
0 0.7956863406408206 0.2812546374367625 0.021531022507096265 0.01854974704890388 23-016027
0 0.9630590219224268 0.245000000000001 0.027932137306503246 0.022816188870151726 23-010669
0 0.5076863406408096 0.11231365935919124 0.020755129804137743 0.01854974704890388 23-016537
0 0.8283726812816075 0.10062731871838038 0.05896784542484019 0.051753794266441916 23-004107
0 0.6812816188870152 0.606239460370995 0.023608768971332208 0.021922428330522766 
0 0.5784148397976392 0.7774030354131535 0.023608768971332208 0.023608768971332208 
0 0.6096121416526139 0.7866779089376054 0.021922428330522766 0.01854974704890388 
0 0.23777403035413158 0.03204047217537942 0.15851602023608768 0.06408094435075885 
