0 0.1332546374367628 0.9669999999999987 0.036017678174851034 0.036762225969645866 17-002240
0 0.3037841483979833 0.9175295109612133 0.04583785986543328 0.041483979763912326 17-001783
0 0.18600000000000705 0.8638431703204043 0.03745062769907386 0.0360876897133221 17-002557
0 0.25831365935919565 0.8106863406408105 0.03621625294436726 0.033895446880269804 17-002734
0 0.23794097807756667 0.6818431703204058 0.06363623397388132 0.07487352445193925 17-000754
0 0.4209409780775736 0.6099999999999994 0.06017615551696557 0.05834738617200669 17-000840
0 0.26262731871838646 0.5949999999999989 0.028214280107578944 0.033389544688027004 17-002946
0 0.16862731871837816 0.5878431703204045 0.030154011864975055 0.029173693086003392 17-002324
0 0.3509409780775662 0.35900000000000176 0.026671697889215383 0.028161888701517784 17-004716
0 0.41678414839798283 0.33537268128161957 0.023376068473510883 0.023608768971332208 17-004529
0 0.045470489038787656 0.20921585160202183 0.07614597546223692 0.0731871838111298 17-000590
