0 0.6270590219224424 0.2016273187183794 0.024246646967450703 0.020404721753794257 23-013089
0 0.8523726812816084 0.3173136593591896 0.026186378724846814 0.01762225969645876 23-013421
0 0.9759999999999991 0.3536863406408098 0.02017321027691901 0.018364249578414815 23-017276
0 0.8676863406408233 0.47437268128161897 0.02114307615561705 0.017993254637436694 23-016841
0 0.43468634064080214 0.509372681281619 0.020949102979877374 0.017065767284991575 23-017015
0 0.4366863406408117 0.5296863406408082 0.026768298252065705 0.024671163575041958 23-010541
0 0.25200000000000955 0.5643726812816188 0.021918968858575524 0.017993254637436885 23-016503
0 0.5480590219224347 0.6280590219224295 0.10532743442660596 0.0977571669477233 23-002384
0 0.262745362563238 0.6329999999999991 0.03181160082129532 0.02930860033726812 23-008205
0 0.7166863406408128 0.6613136593591908 0.026380351900586442 0.02337268128161891 23-011020
0 0.5696863406408215 0.6660000000000004 0.08302051921655136 0.06492411467116357 23-003162
0 0.5723726812816072 0.73168634064081 0.1416004182899123 0.12075885328836408 23-001941
0 0.5990590219224224 0.8109999999999999 0.15091113072541334 0.12966273187183808 23-001798
0 0.8777453625632471 0.8166273187183813 0.03821271562070235 0.029679595278246245 23-007011
0 0.6169999999999902 0.8760000000000012 0.07448569948400868 0.060472175379426764 23-003388
0 0.6246863406407999 0.8997453625632384 0.030065842239638936 0.027268128161888824 23-008958
0 0.5049999999999955 0.9262934232715003 0.2069693785141595 0.1621544688026994 23-001205
