0 0.8516273187183709 0.19331365935919084 0.03375133257869143 0.024856661045531213 23-008657
0 0.5786273187183747 0.1966273187183804 0.05470043555856881 0.04934232715008435 23-004336
0 0.7147841483979704 0.2135295109612127 0.02185955091772849 0.020607082630691397 23-016889
0 0.8030978077571644 0.2839999999999989 0.038541244031334576 0.03657672849915682 23-006801
0 0.9203136593591876 0.28999999999999915 0.023276781088752935 0.021703204047217546 23-013203
0 0.334627318718375 0.3116273187183824 0.024246646967450703 0.020404721753794305 23-013144
0 0.2506273187183718 0.40268634064080927 0.026574325076325976 0.024300168634064027 23-010737
0 0.35062731871839453 0.4143136593591909 0.020173210276919044 0.017807757166947727 23-017502
0 0.570999999999998 0.4523726812816205 0.031617627645555695 0.027453625632377694 23-008576
0 0.9076273187183825 0.4523136593591912 0.035497091160348104 0.028937605396289996 23-007728
0 0.24199999999999022 0.5130590219224275 0.021724995682835896 0.018178752107925945 23-016073
0 0.9233320452930478 0.6020000000000003 0.16866950035529454 0.28344013490725134 23-000739
0 0.4696273187183943 0.6189409780775705 0.0304537885911181 0.025227655986509143 23-009261
0 0.7183136593591894 0.6987453625632379 0.029483922712420143 0.02708263069139957 23-009191
0 0.8568923135356564 0.7029999999999994 0.3148369102215556 0.2845531197301855 23-000735
0 0.7616273187183674 0.8697453625632374 0.03491517163312902 0.03264755480607085 23-007144
0 0.23099999999999454 0.8670000000000009 0.22500888385794282 0.20274873524451942 23-001101
