0 0.8175187031474981 0.02586003372681282 0.020949102979877374 0.019106239460370992 23-016202
0 0.2923284397998255 0.11553119730185499 0.025798432373367552 0.021888701517706572 23-011803
0 0.48342096822658215 0.2494013490725127 0.577846090528286 0.4988026981450254 23-000308
0 0.14500000000001023 0.35999999999999943 0.02870803000946167 0.024300168634064027 23-010156
0 0.9809241104367997 0.379999999999999 0.041966957039041 0.06789207419898828 23-003312
0 0.5905136435188619 0.4828667790893761 0.04325601818993216 0.03932546374367612 23-005570
0 0.22026315653734563 0.6051096121416526 0.021531022507096265 0.0174367622259697 23-017173
0 0.9042385505908912 0.690185497470489 0.02288883473727329 0.019291736930860125 23-014596
0 0.8100000000000023 0.6879999999999988 0.09116739259761468 0.07846543001686336 23-002799
0 0.6730000000000018 0.7480000000000011 0.37068273883838687 0.3465092748735245 23-000577
0 0.988726104914372 0.7652360876897134 0.01917510888963714 0.0209612141652613 23-011805
0 0.3009999999999877 0.971 0.03995847420235883 0.03524451939291752 23-006246
0 0.7335581787521079 0.9747048903878583 0.026981450252951095 0.02023608768971332 
0 0.5531197301854974 0.7234401349072512 0.026981450252951095 0.023608768971332208 
0 0.17200674536256325 0.7875210792580101 0.32377740303541314 0.42495784148397975 
