0 0.13100000000000023 0.07400000000000162 0.034139278930170644 0.032091062394603714 23-007342
0 0.6843136593591976 0.14437268128161712 0.022112942034315155 0.016694772344013502 23-017532
0 0.6039409780775806 0.18799999999999883 0.026574325076326073 0.022074198988195622 23-011507
0 0.1323136593591767 0.20668634064080774 0.02230691521005469 0.017807757166947727 23-015599
0 0.5916830767133302 0.2310682967959531 0.898297231230674 0.5083502529510968 23-000108
0 0.10862731871837589 0.364686340640809 0.02114307615561705 0.018920741989881907 23-016306
0 0.26131365935919576 0.39699999999999847 0.02928994953668051 0.023929173693086097 23-009920
0 0.2949999999999875 0.4029999999999987 0.029677895888159677 0.0209612141652613 23-010704
0 0.39400000000000546 0.43299999999999983 0.05256673062543316 0.048043844856661064 23-004486
0 0.649313659359201 0.4407453625632389 0.0603256576550175 0.05527824620573351 23-003944
0 0.9449096054854804 0.4349999999999987 0.1211988679319434 0.14301854974704886 23-001595
0 0.5889999999999986 0.5033726812816189 0.022500888385794223 0.01854974704890388 23-015425
0 0.12000000000000455 0.5742158516020239 0.029483922712420094 0.03328836424957824 23-009640
0 0.25431365935919076 0.5850000000000009 0.022888834737273486 0.01966273187183825 23-014321
0 0.6876273187183837 0.6651568296795957 0.027932137306503294 0.0258010118043846 23-010387
0 0.15399999999999636 0.7040000000000006 0.02056115662839821 0.019291736930860125 23-016161
0 0.5527841483979644 0.7148431703204033 0.025157094905301818 0.021349072512647692 23-014133
0 0.6630000000000109 0.7453136593591905 0.03510914480886865 0.03023608768971343 23-007534
0 0.617999999999995 0.7860590219224272 0.022500888385794223 0.017993254637436885 23-015908
0 0.4796273187183852 0.7910000000000004 0.023664727440231813 0.02207419898819567 23-012776
0 0.5956273187183706 0.8060000000000009 0.03219954717277458 0.030050590219224366 23-007967
0 0.5656273187183695 0.9013726812816185 0.023664727440232004 0.021888701517706607 23-012796
0 0.6709999999999923 0.9130000000000001 0.09601672199110485 0.0812478920741991 23-002685
