0 0.37294097807755755 0.7983726812816205 0.024246646967450703 0.020404721753794257 23-013089
0 0.14762731871839158 0.6826863406408104 0.026186378724846814 0.01762225969645876 23-013421
0 0.02400000000000091 0.6463136593591903 0.02017321027691901 0.018364249578414815 23-017276
0 0.1323136593591767 0.5256273187183811 0.02114307615561705 0.017993254637436694 23-016841
0 0.5653136593591979 0.49062731871838094 0.020949102979877374 0.017065767284991575 23-017015
0 0.5633136593591883 0.4703136593591918 0.026768298252065705 0.024671163575041958 23-010541
0 0.7479999999999905 0.43562731871838123 0.021918968858575524 0.017993254637436885 23-016503
0 0.4519409780775653 0.37194097807757054 0.10532743442660596 0.0977571669477233 23-002384
0 0.737254637436762 0.3670000000000009 0.03181160082129532 0.02930860033726812 23-008205
0 0.2833136593591871 0.33868634064080916 0.026380351900586442 0.02337268128161891 23-011020
0 0.43031365935917854 0.33399999999999963 0.08302051921655136 0.06492411467116357 23-003162
0 0.4276273187183927 0.26831365935919005 0.1416004182899123 0.12075885328836408 23-001941
0 0.40094097807757756 0.18900000000000006 0.15091113072541334 0.12966273187183808 23-001798
0 0.1222546374367529 0.18337268128161865 0.03821271562070235 0.029679595278246245 23-007011
0 0.3830000000000098 0.12399999999999878 0.07448569948400868 0.060472175379426764 23-003388
0 0.3753136593592001 0.10025463743676155 0.030065842239638936 0.027268128161888824 23-008958
0 0.49500000000000455 0.07370657672849967 0.2069693785141595 0.1621544688026994 23-001205
