0 0.9586071479031735 0.0539999999999985 0.09106427461301825 0.10369308600337267 23-002238
0 0.6220000000000141 0.13800000000000168 0.05431248920708964 0.04711635750421585 23-004446
0 0.5589999999999975 0.21499999999999986 0.12278502024317056 0.114637436762226 23-002041
0 0.8489999999999895 0.245000000000001 0.022888834737273486 0.019662731871838153 23-014386
0 0.5539734306511798 0.29395446880269815 0.05567030143726681 0.04952782462057336 23-004296
0 0.13300000000000978 0.379999999999999 0.02638035190058654 0.023187183811129847 23-011124
0 0.42122519308533146 0.4486677908937605 0.022888834737273486 0.02003372681281618 23-014151
0 0.1810000000000116 0.4559999999999996 0.3408108697744874 0.3068128161888701 23-000669
0 0.616227349185611 0.46833895446880275 0.041898205959754846 0.03802698145025287 23-005801
0 0.7390000000000043 0.49200000000000094 0.17438188498990567 0.14858347386172008 23-001566
0 0.28354902936000015 0.6270826306913997 0.030841734942597364 0.027453625632377694 23-008802
0 0.9639999999999986 0.6430000000000007 0.033363386227212216 0.02671163575042164 23-008305
0 0.05945479096866069 0.6460000000000008 0.13080054013105355 0.16305227655986518 23-001388
0 0.5267481786942151 0.7635497470489039 0.024828566494669593 0.0209612141652613 23-012515
0 0.019973107160553893 0.874831365935919 0.023082807913013304 0.01762225969645876 23-015839
0 0.9206729825285362 0.9019983136593592 0.023470754264492327 0.01725126475548064 23-016133
0 0.5507667433108507 0.899974704890388 0.03239352034851421 0.024671163575041958 23-009006
0 0.5748761645747305 0.9526981450252952 0.023276781088752745 0.020404721753794115 23-013715
