0 0.2207453625632364 0.030999999999998806 0.021918968858575524 0.017993254637436767 23-015932
0 0.8740590219224281 0.05005902192243004 0.03278146669999338 0.028195615514333895 23-008300
0 0.3340000000000032 0.06476897133220968 0.1691446092449364 0.14249173693086128 23-001528
0 0.07374536256324504 0.12300000000000111 0.03025981541537847 0.02801011804384488 23-008785
0 0.09068634064080794 0.15200000000000102 0.021337049331356633 0.017807757166947727 23-016497
0 0.29599999999999227 0.24800000000000108 0.06071360400649657 0.05602023608768976 23-003907
0 0.9806863406408228 0.2793726812816187 0.02618637872484679 0.02114671163575036 23-012190
0 0.6069999999999993 0.2890000000000015 0.631964606559636 0.5806070826306913 23-000247
0 0.23099999999999454 0.4959999999999986 0.020949102979877374 0.018364249578414815 23-016819
0 0.9901679704057376 0.7100000000000009 0.021630465107377247 0.030050590219224366 23-007314
0 0.9393164161230644 0.8709999999999988 0.13350388452925843 0.20219224283305243 23-001128
0 0.3569999999999993 0.9660000000000011 0.04015244737809846 0.014283305227656033 23-010659
0 0.26644182124789206 0.7344013490725126 0.5328836424957841 0.5311973018549747 
