0 0.15500000000000114 0.9869999999999983 0.032587493524253795 0.027082630691399667 23-008465
0 0.685455501637364 0.9699578414839798 0.03549709116034791 0.030978077571669472 23-007285
0 0.37881674542045607 0.8378077571669478 0.024828566494669593 0.023001686340640835 23-011770
0 0.8739999999999952 0.8140000000000001 0.08961560719169802 0.07846543001686346 23-002826
0 0.6639999999999873 0.75 0.2385870061597152 0.2077571669477235 23-001044
0 0.21124953380607958 0.674806070826307 0.022694861561533927 0.020775716694772427 23-013733
0 0.7439999999999998 0.6230000000000011 0.1068792198325228 0.09256323777403043 23-002420
0 0.05043727416751379 0.38463743676222595 0.047523428056203444 0.04414839797639115 23-004947
0 0.14775050898253955 0.3666863406408094 0.021531022507096265 0.018364249578414815 23-016101
0 0.7110000000000127 0.3550000000000004 0.33770729896265367 0.3031028667790892 23-000683
0 0.5550000000000068 0.3000000000000007 0.12142720801299334 0.10406408094435063 23-002107
0 0.380853463765722 0.18811973018549744 0.02075512980413784 0.01873524451939294 23-016402
0 0.24799999999999045 0.16600000000000037 0.022888834737273486 0.019106239460371065 23-014835
0 0.4763912310286678 0.7445193929173692 0.021922428330522766 0.01854974704890388 
0 0.8709949409780776 0.6053962900505903 0.021922428330522766 0.02023608768971332 
0 0.5986509274873525 0.47723440134907247 0.02023608768971332 0.016863406408094434 
