0 0.34074536256324095 0.989706576728499 0.030841734942597364 0.018935581787521336 23-009616
0 0.854686340640818 0.9226273187183796 0.020367183452658626 0.01854974704890388 23-016934
0 0.3867453625632332 0.8333726812816171 0.023470754264492376 0.017622259696458666 23-015579
0 0.7153726812816079 0.8230000000000004 0.14994126484671533 0.13930860033726816 23-001679
0 0.445431703204059 0.7976863406408088 0.022888834737273486 0.019662731871838104 23-014334
0 0.3690590219224327 0.7713136593591903 0.0490752134621203 0.04618887015177066 23-004767
0 0.19005902192243063 0.6580000000000013 0.021724995682835896 0.018735244519392843 23-015617
0 0.6696863406408158 0.5669409780775709 0.02541048602188839 0.020775716694772427 23-012761
0 0.045686340640820555 0.5336273187183801 0.020755129804137743 0.01854974704890388 23-016703
0 0.07537268128162167 0.517627318718382 0.029289949536680706 0.026155143338954454 23-009408
0 0.34805902192241756 0.5180000000000007 0.020755129804137743 0.018920741989882 23-016315
0 0.7894317032040531 0.49015682967959495 0.022694861561533927 0.02227655986509281 23-013971
0 0.042458140076512496 0.4499999999999993 0.09340790816832761 0.14728499156829666 23-001572
0 0.35505902192242267 0.43337268128161865 0.03200557399703495 0.028937605396289996 23-008272
0 0.8340590219224361 0.41799999999999926 0.027932137306503246 0.022630691399662662 23-010822
0 0.9217453625632298 0.3290000000000006 0.04558369629880739 0.041365935919055796 23-005287
0 0.5580590219224256 0.2699999999999996 0.05974373812779862 0.053237774030354026 23-004018
0 0.1769999999999925 0.2246273187183827 0.020755129804137743 0.019106239460371065 23-016201
0 0.8080590219224256 0.2259999999999991 0.026186378724846814 0.022445193929173792 23-011621
0 0.08269808882825913 0.21399999999999875 0.18193579542217003 0.2817706576728501 23-000752
0 0.9029999999999916 0.18799999999999895 0.11599595909228431 0.10740303541315345 23-002176
0 0.15851602023608768 0.8254637436762227 0.3136593591905565 0.3490725126475548 
