0 0.9159999999999968 0.6969999999999992 0.10746113935974169 0.086256323777403 23-002489
0 0.9099999999999966 0.6365682967959524 0.02017321027691902 0.019106239460370968 23-016612
0 0.8559999999999945 0.5106273187183805 0.03957052785087962 0.032091062394603666 23-006713
0 0.6049999999999898 0.4559999999999995 0.45603093616381357 0.3982630691399664 23-000444
0 0.7110000000000127 0.4019409780775717 0.025798432373367552 0.023929173693086097 23-011120
0 0.9759999999999991 0.3490000000000002 0.024052673791711134 0.018178752107925945 23-014645
0 0.9060000000000059 0.27394097807757156 0.15886403093073725 0.14079258010118045 23-001650
0 0.8499999999999943 0.1690000000000006 0.1685626897177175 0.14654300168634068 23-001530
0 0.9113726812816059 0.13894097807757 0.02172499568283587 0.017993254637436885 23-016257
0 0.7003726812816216 0.1011568296795956 0.02366472744023191 0.01967959527824633 23-014951
0 0.6888701517706577 0.6812816188870152 0.03204047217537943 0.026981450252951095 
0 0.2883642495784149 0.7588532883642496 0.02023608768971332 0.02023608768971332 
0 0.0902192242833052 0.9907251264755481 0.03204047217537943 0.01854974704890388 
0 0.3077571669477235 0.4629005059021922 0.021922428330522766 0.021922428330522766 
0 0.46543001686340646 0.2006745362563238 0.02023608768971332 0.016863406408094434 
