0 0.4350000000000023 0.0058903878583468315 0.024052673791711072 0.01295885328836303 23-012870
0 0.5769999999999982 0.10500000000000043 0.02075512980413779 0.017807757166947717 23-017320
0 0.5300000000000011 0.26000000000000156 0.02347075426449218 0.021703204047217546 23-012976
0 0.10699999999999932 0.3210000000000015 0.055282355085787695 0.049342327150084304 23-004325
0 0.6299999999999955 0.3309999999999995 0.028320083657982456 0.02634064080944342 23-009589
0 0.7889999999999873 0.4029999999999987 0.024246646967450776 0.02003372681281618 23-013682
0 0.022999999999996135 0.5079999999999991 0.025216512846148856 0.0209612141652613 23-012451
0 0.9650000000000034 0.5489999999999995 0.021531022507096265 0.01854974704890388 23-015911
0 0.2839999999999918 0.5549999999999997 0.025798432373367552 0.01966273187183825 23-013194
0 0.05699999999998795 0.5599999999999987 0.03413927893017069 0.030978077571669677 23-007525
0 0.5800000000000125 0.7280000000000015 0.02405267379171117 0.01966273187183825 23-013902
0 0.585000000000008 0.7759999999999998 0.0665327992786848 0.06121416526138272 23-003578
0 0.46000000000000796 0.7842495784148393 0.5404092676105422 0.4746509274873533 23-000337
0 0.6639999999999873 0.786999999999999 0.02812611048224283 0.023187183811129847 23-010342
0 0.5159999999999911 0.8260000000000005 0.022694861561533854 0.018920741989882 23-015222
0 0.26499999999998636 0.9559999999999994 0.02696227142780514 0.01409780775716678 23-016866
0 0.2709999999999866 0.9830000000000005 0.03025981541537847 0.02225969645868473 23-010206
0 0.05143338954468801 0.8701517706576728 0.10286677908937605 0.19561551433389546 
0 0.10286677908937603 0.09190556492411467 0.02023608768971332 0.01854974704890388 
0 0.6677908937605397 0.5691399662731872 0.02023608768971332 0.01517706576728499 
0 0.48482293423271505 0.4258010118043845 0.01854974704890388 0.021922428330522766 
0 0.5134907251264755 0.42242833052276557 0.01517706576728499 0.01517706576728499 
