0 0.5448819561551501 0.9840000000000018 0.03239352034851421 0.02634064080944351 23-008601
0 0.2678431703204006 0.9079409780775719 0.022053524093468023 0.022107925801011792 23-016493
0 0.7889409780775828 0.9043726812816186 0.07060623596921656 0.060657672849915696 23-003486
0 0.4503136593591887 0.8829409780775733 0.026380351900586442 0.0224451939291737 23-011442
0 0.07662731871839362 0.886686340640811 0.02405267379171112 0.021888701517706572 23-012607
0 0.9083136593591871 0.7946273187183794 0.020755129804137743 0.019106239460370968 23-016267
0 0.8894317032040474 0.6817453625632385 0.026186378724847005 0.024114671163574967 23-010875
0 0.503664418212486 0.733200674536256 0.7568833317359422 0.5310118043844857 23-000163
0 0.1570000000000107 0.6000000000000014 0.16196760174257097 0.148026981450253 23-001558
0 0.24100000000001387 0.5813338954468805 0.09834440009998023 0.09123102866779093 23-002574
0 0.5236273187183679 0.46300000000000097 0.06265333576389269 0.056576728499156945 23-003828
0 0.9186273187183782 0.43831365935919187 0.021531022507096265 0.01762225969645876 23-016797
0 0.13431365935918624 0.4073136593591895 0.044225884068630116 0.04118043844856673 23-005355
0 0.3883136593591769 0.4016273187183822 0.02230691521005469 0.01966273187183825 23-014693
0 0.9216273187183924 0.38500000000000156 0.03821271562070216 0.0348735244519394 23-006470
0 0.6302546374367627 0.1953726812816191 0.020367183452658675 0.017807757166947824 23-017436
0 0.6606273187183683 0.192372681281619 0.025216512846148856 0.02114671163575036 23-012588
