0 0.5670000000000073 0.9899477234401343 0.04868726711064104 0.022115008431704674 23-005509
0 0.7630000000000052 0.9720000000000013 0.06304128211537194 0.04860033726812817 23-004003
0 0.7210000000000036 0.9460000000000015 0.020949102979877374 0.01836424957841484 23-016328
0 0.7529999999999859 0.9400000000000013 0.04131628643253605 0.035244519392917374 23-006147
0 0.9807572564003489 0.8339999999999996 0.042334035919232335 0.03932546374367626 23-005599
0 0.6709999999999923 0.7740000000000009 0.021143076155617006 0.017436762225969602 23-017250
0 0.6459999999999866 0.7579999999999991 0.023664727440232004 0.018920741989881907 23-014063
0 0.6450000000000102 0.7020000000000017 0.04306204501419253 0.0319055649241146 23-006410
0 0.45099999999999346 0.6649999999999991 0.021337049331356633 0.019477234401349092 23-015468
0 0.492999999999995 0.6389999999999993 0.02851405683372199 0.02522765598650924 23-009892
0 0.20900000000000318 0.5730000000000004 0.02967789588815975 0.02634064080944342 23-009234
0 0.28299999999998704 0.532 0.06575690657572639 0.05861720067453624 23-003687
0 0.5259364454446523 0.4939258010118046 1.042939820021765 1.0866367622259705 23-000045
0 0.7930000000000064 0.4480000000000004 0.019979237101179416 0.018364249578414815 23-017341
0 0.23500000000001364 0.2970000000000006 0.050239052516557886 0.041365935919055796 23-004944
0 0.09700000000000841 0.05099999999999838 0.030453788591118115 0.027453625632377694 23-008833
0 0.4619999999999891 0.013000000000001677 0.025992405549107183 0.022445193929173983 23-011523
