0 0.8175187031474981 0.9741399662731872 0.020949102979877374 0.019106239460370992 23-016202
0 0.2923284397998255 0.884468802698145 0.025798432373367552 0.021888701517706572 23-011803
0 0.48342096822658215 0.7505986509274873 0.577846090528286 0.4988026981450254 23-000308
0 0.14500000000001023 0.6400000000000006 0.02870803000946167 0.024300168634064027 23-010156
0 0.9809241104367997 0.620000000000001 0.041966957039041 0.06789207419898828 23-003312
0 0.5905136435188619 0.5171332209106239 0.04325601818993216 0.03932546374367612 23-005570
0 0.22026315653734563 0.3948903878583474 0.021531022507096265 0.0174367622259697 23-017173
0 0.9042385505908912 0.30981450252951104 0.02288883473727329 0.019291736930860125 23-014596
0 0.8100000000000023 0.31200000000000117 0.09116739259761468 0.07846543001686336 23-002799
0 0.6730000000000018 0.2519999999999989 0.37068273883838687 0.3465092748735245 23-000577
0 0.988726104914372 0.2347639123102866 0.01917510888963714 0.0209612141652613 23-011805
0 0.3009999999999877 0.029000000000000026 0.03995847420235883 0.03524451939291752 23-006246
0 0.7335581787521079 0.025295109612141653 0.026981450252951095 0.02023608768971332 
0 0.5531197301854974 0.27655986509274877 0.026981450252951095 0.023608768971332208 
0 0.17200674536256325 0.21247892074198993 0.32377740303541314 0.42495784148397975 
