0 0.5209999999999866 0.04299999999999926 0.021724995682835896 0.018735244519392916 23-015665
0 0.26668634064079577 0.0613136593591894 0.03763079609348346 0.03413153456998313 23-006635
0 0.492999999999995 0.08699999999999974 0.09446493658518801 0.08198988195615516 23-002690
0 0.8710000000000093 0.11199999999999832 0.04985110616507872 0.045632377740303556 23-004738
0 0.3480000000000132 0.15399999999999991 0.10280578314199114 0.09349072512647555 23-002442
0 0.6330000000000098 0.2579999999999991 0.030841734942597364 0.028381112984823004 23-008587
0 0.48099999999999454 0.39000000000000057 0.5797858222856818 0.5227318718381113 23-000295
0 0.972372681281613 0.5079999999999991 0.03297543987573301 0.02930860033726812 23-007984
0 0.8996863406408055 0.5406863406408109 0.03161762764555578 0.025227655986509143 23-009252
0 0.14174536256322867 0.5429999999999993 0.020755129804137743 0.017807757166947824 23-017537
0 0.4436863406408167 0.5603136593591918 0.022306915210054592 0.017065767284991575 23-016766
0 0.23368634064080873 0.593 0.048493293934901406 0.04062394603709955 23-005131
0 0.3849999999999909 0.6640000000000015 0.032781466699993475 0.02930860033726812 23-008046
0 0.6769999999999925 0.6729999999999983 0.3652514899176781 0.33408094435075886 23-000594
0 0.20637268128162178 0.7286863406408097 0.024634593318929962 0.021888701517706607 23-012268
0 0.9665167455392772 0.7289999999999992 0.07366315981359 0.09311973018549732 23-002496
0 0.776372681281615 0.7436863406408104 0.030453788591118174 0.025969645868465393 23-009203
0 0.9096863406407965 0.7736273187183821 0.02191896885857548 0.018364249578414815 23-015830
0 0.27468634064080566 0.8462546374367638 0.08321449239229099 0.0747554806070827 23-003012
0 0.2806863406408058 0.8850000000000017 0.021724995682835896 0.017993254637436885 23-016299
0 0.49494097807757165 0.8313659359190556 0.02866779089376054 0.023608768971332208 
0 0.9123102866779089 0.9502529510961214 0.03035413153456998 0.021922428330522766 
0 0.12394603709949414 0.5885328836424958 0.01854974704890388 0.02023608768971332 
0 0.006745362563237767 0.8086003372681282 0.013490725126475547 0.01517706576728499 
