0 0.8204029920178206 0.9573693086003373 0.02191896885857548 0.019291736930860042 23-015320
0 0.7924735251799957 0.8460539629005059 0.026768298252065607 0.02263069139966276 23-011450
0 0.8807827266763284 0.8301349072512647 0.024634593318929962 0.02114671163575041 23-012707
0 0.4736581574791411 0.7961298482293423 0.026574325076326073 0.020590219224283317 23-012062
0 0.6910000000000025 0.690999999999999 0.021143076155617006 0.018920741989881907 23-016071
0 0.5571992968166548 0.5968465430016863 0.025022539670409034 0.02337268128161891 23-011576
0 0.8129999999999882 0.527000000000001 0.025022539670409176 0.022074198988195477 23-012155
0 0.2880000000000109 0.5150000000000006 0.0826325728650721 0.0782799325463743 23-002946
0 0.9070000000000107 0.5150000000000006 0.03025981541537852 0.02652613827993258 23-009071
0 0.9660000000000082 0.4430000000000014 0.021918968858575465 0.02003372681281618 23-014699
0 0.7860000000000014 0.41799999999999926 0.0250225396704092 0.02114671163575036 23-012772
0 0.8047243509793145 0.20899999999999963 0.4296064278455082 0.39139966273187177 23-000445
0 0.007892297836866291 0.061000000000000054 0.017363055241105773 0.021703204047217737 23-011410
0 0.6709999999999923 0.008601180438449374 0.02541048602188839 0.018922596964588343 23-011727
0 0.8861720067453626 0.9662731871838112 0.025295109612141653 0.02023608768971332 
