0 0.08199999999999363 0.809000000000001 0.024440620143190334 0.021703204047217498 23-012396
0 0.7700000000000102 0.722999999999999 0.023470754264492376 0.02114671163575036 23-013358
0 0.4170000000000016 0.718 0.02541048602188839 0.02263069139966276 23-011749
0 0.10599999999999454 0.6969999999999992 0.022694861561533903 0.02003372681281618 23-014357
0 0.1769999999999925 0.661999999999999 0.203283888175107 0.1893929173693086 23-001215
0 0.9439999999999884 0.6469999999999985 0.028902003185201062 0.02652613827993248 23-009387
0 0.3739999999999952 0.6090000000000018 0.020173210276919044 0.017993254637436788 23-017540
0 0.26400000000001 0.254999999999999 0.03607901068756671 0.032091062394603666 23-007094
0 0.7520000000000095 0.2480000000000011 0.025216512846148856 0.02021922428330524 23-013029
0 0.0800000000000125 0.05999999999999872 0.09524082928814652 0.08755480607082643 23-002612
0 0.9089999999999918 0.045000000000001594 0.025022539670409225 0.019291736930860125 23-013339
0 0.47470489038785835 0.9291736930860034 0.01854974704890388 0.016863406408094434 
0 0.21416526138279932 0.7445193929173692 0.023608768971332208 0.021922428330522766 
