0 0.7239409780775709 0.26315682967959464 0.027729733393249748 0.027487352445193854 17-004256
0 0.4946273187183858 0.27562731871838103 0.03476106790130054 0.03355817875210789 17-002087
0 0.24215682967959026 0.4469999999999992 0.0338245553008684 0.02934232715008428 17-002938
0 0.30278414839797857 0.5739409780775723 0.02763044600849156 0.028330522765598765 17-004115
0 0.17415682967959242 0.6308431703204037 0.02055464046275293 0.02158516020236099 17-005513
0 0.7051568296795984 0.7750590219224279 0.03080455252059427 0.03187183811129844 17-002995
0 0.06894097807756974 0.8016273187183809 0.025062409114320276 0.02580101180438441 17-004224
0 0.03247048903878243 0.8147841483979755 0.0387398188008508 0.03743676222596972 17-001822
0 0.5993136593591897 0.9520590219224274 0.02596634088652587 0.026981450252951095 17-005273
0 0.9232715008431703 0.6357504215851602 0.021922428330522766 0.023608768971332208 
0 0.07588532883642496 0.8794266441821248 0.02023608768971332 0.021922428330522766 
