0 0.3872158516020191 0.11368634064080776 0.024456339496388854 0.02630691399662731 17-005465
0 0.7913726812816155 0.25262731871838134 0.050301157479312936 0.04924114671163573 17-001143
0 0.4496863406408027 0.2746863406408091 0.05717838825553529 0.052782462057335604 17-000961
0 0.4305295109612114 0.3008431703204055 0.02780678525916399 0.023946037099494173 17-003946
0 0.7497453625632328 0.511686340640811 0.036370356676195745 0.03406408094435084 17-002183
0 0.5193726812816242 0.6108431703204041 0.030374822153335177 0.03086003372681274 17-003710
0 0.06852951096121673 0.6222158516020222 0.028181699279352403 0.02580101180438441 17-004929
0 0.6249021922428328 0.6778431703204043 0.026572410504457297 0.026981450252950904 17-004341
0 0.23268634064080396 0.8630590219224289 0.03652446040802422 0.03575042158516028 17-001849
0 0.17790893760539628 0.4350758853288364 0.021922428330522766 0.023608768971332208 
0 0.6281618887015177 0.918212478920742 0.021922428330522766 0.021922428330522766 
