0 0.5670000000000073 0.010052276559865762 0.04868726711064104 0.022115008431704674 23-005509
0 0.7630000000000052 0.027999999999998693 0.06304128211537194 0.04860033726812817 23-004003
0 0.7210000000000036 0.0539999999999985 0.020949102979877374 0.01836424957841484 23-016328
0 0.7529999999999859 0.05999999999999873 0.04131628643253605 0.035244519392917374 23-006147
0 0.9807572564003489 0.16600000000000037 0.042334035919232335 0.03932546374367626 23-005599
0 0.6709999999999923 0.2259999999999991 0.021143076155617006 0.017436762225969602 23-017250
0 0.6459999999999866 0.24200000000000085 0.023664727440232004 0.018920741989881907 23-014063
0 0.6450000000000102 0.29799999999999827 0.04306204501419253 0.0319055649241146 23-006410
0 0.45099999999999346 0.33500000000000085 0.021337049331356633 0.019477234401349092 23-015468
0 0.492999999999995 0.36100000000000065 0.02851405683372199 0.02522765598650924 23-009892
0 0.20900000000000318 0.4269999999999996 0.02967789588815975 0.02634064080944342 23-009234
0 0.28299999999998704 0.468 0.06575690657572639 0.05861720067453624 23-003687
0 0.5259364454446523 0.5060741989881954 1.042939820021765 1.0866367622259705 23-000045
0 0.7930000000000064 0.5519999999999996 0.019979237101179416 0.018364249578414815 23-017341
0 0.23500000000001364 0.7029999999999994 0.050239052516557886 0.041365935919055796 23-004944
0 0.09700000000000841 0.9490000000000016 0.030453788591118115 0.027453625632377694 23-008833
0 0.4619999999999891 0.9869999999999983 0.025992405549107183 0.022445193929173983 23-011523
