0 0.06594097807756963 0.9867790893760532 0.03200557399703498 0.02537605396290223 23-008262
0 0.8741925383793852 0.9061551433389541 0.27677641556535243 0.20645868465430095 23-000667
0 0.4499409780775842 0.8456273187183814 0.020755129804137743 0.01854974704890388 23-016697
0 0.7869409780775733 0.7109999999999985 0.03375133257869143 0.028381112984823004 23-007996
0 0.2779999999999916 0.6720000000000006 0.026380351900586442 0.024485666104553088 23-010734
0 0.42699999999999244 0.6129999999999995 0.35089747491294704 0.3218381112984823 23-000644
0 0.06562731871836952 0.593 0.048493293934901475 0.04470489038785833 23-004879
0 0.6999409780775843 0.46562731871838225 0.027350217779284404 0.022816188870151726 23-011130
0 0.043000000000006366 0.43400000000000105 0.04713548170472424 0.041365935919055796 23-005161
0 0.821313659359198 0.400627318718381 0.024052673791711072 0.020404721753794115 23-013309
0 0.5029999999999859 0.31027065767285067 1.0819823742755215 0.6825954468802716 23-000080
0 0.9841679704057373 0.29100000000000037 0.034830465107377764 0.033389544688026906 23-006841
0 0.6356273187183911 0.22547048903878741 0.022888834737273486 0.021720067453625626 23-014157
0 0.19331365935918374 0.21399999999999864 0.030647761766857733 0.025227655986509143 23-009348
0 0.8919868018128988 0.10200674536256327 0.027156244603544773 0.021888701517706607 23-011183
0 0.6964586846543002 0.22849915682967958 0.023608768971332208 0.01854974704890388 
