0 0.04269327748785923 0.9354131534569983 0.03142365446981625 0.025969645868465438 23-009064
0 0.484342401498018 0.7931534569983136 0.03782476926922309 0.0348735244519393 23-006522
0 0.25990287587220995 0.7540000000000013 0.5717863269188618 0.5195784148397977 23-000299
0 0.12299999999999056 0.6020000000000003 0.0366609302147855 0.03209106239460376 23-006994
0 0.7079999999999984 0.5919999999999987 0.1266644837579627 0.10332209106239472 23-002116
0 0.5202186386005411 0.4726897133220911 0.03200557399703495 0.02801011804384488 23-008484
0 0.8259999999999934 0.46199999999999974 0.02191896885857548 0.02003372681281618 23-014814
0 0.17918988280555437 0.3524957841483979 0.031229681294076623 0.02708263069139957 23-008742
0 0.19279331387309817 0.3219898819561552 0.021337049331356633 0.02003372681281637 23-015266
0 0.875 0.1980000000000004 0.0366609302147855 0.030607082630691552 23-007206
0 0.5250000000000057 0.08399999999999963 0.02521651284614866 0.020590219224283366 23-012622
0 0.09188811583494239 0.04313659359190547 0.03200557399703476 0.028937605396289805 23-008276
0 0.19599999999999795 0.03460961214165259 0.10202989043903263 0.07614114671163556 23-002519
0 0.9477234401349073 0.1998313659359191 0.1045531197301855 0.23102866779089376 
0 0.9772344013490725 0.4477234401349073 0.045531197301854974 0.10961214165261383 
0 0.8827993254637436 0.8136593591905565 0.23440134907251264 0.37268128161888703 
0 0.7352445193929174 0.9510961214165261 0.15177065767284992 0.09780775716694773 
