0 0.23199999999999932 0.054881956155143914 0.19164549763073074 0.12074030354131662 23-001300
0 0.7079999999999984 0.07000000000000028 0.023082807913013113 0.01966273187183813 23-014358
0 0.7210000000000036 0.07775969645868462 0.2236510716277656 0.1710713322091062 23-001089
0 0.3100000000000023 0.1559999999999988 0.03336338622721217 0.02782462057335582 23-008135
0 0.4410000000000025 0.15700000000000003 0.022306915210054592 0.019477234401349092 23-014962
0 0.5999999999999943 0.2079999999999984 0.02250088838579432 0.02021922428330522 23-014374
0 0.8799999999999955 0.30900000000000105 0.035885037511827075 0.030236087689713333 23-007316
0 0.7990000000000066 0.3509999999999991 0.10164194408755348 0.09349072512647565 23-002476
0 0.21000000000000796 0.38700000000000045 0.19668880019996046 0.16787521079258008 23-001305
0 0.6289999999999907 0.38700000000000045 0.05411851603135001 0.04693086003372678 23-004454
0 0.2150000000000034 0.45799999999999835 0.04170423278401531 0.033389544688027094 23-006272
0 0.47999999999998977 0.48100000000000165 0.09601672199110485 0.0847723440134907 23-002634
0 0.8580000000000041 0.5030000000000001 0.021337049331356633 0.01725126475548064 23-017391
0 0.5349999999999966 0.625 0.18602027553428213 0.15118043844856657 23-001423
0 0.3919999999999959 0.6640000000000015 0.022306915210054592 0.01984822934232731 23-014615
0 0.9209999999999923 0.6690000000000005 0.10629730030530406 0.08236087689713327 23-002551
0 0.6299999999999955 0.6799999999999997 0.03472119845738949 0.02819561551433394 23-007828
0 0.22399999999998954 0.6819999999999986 0.030647761766857733 0.025042158516020083 23-009251
0 0.61099999999999 0.6999999999999993 0.02094910297987747 0.017807757166947824 23-016875
0 0.6839999999999975 0.7609999999999992 0.043643964541411326 0.04043844856661048 23-005456
0 0.3329999999999984 0.8243288364249577 0.4348878600081964 0.38647655986509344 23-000464
0 0.981143418130848 0.8640000000000008 0.04148448011213435 0.05768971332209112 23-003713
0 0.9763912310286678 0.2917369308600337 0.047217537942664416 0.14839797639123103 
0 0.7158516020236088 0.6070826306913997 0.021922428330522766 0.016863406408094434 
0 0.042158516020236125 0.9865092748735245 0.026981450252951095 0.016863406408094434 
0 0.427487352445194 0.9629005059021922 0.1973018549747049 0.07419898819561552 
