0 0.42500000000001137 0.13299999999999912 0.07254596772661268 0.06381112984822934 23-003400
0 0.28700000000000614 0.14399999999999835 0.032587493524253844 0.029679595278246148 23-007991
0 0.35300000000000864 0.1700000000000017 0.03918258149940031 0.035615514333895405 23-006314
0 0.41800000000000637 0.2259999999999991 0.025604459197627924 0.023929173693086 23-011105
0 0.20699999999999363 0.2510000000000012 0.08534819732542653 0.07902192242833052 23-002874
0 0.5229999999999961 0.2809999999999988 0.04558369629880734 0.04006745362563246 23-005332
0 0.9780000000000086 0.29100000000000037 0.019785263925439805 0.018364249578414815 23-017368
0 0.9029999999999916 0.39099999999999824 0.027738164130763653 0.024300168634064027 23-010363
0 0.6105792857673895 0.4390000000000001 0.8567255713117431 0.8634907251264756 23-000096
0 0.1320000000000051 0.4490000000000016 0.034721198457389295 0.027453625632377694 23-008069
0 0.5049999999999955 0.4549999999999983 0.027738164130763663 0.023187183811129847 23-010591
0 0.23599999999999 0.4969999999999999 0.13636314254494294 0.13040472175379433 23-001836
0 0.7210000000000036 0.629999999999999 0.08961560719169792 0.07197301854974697 23-002944
0 0.09100000000000819 0.6329999999999991 0.15401470153724717 0.143575042158516 23-001633
0 0.4099999999999966 0.7119999999999997 0.024828566494669593 0.02003372681281618 23-013014
0 0.5250000000000057 0.8180000000000014 0.0397645010266192 0.03635750421585151 23-006170
0 0.7909999999999968 0.9269688026981452 0.25332896751592526 0.16066863406408055 23-001005
0 0.47999999999998977 0.9838575042158513 0.04054039372957772 0.03551349072512698 23-005922
0 0.16357504215851604 0.5674536256323778 0.026981450252951095 0.02866779089376054 
0 0.07672849915682967 0.6256323777403036 0.01854974704890388 0.016863406408094434 
0 0.5160202360876898 0.5227655986509275 0.02023608768971332 0.016863406408094434 
0 0.37436762225969644 0.5109612141652614 0.016863406408094434 0.02023608768971332 
0 0.615514333895447 0.5741989881956155 0.02023608768971332 0.01854974704890388 
0 0.9342327150084317 0.47554806070826305 0.026981450252951095 0.023608768971332208 
0 0.45446880269814505 0.6382799325463744 0.01517706576728499 0.01517706576728499 
