0 0.04200000000000159 0.9520000000000017 0.058773872249100655 0.05397976391231028 23-004033
0 0.29699999999999704 0.8829999999999991 0.03782476926922309 0.0348735244519393 23-006497
0 0.28299999999998704 0.8180000000000014 0.03646695703904587 0.03042158516020235 23-007173
0 0.4155466829886616 0.689983136593592 0.025022539670409225 0.020775716694772427 23-012792
0 0.126174998884526 0.5913237774030354 0.026380351900586636 0.0224451939291737 23-011406
0 0.8549999999999898 0.5130000000000017 0.10629730030530406 0.09404721753794264 23-002408
0 0.26352263419922506 0.4965345699831366 0.021143076155617006 0.018364249578414815 23-016569
0 0.6229999999999905 0.4490000000000016 0.03607901068756671 0.03264755480607085 23-006979
0 0.7619365873895289 0.4017035413153449 0.47612682522094224 0.6651271500843153 23-000191
0 0.8501000667311263 0.16488195615514345 0.02735021777928445 0.019477234401349186 23-012760
0 0.5097467575792807 0.15565767284991583 0.07177007502365415 0.06510961214165283 23-003390
0 0.31076202143571374 0.14359190556492418 0.027932137306503294 0.024114671163575158 23-010425
0 0.28999999999999204 0.13833473861720047 0.550689845924741 0.3043364249578411 23-000331
0 0.20437841641725318 0.12405564924114665 0.05799797954614214 0.05249578414839778 23-004108
0 0.9679595278246206 0.4915682967959528 0.026981450252951095 0.025295109612141653 
0 0.8996627318718381 0.7672849915682968 0.021922428330522766 0.02023608768971332 
