0 0.36251073877707796 0.030443423271501135 0.09116739259761478 0.06052967959527766 23-002718
0 0.47565463670870584 0.06064080944350759 0.026768298252065514 0.02374367622259696 23-010876
0 0.6327752760675934 0.08799325463743676 0.026186378724846814 0.02300168634064081 23-011312
0 0.6693522685790294 0.10026138279932546 0.023858700615971444 0.02207419898819561 23-012508
0 0.45783095383448635 0.1498735244519393 0.05567030143726676 0.051011804384485666 23-004245
0 0.5430000000000064 0.14699999999999847 0.025022539670409225 0.022259696458684634 23-012199
0 0.686365949575215 0.3131787521079258 0.03704887656626476 0.034688026981450334 23-006625
0 0.9833595494616155 0.3284907251264756 0.019790175950293382 0.024300168634064027 23-010812
0 0.1426320691192642 0.32677065767284985 0.025022539670409176 0.01762225969645876 23-014686
0 0.4824969858598134 0.3405733558178752 0.026574325076326073 0.023743676222597033 23-010833
0 0.36621461893800733 0.3922175379426644 0.03316941305147263 0.028381112984823004 23-008225
0 0.7299999999999898 0.4250000000000007 0.027738164130763663 0.024114671163574967 23-010423
0 0.9540000000000076 0.49399999999999983 0.08864574131299986 0.0777234401349073 23-002829
0 0.8756083283441533 0.5061129848229342 0.026186378724847005 0.023187183811129847 23-011262
0 0.22218103900091749 0.5478836424957843 0.024440620143190334 0.020590219224283175 23-012986
0 0.5829999999999984 0.6660000000000004 0.3161762764555577 0.29215851602023607 23-000726
0 0.161257794961514 0.6759999999999984 0.3547671489153308 0.35763912310286683 23-000548
0 0.9889464299731003 0.7669999999999995 0.02431785405917919 0.02671163575042164 23-008919
0 0.257000000000005 0.8530000000000015 0.03898860832366077 0.03654300168634057 23-006226
0 0.06999999999999318 0.8709999999999988 0.12394885929760814 0.11037099494097806 23-002079
0 0.769814502529511 0.2596964586846543 0.025295109612141653 0.02023608768971332 
0 0.8178752107925801 0.7967959527824621 0.3642495784148398 0.40640809443507586 
