0 0.8449999999999989 0.013000000000001677 0.032587493524253795 0.027082630691399667 23-008465
0 0.314544498362636 0.03004215851602024 0.03549709116034791 0.030978077571669472 23-007285
0 0.6211832545795439 0.16219224283305225 0.024828566494669593 0.023001686340640835 23-011770
0 0.12600000000000477 0.18599999999999994 0.08961560719169802 0.07846543001686346 23-002826
0 0.33600000000001273 0.25 0.2385870061597152 0.2077571669477235 23-001044
0 0.7887504661939204 0.32519392917369305 0.022694861561533927 0.020775716694772427 23-013733
0 0.2560000000000002 0.3769999999999989 0.1068792198325228 0.09256323777403043 23-002420
0 0.9495627258324862 0.615362563237774 0.047523428056203444 0.04414839797639115 23-004947
0 0.8522494910174605 0.6333136593591906 0.021531022507096265 0.018364249578414815 23-016101
0 0.28899999999998727 0.6449999999999996 0.33770729896265367 0.3031028667790892 23-000683
0 0.4449999999999932 0.6999999999999993 0.12142720801299334 0.10406408094435063 23-002107
0 0.6191465362342781 0.8118802698145026 0.02075512980413784 0.01873524451939294 23-016402
0 0.7520000000000095 0.8339999999999996 0.022888834737273486 0.019106239460371065 23-014835
0 0.5236087689713322 0.2554806070826307 0.021922428330522766 0.01854974704890388 
0 0.12900505902192239 0.3946037099494098 0.021922428330522766 0.02023608768971332 
0 0.4013490725126475 0.5227655986509275 0.02023608768971332 0.016863406408094434 
