0 0.5029999999999859 0.8339999999999996 0.055476328261527326 0.05119730185497468 23-004233
0 0.6800000000000068 0.8099999999999987 0.021143076155617006 0.01854974704890388 23-016261
0 0.8893708344090924 0.5151433389544687 0.028320083657982456 0.025227655986509143 23-009909
0 0.01927897260353484 0.48623946037099497 0.03518526392545073 0.0348735244519394 23-006365
0 0.3737166953790576 0.18548903878583478 0.022306915210054592 0.02021922428330524 23-014302
0 0.42199999999999704 0.07054300168633965 0.24576401366208075 0.15519460370994737 23-001021
0 0.1315180616266689 0.038988195615514365 0.11463814686210695 0.07123102866779091 23-002703
0 0.30000000000001137 0.023290050590219824 0.11095265652305465 0.05123811129848377 23-002356
0 0.7839999999999918 0.00802276559865045 0.02928994953668051 0.017650084317030884 23-009840
0 0.775716694772344 0.0902192242833052 0.4350758853288364 0.18043844856661045 
0 0.7166947723440135 0.8777403035413154 0.023608768971332208 0.01854974704890388 
