0 0.4486273187183793 0.9883212478920734 0.021454794120207465 0.021477403035414747 23-017289
0 0.09600000000000364 0.9591500843170313 0.10961449359596914 0.08986981450253102 23-002300
0 0.022999999999996135 0.8286273187183818 0.02477053502969409 0.021703204047217498 23-012443
0 0.31431365935919303 0.7469999999999999 0.19231297275022338 0.1569308600337269 23-001369
0 0.18625463743677428 0.563097807757166 0.03887061337141671 0.03752107925801017 23-007135
0 0.009072947922455537 0.552627318718382 0.01996048542940218 0.028077571669477195 23-011716
0 0.33562731871837975 0.3144114671163567 0.025940796527160043 0.026762225969645875 23-011912
0 0.02942617428477307 0.062000000000001054 0.06473758342650077 0.06269814502529522 23-003517
0 0.781618887015177 0.4822934232715008 0.025295109612141653 0.02023608768971332 
0 0.5092748735244519 0.3296795952782462 0.02023608768971332 0.01517706576728499 
