0 0.649725126475554 0.24452951096121503 0.05648334953938794 0.045868465430016846 17-000966
0 0.8419409780775658 0.25431365935919076 0.02305435192081757 0.022934232715008374 17-005543
0 0.4326273187183882 0.29452951096121577 0.024650163053725558 0.023271500843170242 17-004451
0 0.34594097807757074 0.37215682967959635 0.03635652469608607 0.03456998313659359 17-002255
0 0.777627318718387 0.4323726812816173 0.02713253592713794 0.029848229342327177 17-003595
0 0.2824704890387824 0.47468634064080845 0.09159494113106578 0.07672849915682968 17-000504
0 0.5753136593591888 0.5249999999999986 0.022699727224615697 0.023608768971332208 17-005259
0 0.534470489038792 0.6056863406408086 0.029343320276846056 0.02967959527824605 17-002152
0 0.13362731871838157 0.6063136593591911 0.026774164563234098 0.027487352445193854 17-003030
0 0.8395682967959518 0.6941568296795956 0.03688846174038878 0.03608768971332205 17-002121
0 0.04300168634064081 0.7360876897133221 0.025295109612141653 0.025295109612141653 
