0 0.9514350848291757 0.9510000000000005 0.10684281337581349 0.09386172006745365 23-002392
0 0.820999999999998 0.8320000000000007 0.029646624602468526 0.024485666104553088 23-009845
0 0.29400000000001114 0.7899999999999991 0.0739215179232604 0.0649241146711636 23-003367
0 0.757000000000005 0.7779999999999987 0.026916014441714806 0.019291736930860028 23-012923
0 0.9610000000000127 0.7650000000000006 0.023405229949317253 0.019291736930860028 23-014135
0 0.5889999999999986 0.7210000000000001 0.020479576205652605 0.01854974704890388 23-016975
0 0.671999999999997 0.43900000000000006 0.10395822969155084 0.09330522765598638 23-002441
0 0.4919999999999902 0.43799999999999883 0.31987147597400223 0.2901180438448566 23-000727
0 0.34200000000001296 0.40800000000000125 0.02613584011007109 0.021517706576728485 23-012092
0 0.6630000000000109 0.35900000000000176 0.10317805535990685 0.08940978077571667 23-002472
0 0.7090000000000032 0.2789999999999999 0.02125975053729651 0.01762225969645876 23-017067
0 0.990850786946219 0.25 0.020128268718318274 0.024485666104553282 23-010015
0 0.789999999999992 0.1700000000000017 0.03120697326575634 0.02819561551433394 23-008584
0 0.6750000000000114 0.130344856661046 0.32845339362208537 0.2867586846543014 23-000694
0 0.7599999999999909 0.09499999999999886 0.03452271417524291 0.02838111298482281 23-007903
0 0.2230000000000132 0.06500000000000128 0.022820099200584323 0.018178752107925755 23-015333
0 0.664999999999992 0.036000000000001475 0.02633088369298195 0.021332209106239612 23-011930
0 0.22512647554806076 0.539629005059022 0.025295109612141653 0.02023608768971332 
0 0.29342327150084313 0.20404721753794264 0.02023608768971332 0.02023608768971332 
0 0.16273187183811133 0.19224283305227652 0.025295109612141653 0.02023608768971332 
0 0.06913996627318719 0.048060708263069185 0.023608768971332208 0.021922428330522766 
