0 0.32862731871837475 0.9139409780775721 0.022625055617673372 0.019106239460371016 23-015118
0 0.14462731871837725 0.9083136593591907 0.03764341150181859 0.03190556492411467 23-006937
0 0.8261137661899131 0.8807335581787521 0.2432193478899883 0.22352445193929177 23-001000
0 0.8466273187183755 0.8219409780775734 0.029061493853735573 0.025598650927487365 23-009771
0 0.128313659359186 0.8249999999999993 0.03686323717017468 0.03357504215851601 23-006785
0 0.5296273187183682 0.7689409780775726 0.036278106421441775 0.033760539629005056 23-006846
0 0.28899999999998727 0.7219409780775721 0.027111058024625854 0.024300168634064027 23-010645
0 0.5223136593591915 0.7243136593591897 0.03803349866764054 0.034873524451939204 23-006483
0 0.8089999999999975 0.665940978077571 0.02613584011007109 0.021517706576728485 23-012164
0 0.7066273187183891 0.6649409780775735 0.029841668185379384 0.024671163575042152 23-009844
0 0.7396273187183761 0.6626273187183815 0.022234968451851467 0.019662731871838153 23-014886
0 0.23862731871837134 0.6134114671163562 0.02223496845185137 0.0241652613827993 23-015273
0 0.9533136593592031 0.5990000000000002 0.06533960027517735 0.05787521079258009 23-003723
0 0.335000000000008 0.23100000000000165 0.33684026768725744 0.28325463743676216 23-000714
0 0.8700000000000045 0.0990000000000002 0.18685175242871593 0.16472175379426654 23-001354
0 0.23608768971332209 0.5227655986509274 0.016863406408094434 0.013490725126475547 
0 0.8465430016863407 0.3010118043844857 0.02023608768971332 0.01854974704890388 
