0 0.4189563195526147 0.951256323777403 0.02886645027082462 0.023929173693086007 23-010157
0 0.1448629694323193 0.9261973018549747 0.02730610160753681 0.014283305227656008 23-015903
0 0.9157726262372783 0.9173102866779089 0.03354749626068806 0.030236087689713333 23-007725
0 0.6569865815813414 0.8777571669477234 0.058708118456204196 0.05231028667790892 23-004101
0 0.22498656444020546 0.8557504215851601 0.03569297567270882 0.03190556492411465 23-007198
0 0.07499999999998863 0.8509999999999991 0.024380447863872137 0.019106239460370968 23-014076
0 0.12700000000000955 0.7319999999999993 0.02711105802462581 0.020590219224283366 23-011915
0 0.5929999999999893 0.4920000000000009 0.0397888909138393 0.03765598650927475 23-006035
0 0.30382601720636127 0.43353288364249576 0.03315740909486606 0.027268128161888634 23-008342
0 0.6958778016251193 0.4023608768971333 0.024770535029694042 0.02225969645868473 23-012225
0 0.3559481149078662 0.37406408094435073 0.026720970858803855 0.023001686340640787 23-011260
0 0.1035821495351826 0.2591146711635751 0.025550709361337996 0.022445193929173792 23-011745
0 0.7571669477234402 0.47554806070826305 0.023608768971332208 0.023608768971332208 
0 0.9536256323777403 0.5733558178752107 0.021922428330522766 0.026981450252951095 
0 0.7453625632377741 0.14586846543001686 0.026981450252951095 0.025295109612141653 
0 0.39038785834738615 0.019392917369308593 0.01854974704890388 0.01854974704890388 
0 0.6854974704890388 0.2622259696458684 0.01517706576728499 0.01854974704890388 
