0 0.971902192242827 0.15037268128161735 0.04264923971981665 0.03996627318718384 17-001517
0 0.17637268128162076 0.28999999999999915 0.21455543453747877 0.19460370994940984 17-000116
0 0.6604317032040482 0.712529510961215 0.024823728734124282 0.02866779089376054 17-003347
0 0.33768634064080794 0.9095295109612141 0.028015350999940358 0.029342327150084085 17-002782
0 0.23421585160202762 0.9229999999999982 0.060025849833703626 0.05480607082630692 17-000784
0 0.7649021922428334 0.9862133220910617 0.04371686047612393 0.027573355817876552 17-001685
0 0.9064080944350759 0.19983136593591905 0.021922428330522766 0.021922428330522766 
0 0.6509274873524452 0.7453625632377741 0.023608768971332208 0.023608768971332208 
0 0.18128161888701522 0.6281618887015177 0.021922428330522766 0.021922428330522766 
0 0.27655986509274877 0.7554806070826307 0.02023608768971332 0.02023608768971332 
