0 0.6000978077571615 0.07684317032040523 0.030552790911634254 0.028397976391231036 23-009388
0 0.5935682967959566 0.14137268128162056 0.02594079652715995 0.026003372681281646 23-011641
0 0.9602546374367752 0.28243170320404815 0.022039924868940512 0.018735244519392843 23-015482
0 0.42947048903877383 0.29974536256323703 0.020158540645219974 0.0174367622259697 23-016853
0 0.1509409780775776 0.36931365935918925 0.05792794412456024 0.05231028667790891 23-004127
0 0.5093136593591862 0.3830590219224284 0.02164983770311861 0.019477234401349092 23-015401
0 0.5962546374367709 0.4059999999999988 0.02594079652715995 0.023001686340640787 23-011606
0 0.33325463743676564 0.6197453625632373 0.024380447863872137 0.018920741989882 23-014154
0 0.14462731871837725 0.6700590219224275 0.07840752033021275 0.06232715008431709 23-003320
0 0.21625463743677542 0.7057453625632394 0.03705828075308561 0.03431703204047221 23-006654
0 0.5222546374367586 0.7516863406408094 0.03023175535120148 0.02671163575042164 23-009139
0 0.07825463743677018 0.7576863406408096 0.03452271417524296 0.031349072512647416 23-007458
0 0.017470489038796066 0.7690590219224277 0.03336456391103414 0.03264755480607085 23-006692
0 0.6459999999999866 0.7710000000000008 0.09596144279220073 0.08885328836424967 23-002595
0 0.9805758844236031 0.846964586846543 0.03884823115279374 0.046374367622259695 23-004652
0 0.2622546374367677 0.8577453625632369 0.038228542250551494 0.03543001686340639 23-006444
0 0.8693086003372681 0.6138279932546374 0.021922428330522766 0.023608768971332208 
0 0.1087689713322091 0.984822934232715 0.025295109612141653 0.023608768971332208 
0 0.12141652613827993 0.47048903878583476 0.02023608768971332 0.02023608768971332 
