0 0.30311804384486307 0.09796121416526113 0.023015142783495278 0.023237774030354135 23-015731
0 0.4903726812816136 0.10768634064081109 0.06416933877771144 0.05861720067453627 23-003739
0 0.61099999999999 0.14399999999999835 0.13477511579148524 0.11092748735244524 23-001945
0 0.5146863406408146 0.30505902192242906 0.07470169225490422 0.06418212478920743 23-003351
0 0.9716863406408083 0.3316863406408077 0.026720970858803865 0.024114671163574967 23-010702
0 0.0970590219224412 0.3650590219224278 0.024770535029694233 0.023962900505902253 23-012849
0 0.05074536256324891 0.37674536256323876 0.08172326123969928 0.07512647554806073 23-003031
0 0.5526863406407971 0.5383726812816191 0.022234968451851276 0.022293423271500887 23-015405
0 0.040529660917658195 0.5650000000000013 0.0891652540188481 0.11946037099494083 23-001921
0 0.7896863406408203 0.6334907251264765 0.1659820890572415 0.14988195615514333 23-001521
0 0.5304636766801625 0.5591231028667791 0.2818379773063619 0.22408094435075884 23-000798
0 0.7975295109612017 0.6803726812816185 0.02743209358505844 0.025261382799325494 23-012065
0 0.8939128749157333 0.7948735244519393 0.21217425016853336 0.30569983136593587 23-000664
0 0.830372681281617 0.826745362563238 0.03120697326575634 0.027268128161888634 23-008817
0 0.20643170320405468 0.8653136593591915 0.023405229949317374 0.021888701517706607 23-012999
0 0.8203726812816261 0.8769999999999989 0.04056906524548326 0.03802698145025287 23-005932
0 0.1337453625632472 0.89168634064081 0.0655346438580884 0.05898819561551427 23-003680
0 0.7090000000000032 0.8960000000000007 0.2484855246285848 0.20664418212478944 23-001028
0 0.6053726812816227 0.9450000000000004 0.03432767059233187 0.028937605396289805 23-007870
0 0.2737453625632337 0.9867453625632381 0.026525927275892806 0.022445193929173983 23-011405
0 0.022765598650927532 0.7925801011804384 0.01854974704890388 0.02023608768971332 
0 0.06661045531197307 0.01770657672849916 0.021922428330522766 0.021922428330522766 
0 0.6037099494097808 0.5421585160202361 0.016863406408094434 0.01854974704890388 
0 0.533726812816189 0.5910623946037099 0.025295109612141653 0.01854974704890388 
0 0.2976391231028668 0.6854974704890388 0.01854974704890388 0.01854974704890388 
0 0.9207419898819562 0.2875210792580101 0.1315345699831366 0.13659359190556492 
