0 0.971902192242827 0.8496273187183827 0.04264923971981665 0.03996627318718384 17-001517
0 0.17637268128162076 0.7100000000000009 0.21455543453747877 0.19460370994940984 17-000116
0 0.6604317032040482 0.287470489038785 0.024823728734124282 0.02866779089376054 17-003347
0 0.33768634064080794 0.09047048903878585 0.028015350999940358 0.029342327150084085 17-002782
0 0.23421585160202762 0.07700000000000184 0.060025849833703626 0.05480607082630692 17-000784
0 0.7649021922428334 0.013786677908938283 0.04371686047612393 0.027573355817876552 17-001685
0 0.9064080944350759 0.800168634064081 0.021922428330522766 0.021922428330522766 
0 0.6509274873524452 0.25463743676222594 0.023608768971332208 0.023608768971332208 
0 0.18128161888701522 0.3718381112984823 0.021922428330522766 0.021922428330522766 
0 0.27655986509274877 0.24451939291736935 0.02023608768971332 0.02023608768971332 
