0 0.4486273187183793 0.011678752107926526 0.021454794120207465 0.021477403035414747 23-017289
0 0.09600000000000364 0.04084991568296865 0.10961449359596914 0.08986981450253102 23-002300
0 0.022999999999996135 0.17137268128161817 0.02477053502969409 0.021703204047217498 23-012443
0 0.31431365935919303 0.2530000000000001 0.19231297275022338 0.1569308600337269 23-001369
0 0.18625463743677428 0.43690219224283405 0.03887061337141671 0.03752107925801017 23-007135
0 0.009072947922455537 0.447372681281618 0.01996048542940218 0.028077571669477195 23-011716
0 0.33562731871837975 0.6855885328836433 0.025940796527160043 0.026762225969645875 23-011912
0 0.02942617428477307 0.937999999999999 0.06473758342650077 0.06269814502529522 23-003517
0 0.781618887015177 0.5177065767284992 0.025295109612141653 0.02023608768971332 
0 0.5092748735244519 0.6703204047217538 0.02023608768971332 0.01517706576728499 
