0 0.3818725524822171 0.034730185497470485 0.038618629416373396 0.031720067453625635 23-006870
0 0.30551534171592476 0.096610455311973 0.10512849118901646 0.09682967959527827 23-002396
0 0.789999999999992 0.10699999999999932 0.14023633611299252 0.12836424957841486 23-001826
0 0.7615105992000619 0.30731028667790894 0.025550709361337947 0.02281618887015182 23-011624
0 0.23414511739791732 0.4146037099494098 0.029841668185379384 0.027453625632377694 23-008982
0 0.6239999999999952 0.4269999999999996 0.023015142783495278 0.019106239460370968 23-014840
0 0.24075237675037653 0.4405143338954468 0.022820099200584323 0.01947723440134914 23-014761
0 0.6560000000000059 0.6389999999999993 0.026720970858803855 0.021703204047217546 23-011577
0 0.35599999999999454 0.7259999999999991 0.024965578612605184 0.022816188870151726 23-011868
0 0.9361809868086247 0.7519999999999989 0.1404018290210256 0.1426475548060707 23-001536
0 0.3429999999999893 0.8610000000000008 0.11488067033456544 0.10424957841483978 23-002215
0 0.8580000000000041 0.9594089376053966 0.12170719573644968 0.08930033726812724 23-002217
0 0.05500000000000693 0.9609999999999985 0.10142266311370798 0.07086003372681278 23-002795
0 0.33799999999999386 0.9852858347386164 0.055587421129628375 0.03237116357504389 23-004311
0 0.09865092748735249 0.8145025295109612 0.025295109612141653 0.02023608768971332 
0 0.6711635750421585 0.3077571669477234 0.026981450252951095 0.025295109612141653 
