0 0.9780000000000088 0.18400000000000105 0.02184488128602937 0.018178752107925803 23-016371
0 0.01300000000000523 0.31700000000000017 0.02184488128602943 0.019106239460370968 23-015697
0 0.8930000000000007 0.39099999999999824 0.032377234763222344 0.029679595278246148 23-008019
0 0.33799999999999386 0.39199999999999946 0.2098668952122113 0.19569983136593588 23-001177
0 0.5180000000000007 0.41000000000000014 0.791291815869834 0.6778077571669477 23-000162
0 0.9039999999999964 0.504999999999999 0.1696879171325502 0.1261382799325463 23-001583
0 0.8019999999999925 0.5339999999999989 0.06572968744099926 0.061399662731871786 23-003596
0 0.5960000000000036 0.5350000000000001 0.020089489039830606 0.018178752107925945 23-017653
0 0.443000000000012 0.5829999999999984 0.0590982056220261 0.053237774030354026 23-004055
0 0.28583473861720066 0.7158516020236088 0.01854974704890388 0.021922428330522766 
0 0.6163575042158516 0.9106239460370995 0.01517706576728499 0.02023608768971332 
0 0.7251264755480608 0.9536256323777403 0.02023608768971332 0.01517706576728499 
