0 0.3999021922428385 0.9231568296795948 0.030552790911634254 0.028397976391231036 23-009388
0 0.4064317032040434 0.8586273187183795 0.02594079652715995 0.026003372681281646 23-011641
0 0.039745362563224806 0.7175682967959518 0.022039924868940512 0.018735244519392843 23-015482
0 0.5705295109612262 0.700254637436763 0.020158540645219974 0.0174367622259697 23-016853
0 0.8490590219224224 0.6306863406408107 0.05792794412456024 0.05231028667790891 23-004127
0 0.49068634064081385 0.6169409780775716 0.02164983770311861 0.019477234401349092 23-015401
0 0.4037453625632291 0.5940000000000012 0.02594079652715995 0.023001686340640787 23-011606
0 0.6667453625632344 0.3802546374367627 0.024380447863872137 0.018920741989882 23-014154
0 0.8553726812816227 0.3299409780775725 0.07840752033021275 0.06232715008431709 23-003320
0 0.7837453625632246 0.2942546374367606 0.03705828075308561 0.03431703204047221 23-006654
0 0.4777453625632414 0.24831365935919059 0.03023175535120148 0.02671163575042164 23-009139
0 0.9217453625632298 0.24231365935919036 0.03452271417524296 0.031349072512647416 23-007458
0 0.9825295109612039 0.2309409780775723 0.03336456391103414 0.03264755480607085 23-006692
0 0.3540000000000134 0.2289999999999992 0.09596144279220073 0.08885328836424967 23-002595
0 0.019424115576396894 0.15303541315345703 0.03884823115279374 0.046374367622259695 23-004652
0 0.7377453625632323 0.14225463743676314 0.038228542250551494 0.03543001686340639 23-006444
0 0.1306913996627319 0.38617200674536256 0.021922428330522766 0.023608768971332208 
0 0.8912310286677909 0.015177065767284947 0.025295109612141653 0.023608768971332208 
0 0.8785834738617201 0.5295109612141653 0.02023608768971332 0.02023608768971332 
