0 0.3999021922428385 0.07684317032040523 0.030552790911634254 0.028397976391231036 23-009388
0 0.4064317032040434 0.14137268128162056 0.02594079652715995 0.026003372681281646 23-011641
0 0.039745362563224806 0.28243170320404815 0.022039924868940512 0.018735244519392843 23-015482
0 0.5705295109612262 0.29974536256323703 0.020158540645219974 0.0174367622259697 23-016853
0 0.8490590219224224 0.36931365935918925 0.05792794412456024 0.05231028667790891 23-004127
0 0.49068634064081385 0.3830590219224284 0.02164983770311861 0.019477234401349092 23-015401
0 0.4037453625632291 0.4059999999999988 0.02594079652715995 0.023001686340640787 23-011606
0 0.6667453625632344 0.6197453625632373 0.024380447863872137 0.018920741989882 23-014154
0 0.8553726812816227 0.6700590219224275 0.07840752033021275 0.06232715008431709 23-003320
0 0.7837453625632246 0.7057453625632394 0.03705828075308561 0.03431703204047221 23-006654
0 0.4777453625632414 0.7516863406408094 0.03023175535120148 0.02671163575042164 23-009139
0 0.9217453625632298 0.7576863406408096 0.03452271417524296 0.031349072512647416 23-007458
0 0.9825295109612039 0.7690590219224277 0.03336456391103414 0.03264755480607085 23-006692
0 0.3540000000000134 0.7710000000000008 0.09596144279220073 0.08885328836424967 23-002595
0 0.019424115576396894 0.846964586846543 0.03884823115279374 0.046374367622259695 23-004652
0 0.7377453625632323 0.8577453625632369 0.038228542250551494 0.03543001686340639 23-006444
0 0.1306913996627319 0.6138279932546374 0.021922428330522766 0.023608768971332208 
0 0.8912310286677909 0.984822934232715 0.025295109612141653 0.023608768971332208 
0 0.8785834738617201 0.47048903878583476 0.02023608768971332 0.02023608768971332 
