0 0.5279999999999916 0.9190000000000005 0.02945158101955767 0.0224451939291737 23-010306
0 0.7580000000000098 0.8299999999999983 0.024770535029694042 0.01854974704890388 23-014646
0 0.46799999999998926 0.815999999999999 0.05461220321507362 0.05045531197301858 23-004327
0 0.7990000000000066 0.815999999999999 0.028476363105002716 0.019291736930860028 23-011719
0 0.3959999999999866 0.7300000000000004 0.05305185455178571 0.049342327150084304 23-004418
0 0.5447658101955822 0.6436027824620575 1.0895316203911645 0.712794435075885 23-000070
0 0.943000000000012 0.5339999999999989 0.02847636310500252 0.025598650927487268 23-009747
0 0.8189999999999884 0.3689999999999998 0.16539695830850848 0.14283305227655976 23-001575
0 0.4856661045531197 0.18381112984822934 0.9679595278246206 0.3676222596964587 
0 0.6871838111298483 0.6441821247892074 0.02866779089376054 0.023608768971332208 
0 0.10961214165261383 0.8718381112984823 0.016863406408094434 0.023608768971332208 
0 0.5860033726812817 0.8035413153456998 0.01854974704890388 0.01517706576728499 
0 0.4881956155143339 0.6821247892074199 0.01854974704890388 0.01854974704890388 
0 0.9890387858347386 0.678752107925801 0.01854974704890388 0.01854974704890388 
