0 0.649725126475554 0.755470489038785 0.05648334953938794 0.045868465430016846 17-000966
0 0.8419409780775658 0.7456863406408092 0.02305435192081757 0.022934232715008374 17-005543
0 0.4326273187183882 0.7054704890387842 0.024650163053725558 0.023271500843170242 17-004451
0 0.34594097807757074 0.6278431703204037 0.03635652469608607 0.03456998313659359 17-002255
0 0.777627318718387 0.5676273187183827 0.02713253592713794 0.029848229342327177 17-003595
0 0.2824704890387824 0.5253136593591916 0.09159494113106578 0.07672849915682968 17-000504
0 0.5753136593591888 0.4750000000000014 0.022699727224615697 0.023608768971332208 17-005259
0 0.534470489038792 0.3943136593591914 0.029343320276846056 0.02967959527824605 17-002152
0 0.13362731871838157 0.3936863406408089 0.026774164563234098 0.027487352445193854 17-003030
0 0.8395682967959518 0.3058431703204044 0.03688846174038878 0.03608768971332205 17-002121
0 0.04300168634064081 0.26391231028667794 0.025295109612141653 0.025295109612141653 
