0 0.4720000000000084 0.08099999999999952 0.02945158101955767 0.0224451939291737 23-010306
0 0.24199999999999022 0.1700000000000017 0.024770535029694042 0.01854974704890388 23-014646
0 0.5320000000000107 0.18400000000000105 0.05461220321507362 0.05045531197301858 23-004327
0 0.2009999999999934 0.18400000000000105 0.028476363105002716 0.019291736930860028 23-011719
0 0.6040000000000134 0.2699999999999996 0.05305185455178571 0.049342327150084304 23-004418
0 0.45523418980441777 0.3563972175379425 1.0895316203911645 0.712794435075885 23-000070
0 0.05699999999998795 0.4660000000000011 0.02847636310500252 0.025598650927487268 23-009747
0 0.1810000000000116 0.6310000000000002 0.16539695830850848 0.14283305227655976 23-001575
0 0.5143338954468804 0.8161888701517707 0.9679595278246206 0.3676222596964587 
0 0.3128161888701517 0.35581787521079256 0.02866779089376054 0.023608768971332208 
0 0.8903878583473862 0.1281618887015177 0.016863406408094434 0.023608768971332208 
0 0.41399662731871834 0.19645868465430016 0.01854974704890388 0.01517706576728499 
0 0.5118043844856661 0.3178752107925801 0.01854974704890388 0.01854974704890388 
0 0.010961214165261413 0.321247892074199 0.01854974704890388 0.01854974704890388 
