0 0.4096273187183778 0.9214704890387854 0.021990477832212148 0.021585160202360874 17-005642
0 0.9189679452073796 0.9190590219224298 0.16206410958524092 0.1537942664418213 17-000159
0 0.5197841483979773 0.8786273187183826 0.04620298001723861 0.03912310286677907 17-001795
0 0.5889409780775657 0.8372546374367634 0.046995265582139435 0.0451939291736931 17-001366
0 0.35362731871838043 0.838470489038787 0.13564394629717946 0.12866779089376057 17-000222
0 0.7532546374367673 0.8168431703204037 0.03263296538596748 0.027487352445193947 17-002963
0 0.4483136593591934 0.768784148397976 0.030324158192954014 0.0352445193929174 17-002708
0 0.1380978077571724 0.6721568296795936 0.0447807345647293 0.03794266441821248 17-001564
0 0.69978414839797 0.6153136593591915 0.029531872628052812 0.025969645868465393 17-004282
0 0.4856273187183855 0.046470489038785256 0.024650163053725607 0.024114671163574967 17-004308
