0 0.5903726812816221 0.9214704890387854 0.021990477832212148 0.021585160202360874 17-005642
0 0.08103205479262043 0.9190590219224298 0.16206410958524092 0.1537942664418213 17-000159
0 0.48021585160202274 0.8786273187183826 0.04620298001723861 0.03912310286677907 17-001795
0 0.41105902192243426 0.8372546374367634 0.046995265582139435 0.0451939291736931 17-001366
0 0.6463726812816195 0.838470489038787 0.13564394629717946 0.12866779089376057 17-000222
0 0.24674536256323265 0.8168431703204037 0.03263296538596748 0.027487352445193947 17-002963
0 0.5516863406408066 0.768784148397976 0.030324158192954014 0.0352445193929174 17-002708
0 0.8619021922428276 0.6721568296795936 0.0447807345647293 0.03794266441821248 17-001564
0 0.30021585160203 0.6153136593591915 0.029531872628052812 0.025969645868465393 17-004282
0 0.5143726812816145 0.046470489038785256 0.024650163053725607 0.024114671163574967 17-004308
