0 0.957081916320481 0.017000337268127913 0.03861862941637359 0.03008026981450303 23-006575
0 0.6463136593591867 0.12831365935918956 0.0253556657784269 0.023743676222596984 23-011330
0 0.3563136593591946 0.15368634064081046 0.036668193587263684 0.029865092748735257 23-007406
0 0.42662731871838794 0.2840590219224282 0.025745752944248995 0.020404721753794305 23-012569
0 0.3536273187183804 0.3000000000000007 0.14979347167563029 0.13485666104553123 23-001730
0 0.503313659359186 0.3309999999999995 0.023600273532228135 0.0209612141652613 23-013408
0 0.8218618103278008 0.3410000000000011 0.3919040172788383 0.4401854974704892 23-000353
0 0.033554443003103056 0.3760000000000012 0.07381977460682673 0.1240978077571669 23-001914
0 0.6899999999999977 0.38599999999999923 0.023795317115139086 0.01984822934232712 23-013968
0 0.6450000000000102 0.45799999999999835 0.07216612567706164 0.06251264755480615 23-003439
0 0.7460000000000093 0.4869999999999984 0.20421063130779302 0.16861720067453628 23-001280
0 0.42500000000001137 0.5180000000000007 0.07548186658654808 0.0697470489038786 23-003221
0 0.9013136593591822 0.6232158516020234 0.030621842517023577 0.0321416526138279 23-008884
0 0.9317841483979835 0.7759999999999998 0.03172305240909997 0.031231028667791056 23-009820
0 0.22131365935920375 0.8249999999999993 0.15818034574080236 0.14172006745362567 23-001624
0 0.41947048903878287 0.9346863406408092 0.024116352675571766 0.02173693086003351 23-015560
0 0.9256273187183831 0.9460000000000015 0.05558742112962857 0.05008431703204055 23-004289
0 0.45446880269814505 0.8313659359190556 0.021922428330522766 0.023608768971332208 
0 0.5236087689713322 0.7731871838111298 0.01854974704890388 0.01854974704890388 
