0 0.028097807757172973 0.8496273187183827 0.04264923971981665 0.03996627318718384 17-001517
0 0.8236273187183792 0.7100000000000009 0.21455543453747877 0.19460370994940984 17-000116
0 0.3395682967959518 0.287470489038785 0.024823728734124282 0.02866779089376054 17-003347
0 0.6623136593591921 0.09047048903878585 0.028015350999940358 0.029342327150084085 17-002782
0 0.7657841483979724 0.07700000000000184 0.060025849833703626 0.05480607082630692 17-000784
0 0.23509780775716657 0.013786677908938283 0.04371686047612393 0.027573355817876552 17-001685
0 0.09359190556492411 0.800168634064081 0.021922428330522766 0.021922428330522766 
0 0.3490725126475548 0.25463743676222594 0.023608768971332208 0.023608768971332208 
0 0.8187183811129848 0.3718381112984823 0.021922428330522766 0.021922428330522766 
0 0.7234401349072512 0.24451939291736935 0.02023608768971332 0.02023608768971332 
