0 0.5279999999999916 0.08099999999999952 0.02945158101955767 0.0224451939291737 23-010306
0 0.7580000000000098 0.1700000000000017 0.024770535029694042 0.01854974704890388 23-014646
0 0.46799999999998926 0.18400000000000105 0.05461220321507362 0.05045531197301858 23-004327
0 0.7990000000000066 0.18400000000000105 0.028476363105002716 0.019291736930860028 23-011719
0 0.3959999999999866 0.2699999999999996 0.05305185455178571 0.049342327150084304 23-004418
0 0.5447658101955822 0.3563972175379425 1.0895316203911645 0.712794435075885 23-000070
0 0.943000000000012 0.4660000000000011 0.02847636310500252 0.025598650927487268 23-009747
0 0.8189999999999884 0.6310000000000002 0.16539695830850848 0.14283305227655976 23-001575
0 0.4856661045531197 0.8161888701517707 0.9679595278246206 0.3676222596964587 
0 0.6871838111298483 0.35581787521079256 0.02866779089376054 0.023608768971332208 
0 0.10961214165261383 0.1281618887015177 0.016863406408094434 0.023608768971332208 
0 0.5860033726812817 0.19645868465430016 0.01854974704890388 0.01517706576728499 
0 0.4881956155143339 0.3178752107925801 0.01854974704890388 0.01854974704890388 
0 0.9890387858347386 0.321247892074199 0.01854974704890388 0.01854974704890388 
