0 0.6713726812816252 0.08605902192242786 0.022625055617673372 0.019106239460371016 23-015118
0 0.8553726812816227 0.09168634064080931 0.03764341150181859 0.03190556492411467 23-006937
0 0.17388623381008694 0.11926644182124788 0.2432193478899883 0.22352445193929177 23-001000
0 0.1533726812816245 0.1780590219224266 0.029061493853735573 0.025598650927487365 23-009771
0 0.871686340640814 0.1750000000000007 0.03686323717017468 0.03357504215851601 23-006785
0 0.4703726812816318 0.23105902192242742 0.036278106421441775 0.033760539629005056 23-006846
0 0.7110000000000127 0.278059021922428 0.027111058024625854 0.024300168634064027 23-010645
0 0.4776863406408085 0.2756863406408104 0.03803349866764054 0.034873524451939204 23-006483
0 0.1910000000000025 0.334059021922429 0.02613584011007109 0.021517706576728485 23-012164
0 0.29337268128161087 0.3350590219224266 0.029841668185379384 0.024671163575042152 23-009844
0 0.26037268128162394 0.3373726812816185 0.022234968451851467 0.019662731871838153 23-014886
0 0.7613726812816286 0.3865885328836438 0.02223496845185137 0.0241652613827993 23-015273
0 0.04668634064079691 0.4009999999999998 0.06533960027517735 0.05787521079258009 23-003723
0 0.664999999999992 0.7689999999999984 0.33684026768725744 0.28325463743676216 23-000714
0 0.12999999999999545 0.9009999999999998 0.18685175242871593 0.16472175379426654 23-001354
0 0.7639123102866779 0.4772344013490725 0.016863406408094434 0.013490725126475547 
0 0.15345699831365933 0.6989881956155143 0.02023608768971332 0.01854974704890388 
