0 0.6968819561551369 0.9020387858347388 0.023015142783495278 0.023237774030354135 23-015731
0 0.5096273187183864 0.8923136593591889 0.06416933877771144 0.05861720067453627 23-003739
0 0.38900000000001 0.8560000000000016 0.13477511579148524 0.11092748735244524 23-001945
0 0.4853136593591853 0.6949409780775709 0.07470169225490422 0.06418212478920743 23-003351
0 0.02831365935919169 0.6683136593591923 0.026720970858803865 0.024114671163574967 23-010702
0 0.9029409780775588 0.6349409780775722 0.024770535029694233 0.023962900505902253 23-012849
0 0.9492546374367511 0.6232546374367612 0.08172326123969928 0.07512647554806073 23-003031
0 0.4473136593592028 0.4616273187183809 0.022234968451851276 0.022293423271500887 23-015405
0 0.9594703390823418 0.4349999999999987 0.0891652540188481 0.11946037099494083 23-001921
0 0.21031365935917964 0.36650927487352347 0.1659820890572415 0.14988195615514333 23-001521
0 0.4695363233198376 0.44087689713322087 0.2818379773063619 0.22408094435075884 23-000798
0 0.20247048903879833 0.31962731871838146 0.02743209358505844 0.025261382799325494 23-012065
0 0.10608712508426668 0.20512647554806074 0.21217425016853336 0.30569983136593587 23-000664
0 0.16962731871838294 0.17325463743676195 0.03120697326575634 0.027268128161888634 23-008817
0 0.7935682967959453 0.13468634064080853 0.023405229949317374 0.021888701517706607 23-012999
0 0.17962731871837384 0.12300000000000111 0.04056906524548326 0.03802698145025287 23-005932
0 0.8662546374367528 0.10831365935919002 0.0655346438580884 0.05898819561551427 23-003680
0 0.2909999999999968 0.10399999999999932 0.2484855246285848 0.20664418212478944 23-001028
0 0.39462731871837725 0.054999999999999605 0.03432767059233187 0.028937605396289805 23-007870
0 0.7262546374367663 0.013254637436761918 0.026525927275892806 0.022445193929173983 23-011405
0 0.9772344013490725 0.20741989881956158 0.01854974704890388 0.02023608768971332 
0 0.9333895446880269 0.9822934232715008 0.021922428330522766 0.021922428330522766 
0 0.3962900505902192 0.4578414839797639 0.016863406408094434 0.01854974704890388 
0 0.4662731871838111 0.4089376053962901 0.025295109612141653 0.01854974704890388 
0 0.7023608768971332 0.31450252951096125 0.01854974704890388 0.01854974704890388 
0 0.07925801011804384 0.7124789207419899 0.1315345699831366 0.13659359190556492 
