0 0.4720000000000084 0.9190000000000005 0.02945158101955767 0.0224451939291737 23-010306
0 0.24199999999999022 0.8299999999999983 0.024770535029694042 0.01854974704890388 23-014646
0 0.5320000000000107 0.815999999999999 0.05461220321507362 0.05045531197301858 23-004327
0 0.2009999999999934 0.815999999999999 0.028476363105002716 0.019291736930860028 23-011719
0 0.6040000000000134 0.7300000000000004 0.05305185455178571 0.049342327150084304 23-004418
0 0.45523418980441777 0.6436027824620575 1.0895316203911645 0.712794435075885 23-000070
0 0.05699999999998795 0.5339999999999989 0.02847636310500252 0.025598650927487268 23-009747
0 0.1810000000000116 0.3689999999999998 0.16539695830850848 0.14283305227655976 23-001575
0 0.5143338954468804 0.18381112984822934 0.9679595278246206 0.3676222596964587 
0 0.3128161888701517 0.6441821247892074 0.02866779089376054 0.023608768971332208 
0 0.8903878583473862 0.8718381112984823 0.016863406408094434 0.023608768971332208 
0 0.41399662731871834 0.8035413153456998 0.01854974704890388 0.01517706576728499 
0 0.5118043844856661 0.6821247892074199 0.01854974704890388 0.01854974704890388 
0 0.010961214165261413 0.678752107925801 0.01854974704890388 0.01854974704890388 
