0 0.957081916320481 0.9829996627318721 0.03861862941637359 0.03008026981450303 23-006575
0 0.6463136593591867 0.8716863406408104 0.0253556657784269 0.023743676222596984 23-011330
0 0.3563136593591946 0.8463136593591896 0.036668193587263684 0.029865092748735257 23-007406
0 0.42662731871838794 0.7159409780775718 0.025745752944248995 0.020404721753794305 23-012569
0 0.3536273187183804 0.6999999999999993 0.14979347167563029 0.13485666104553123 23-001730
0 0.503313659359186 0.6690000000000005 0.023600273532228135 0.0209612141652613 23-013408
0 0.8218618103278008 0.6589999999999989 0.3919040172788383 0.4401854974704892 23-000353
0 0.033554443003103056 0.6239999999999988 0.07381977460682673 0.1240978077571669 23-001914
0 0.6899999999999977 0.6140000000000008 0.023795317115139086 0.01984822934232712 23-013968
0 0.6450000000000102 0.5420000000000016 0.07216612567706164 0.06251264755480615 23-003439
0 0.7460000000000093 0.5130000000000017 0.20421063130779302 0.16861720067453628 23-001280
0 0.42500000000001137 0.4819999999999993 0.07548186658654808 0.0697470489038786 23-003221
0 0.9013136593591822 0.3767841483979766 0.030621842517023577 0.0321416526138279 23-008884
0 0.9317841483979835 0.2240000000000002 0.03172305240909997 0.031231028667791056 23-009820
0 0.22131365935920375 0.1750000000000007 0.15818034574080236 0.14172006745362567 23-001624
0 0.41947048903878287 0.06531365935919076 0.024116352675571766 0.02173693086003351 23-015560
0 0.9256273187183831 0.053999999999998494 0.05558742112962857 0.05008431703204055 23-004289
0 0.45446880269814505 0.1686340640809444 0.021922428330522766 0.023608768971332208 
0 0.5236087689713322 0.22681281618887017 0.01854974704890388 0.01854974704890388 
