0 0.04856491517082431 0.04899999999999949 0.10684281337581349 0.09386172006745365 23-002392
0 0.17900000000000205 0.16799999999999926 0.029646624602468526 0.024485666104553088 23-009845
0 0.7059999999999889 0.21000000000000085 0.0739215179232604 0.0649241146711636 23-003367
0 0.242999999999995 0.2220000000000013 0.026916014441714806 0.019291736930860028 23-012923
0 0.03899999999998727 0.23499999999999946 0.023405229949317253 0.019291736930860028 23-014135
0 0.41100000000000136 0.2789999999999999 0.020479576205652605 0.01854974704890388 23-016975
0 0.32800000000000296 0.5609999999999999 0.10395822969155084 0.09330522765598638 23-002441
0 0.5080000000000098 0.5620000000000012 0.31987147597400223 0.2901180438448566 23-000727
0 0.657999999999987 0.5919999999999987 0.02613584011007109 0.021517706576728485 23-012092
0 0.3369999999999891 0.6409999999999982 0.10317805535990685 0.08940978077571667 23-002472
0 0.2909999999999968 0.7210000000000001 0.02125975053729651 0.01762225969645876 23-017067
0 0.009149213053781035 0.75 0.020128268718318274 0.024485666104553282 23-010015
0 0.21000000000000796 0.8299999999999983 0.03120697326575634 0.02819561551433394 23-008584
0 0.32499999999998863 0.869655143338954 0.32845339362208537 0.2867586846543014 23-000694
0 0.2400000000000091 0.9050000000000011 0.03452271417524291 0.02838111298482281 23-007903
0 0.7769999999999868 0.9349999999999987 0.022820099200584323 0.018178752107925755 23-015333
0 0.33500000000000796 0.9639999999999985 0.02633088369298195 0.021332209106239612 23-011930
0 0.7748735244519392 0.46037099494097805 0.025295109612141653 0.02023608768971332 
0 0.7065767284991569 0.7959527824620574 0.02023608768971332 0.02023608768971332 
0 0.8372681281618887 0.8077571669477235 0.025295109612141653 0.02023608768971332 
0 0.9308600337268128 0.9519392917369308 0.023608768971332208 0.021922428330522766 
