0 0.6132848927092455 0.8867660202360872 0.36196309822400485 0.22646795952782559 23-000833
0 0.540881956155131 0.8693136593591893 0.023738501292739748 0.02114671163575041 23-013246
0 0.2761956155143448 0.8666273187183822 0.07631633886674136 0.06826306913996626 23-003246
0 0.12062731871837634 0.7330000000000005 0.17440931941525217 0.16268128161888706 23-001425
0 0.36756829679595754 0.6669409780775722 0.03747151856953118 0.0319055649241147 23-006963
0 0.059568296795964835 0.6506863406408103 0.025737880846679346 0.0202529510961214 23-017591
0 0.06045422706953735 0.6449999999999996 0.13299929955298218 0.16397976391231034 23-001252
0 0.25956829679595345 0.5886863406408092 0.0939730753654733 0.08069139966273191 23-002740
0 0.40372512647555897 0.20831365935919133 0.02444391212806397 0.023035413153457137 23-014484
0 0.1150000000000091 0.014304384485665844 0.027662220514680046 0.02860876897133188 23-011783
0 0.851602023608769 0.4907251264755481 0.03035413153456998 0.03035413153456998 
