0 0.3720000000000141 0.05205902192242857 0.15439835138335598 0.11452984822934285 23-001721
0 0.8959999999999866 0.07410455311972966 0.20128679608554395 0.1630300168634053 23-001254
0 0.572702393831216 0.08319561551433388 0.024915617059321663 0.019106239460371016 23-013725
0 0.7854568335433667 0.26774873524451936 0.020991897837381174 0.01762225969645876 23-017230
0 0.5349999999999966 0.38700000000000045 0.02118808379847835 0.017993254637436694 23-016898
0 0.7508659438737261 0.5139713322091063 0.026092732825903773 0.0209612141652613 23-012434
0 0.5752297582308679 0.5417453625632378 0.03335161338649361 0.02949409780775718 23-007946
0 0.5579999999999927 0.690999999999999 0.13850728853449723 0.12298482293423282 23-001876
0 0.26270999486392393 0.8407504215851602 0.024327059176030705 0.021703204047217546 23-012595
0 0.27000000000001023 0.8615691399662724 0.4245464198139547 0.3045478920742009 23-000482
0 0.4291672534013163 0.8975295109612141 0.02530798898151583 0.022816188870151726 23-011821
0 0.30400000000000205 0.9450000000000004 0.06650704081189032 0.057318718381113 23-003720
0 0.5657672849915683 0.34654300168634067 0.021922428330522766 0.01854974704890388 
0 0.6686340640809444 0.23693086003372682 0.021922428330522766 0.025295109612141653 
0 0.6222596964586846 0.8718381112984823 0.02023608768971332 0.016863406408094434 
