0 0.4316273187183834 0.8806273187183815 0.07867057039990567 0.06752107925801011 23-003220
0 0.7196273187183942 0.7628431703204052 0.025111803020418842 0.0213490725126475 23-013290
0 0.5521568296795926 0.7419409780775716 0.022874424439287794 0.020994940978077647 23-017293
0 0.21331365935919397 0.38899999999999935 0.3301809725262872 0.30384485666104566 23-000693
0 0.8686273187183953 0.3559409780775723 0.02177664168176931 0.02118043844856671 23-016567
0 0.7379999999999995 0.2839999999999989 0.2326765498610675 0.19811129848229325 23-001106
0 0.8760000000000048 0.21999999999999886 0.14243100775643763 0.12836424957841486 23-001813
0 0.6980000000000075 0.13500000000000167 0.27701457706899424 0.229274873524452 23-000956
0 0.41700000000000154 0.12900000000000122 0.033743985308687725 0.030421585160202394 23-007726
0 0.1055694636176954 0.09874451939291817 0.23225281995892988 0.21723794266442 23-000814
0 0.8290000000000078 0.0940000000000013 0.13674161488462405 0.10387858347386157 23-002032
0 0.45699999999999363 0.07315261382799398 0.3239030217711826 0.16093575042158703 23-000716
0 0.8476273187183802 0.031059021922428154 0.05846341640691254 0.04693086003372669 23-004125
0 0.9662731871838112 0.8777403035413154 0.02023608768971332 0.01854974704890388 
0 0.3372681281618887 0.9603709949409781 0.023608768971332208 0.021922428330522766 
