0 0.8570590219224322 0.989686340640809 0.02059952591518725 0.01836424957841484 23-017192
0 0.3959999999999866 0.9469999999999992 0.12242003972454148 0.11018549747048904 23-002114
0 0.40274536256322435 0.9289999999999985 0.025896546864806788 0.02225969645868466 23-011676
0 0.11343170320403706 0.8969999999999985 0.02393468725383654 0.021517706576728506 23-012964
0 0.3430590219224221 0.8466273187183825 0.04257235355805369 0.03932546374367626 23-005647
0 0.4989999999999952 0.690126475548061 0.8230001068020054 0.6817217537942659 23-000134
0 0.6695295109612158 0.6411568296795948 0.028367631350004367 0.021720067453625626 23-012219
0 0.2416863406408185 0.5856273187183798 0.025111803020418842 0.022074198988195574 23-012202
0 0.10300000000000875 0.5159999999999982 0.21031135029600695 0.18252951096121423 23-001209
0 0.010127587619576772 0.45700000000000074 0.02228069276306889 0.01984822934232731 23-014538
0 0.026999999999986923 0.4469999999999992 0.03570584491965802 0.025598650927487268 23-008404
0 0.01279331562818542 0.4259999999999984 0.02814529438200774 0.02930860033726812 23-007485
0 0.3610590219224229 0.36599999999999966 0.022561385526157638 0.01873524451939294 23-015030
0 0.6798043844856725 0.27225463743676215 0.12732468875196698 0.11408094435075901 23-002037
0 0.11305902192243233 0.26462731871838185 0.04433802720792695 0.03709949409780776 23-005721
0 0.2596863406408193 0.06294097807757315 0.07631633886674145 0.06344013490725108 23-003348
0 0.37268128161888703 0.04637436762225966 0.023608768971332208 0.021922428330522766 
0 0.9173693086003373 0.6627318718381112 0.02023608768971332 0.02023608768971332 
0 0.9637436762225969 0.6745362563237773 0.021922428330522766 0.026981450252951095 
