0 0.10605902192242744 0.8543136593591922 0.03101706670892634 0.03018549747048905 17-002628
0 0.14943170320405263 0.8154704890387872 0.029914990828283323 0.029679595278246197 17-004911
0 0.15596820601060535 0.7700590219224288 0.3119364120212108 0.30269814502529513 17-000063
0 0.5617453625632446 0.722843170320406 0.02639592931123555 0.029173693086003392 17-002693
0 0.6769021922428395 0.6388431703204064 0.02451525247755377 0.025463743676222634 17-003649
0 0.7077453625632312 0.6158431703204033 0.02299127739132106 0.021922428330522766 17-005224
0 0.07974536256323106 0.5553726812816185 0.02996294678572687 0.03035413153456998 17-002401
0 0.14152951096121003 0.5234704890387857 0.024677618032130505 0.022596964586846506 17-005047
0 0.07968634064081237 0.5063726812816189 0.023899017079091738 0.02512647554806067 17-003826
0 0.9679021922428364 0.43831365935919187 0.04483126676300633 0.03929173693086015 17-001352
