0 0.8171236937680367 0.9909096964586839 0.025111803020418842 0.01818060708263228 23-012654
0 0.2560000000000002 0.7160000000000011 0.03786389049172515 0.033018549747048875 23-006940
0 0.23799999999999955 0.7100000000000009 0.036294402802948975 0.03246205733558179 23-007136
0 0.0800000000000125 0.6819409780775729 0.02628891878700088 0.0224451939291737 23-011573
0 0.5029409780775815 0.674313659359189 0.061602391784464805 0.053979763912310366 23-003967
0 0.756627318718372 0.62062731871838 0.02177664168176931 0.017993254637436788 23-016596
0 0.44056829679596504 0.4948431703204046 0.027111182574358444 0.024536256323777518 23-014103
0 0.10004984983579532 0.36799999999999855 0.22010966963874967 0.19458684654300165 23-001104
0 0.16631365935919692 0.2259999999999991 0.020207153992993228 0.018178752107925945 23-017488
0 0.1703136593591876 0.13731365935918993 0.02471943109822468 0.02207419898819567 23-012339
0 0.9019999999999869 0.12999999999999912 0.022169013603963283 0.018920741989882 23-015530
0 0.23794097807756667 0.0519999999999996 0.035117287036366865 0.028937605396289805 23-007670
0 0.2015177065767285 0.49662731871838106 0.403035413153457 0.8145025295109612 
