0 0.18287630623196327 0.00909030354131614 0.025111803020418842 0.01818060708263228 23-012654
0 0.7439999999999998 0.2839999999999989 0.03786389049172515 0.033018549747048875 23-006940
0 0.7620000000000005 0.28999999999999915 0.036294402802948975 0.03246205733558179 23-007136
0 0.9199999999999875 0.31805902192242713 0.02628891878700088 0.0224451939291737 23-011573
0 0.49705902192241846 0.3256863406408111 0.061602391784464805 0.053979763912310366 23-003967
0 0.24337268128162803 0.3793726812816201 0.02177664168176931 0.017993254637436788 23-016596
0 0.559431703204035 0.5051568296795954 0.027111182574358444 0.024536256323777518 23-014103
0 0.8999501501642047 0.6320000000000014 0.22010966963874967 0.19458684654300165 23-001104
0 0.833686340640803 0.7740000000000009 0.020207153992993228 0.018178752107925945 23-017488
0 0.8296863406408124 0.8626863406408101 0.02471943109822468 0.02207419898819567 23-012339
0 0.09800000000001308 0.8700000000000009 0.022169013603963283 0.018920741989882 23-015530
0 0.7620590219224334 0.9480000000000004 0.035117287036366865 0.028937605396289805 23-007670
0 0.7984822934232715 0.5033726812816189 0.403035413153457 0.8145025295109612 
