0 0.013242552374048958 0.9877807757166956 0.026485104748097916 0.022779089376055685 23-011011
0 0.018694876887761835 0.7729999999999997 0.04112872915307604 0.05806070826306915 23-003538
0 0.21494097807757054 0.6982546374367604 0.03413635723088174 0.030236087689713333 23-007710
0 0.21431365935919874 0.5543136593591915 0.24739049694334414 0.220185497470489 23-001002
0 0.7692464778411128 0.4770000000000003 0.5076577487495516 0.8525463743676224 23-000104
0 0.59162731871838 0.215704890387858 0.3682410489791095 0.31126475548060734 23-000649
0 0.7986273187183737 0.21862731871838237 0.027073662631388898 0.023187183811129847 23-011086
0 0.08294097807756554 0.12462731871838129 0.03982575010269537 0.03672849915682963 23-006151
0 0.48462731871838066 0.10731365935919235 0.05336258141838985 0.04693086003372669 23-004515
0 0.04278414839797343 0.03994097807757335 0.022482052517093724 0.022107925801011636 23-016573
0 0.9637436762225969 0.5472175379426645 0.02866779089376054 0.025295109612141653 
0 0.4612141652613828 0.769814502529511 0.025295109612141653 0.021922428330522766 
0 0.47386172006745364 0.7588532883642496 0.0 0.0 
