0 0.18299999999999272 0.7979409780775725 0.021384269759575338 0.017993254637436742 23-016689
0 0.5852546374367752 0.6436273187183796 0.026681290709194925 0.024114671163574967 23-010883
0 0.6310000000000002 0.6110000000000007 0.208349490685037 0.19328836424957846 23-001191
0 0.24899999999999523 0.5773136593591912 0.03138975377552346 0.02689713322091065 23-008922
0 0.8830000000000098 0.49099999999999966 0.04865411835206141 0.04062394603709955 23-005130
0 0.33500000000000796 0.46199999999999974 0.3751075576175053 0.32666104553119724 23-000604
0 0.767313659359196 0.4303136593591892 0.023346129370545584 0.0174367622259697 23-015363
0 0.5319409780775779 0.2839999999999989 0.023934687253836733 0.02003372681281637 23-013658
0 0.9163993869100594 0.23400000000000176 0.18392134879786912 0.18234401349072513 23-001214
0 0.46294097807756096 0.1276273187183813 0.022561385526157447 0.01743676222596951 23-016547
0 0.8090211688248912 0.12980185497470564 0.4201534285852396 0.2855640809443521 23-000407
0 0.5009409780775719 0.10625463743676189 0.0257003609037098 0.021332209106239612 23-012377
0 0.08631365935918442 0.04031365935919218 0.04316091144134474 0.03802698145025287 23-005705
0 0.43031365935917854 0.03294097807757179 0.02648510474809789 0.023929173693086097 23-010911
0 0.05564924114671164 0.9401349072512648 0.11129848229342328 0.11973018549747048 
0 0.3111298482293423 0.0792580101180439 0.021922428330522766 0.023608768971332208 
0 0.04131534569983136 0.23777403035413158 0.01854974704890388 0.02023608768971332 
0 0.3650927487352445 0.36424957841483985 0.01854974704890388 0.016863406408094434 
