0 0.9867574476259511 0.9877807757166956 0.026485104748097916 0.022779089376055685 23-011011
0 0.9813051231122382 0.7729999999999997 0.04112872915307604 0.05806070826306915 23-003538
0 0.7850590219224295 0.6982546374367604 0.03413635723088174 0.030236087689713333 23-007710
0 0.7856863406408012 0.5543136593591915 0.24739049694334414 0.220185497470489 23-001002
0 0.23075352215888723 0.4770000000000003 0.5076577487495516 0.8525463743676224 23-000104
0 0.40837268128161996 0.215704890387858 0.3682410489791095 0.31126475548060734 23-000649
0 0.20137268128162633 0.21862731871838237 0.027073662631388898 0.023187183811129847 23-011086
0 0.9170590219224345 0.12462731871838129 0.03982575010269537 0.03672849915682963 23-006151
0 0.5153726812816193 0.10731365935919235 0.05336258141838985 0.04693086003372669 23-004515
0 0.9572158516020266 0.03994097807757335 0.022482052517093724 0.022107925801011636 23-016573
0 0.036256323777403066 0.5472175379426645 0.02866779089376054 0.025295109612141653 
0 0.5387858347386172 0.769814502529511 0.025295109612141653 0.021922428330522766 
0 0.5261382799325464 0.7588532883642496 0.0 0.0 
