0 0.19778414839797456 0.03662731871838026 0.026477112088523966 0.0254637436762226 17-003656
0 0.3369409780775704 0.13909780775716651 0.10819503907421958 0.09898819561551436 17-000366
0 0.2816273187183777 0.24515682967959396 0.08893314471196657 0.07942664418212475 17-000521
0 0.1620978077571733 0.527000000000001 0.025569372400753333 0.026644182124789324 17-005146
0 0.2427841483979763 0.6496863406408092 0.027190515583422257 0.0279932546374368 17-003126
0 0.787843170320411 0.7782546374367624 0.028438971699494164 0.029173693086003295 17-002819
0 0.2119409780775704 0.8014704890387843 0.023704680886219305 0.024451939291736932 17-005427
0 0.644999999999996 0.8497841483979756 0.05293823885790018 0.054131534569983174 17-001034
0 0.17147048903879242 0.9388726812816188 0.2056398135859726 0.12225463743676235 17-000135
0 0.11045531197301856 0.09190556492411467 0.021922428330522766 0.021922428330522766 
0 0.9814502529510961 0.7715008431703204 0.023608768971332208 0.025295109612141653 
