0 0.01715682967959596 0.0793726812816194 0.024051540205869904 0.022849915682967955 23-014895
0 0.978790960701937 0.1606273187183826 0.03553003822639613 0.032091062394603714 23-006803
0 0.727313659359204 0.30278414839797496 0.022757571487254623 0.0198650927487352 23-015506
0 0.6436273187183724 0.3844704890387863 0.08789131057146576 0.08244519392917367 23-002942
0 0.7343136593591806 0.45262731871838063 0.028643150320164977 0.024671163575042152 23-010028
0 0.20400000000000773 0.6144704890387868 0.03550965895856091 0.03659359190556481 23-007228
0 0.8846273187183864 0.7089999999999996 0.02530798898151583 0.01966273187183825 23-013189
0 0.4449999999999932 0.9830000000000005 0.041591423752568565 0.03376053962900503 23-006247
0 0.25899999999998613 0.989158516020236 0.04021812202488947 0.0238512647554807 23-006362
0 0.44350758853288363 0.7411467116357504 0.8870151770657673 0.5177065767284992 
