0 0.7560590219224331 0.1087453625632381 0.033743985308687774 0.02949409780775718 23-007915
0 0.05705902192242085 0.10699999999999932 0.020991897837381365 0.018920741989881956 23-016070
0 0.28437268128162485 0.20231365935919118 0.029624080125650293 0.026155143338954454 23-009383
0 0.7836141681043863 0.47693929173693084 0.4327716637912274 0.40531197301854976 23-000399
0 0.3356863406408126 0.34431365935919067 0.028839336281262347 0.02133220910623942 23-010964
0 0.5232158516020291 0.4750590219224272 0.022285866555996642 0.02118043844856652 23-017486
0 0.5240000000000009 0.4789999999999992 0.27466034553583024 0.24170320404721757 23-000894
0 0.42500000000001137 0.5903726812816186 0.020795711876284186 0.018920741989882 23-016527
0 0.8766863406408094 0.6773726812816183 0.07415829329467413 0.06807757166947724 23-003300
0 0.8016863406408208 0.7227453625632388 0.07003838811163668 0.06158516020236084 23-003506
0 0.8926863406408005 0.7353726812816181 0.041787609713665595 0.037841483979763814 23-005871
0 0.031313659359177626 0.7987453625632394 0.023149943409448596 0.02003372681281637 23-014091
0 0.014000000000010004 0.8019999999999996 0.027662220514680046 0.024300168634064218 23-010329
0 0.4619999999999891 0.9750000000000014 0.029035522242359335 0.024671163575041958 23-009903
