0 0.2439409780775669 0.1087453625632381 0.033743985308687774 0.02949409780775718 23-007915
0 0.9429409780775792 0.10699999999999932 0.020991897837381365 0.018920741989881956 23-016070
0 0.7156273187183751 0.20231365935919118 0.029624080125650293 0.026155143338954454 23-009383
0 0.2163858318956137 0.47693929173693084 0.4327716637912274 0.40531197301854976 23-000399
0 0.6643136593591874 0.34431365935919067 0.028839336281262347 0.02133220910623942 23-010964
0 0.47678414839797095 0.4750590219224272 0.022285866555996642 0.02118043844856652 23-017486
0 0.4759999999999991 0.4789999999999992 0.27466034553583024 0.24170320404721757 23-000894
0 0.5749999999999886 0.5903726812816186 0.020795711876284186 0.018920741989882 23-016527
0 0.12331365935919056 0.6773726812816183 0.07415829329467413 0.06807757166947724 23-003300
0 0.1983136593591792 0.7227453625632388 0.07003838811163668 0.06158516020236084 23-003506
0 0.10731365935919943 0.7353726812816181 0.041787609713665595 0.037841483979763814 23-005871
0 0.9686863406408224 0.7987453625632394 0.023149943409448596 0.02003372681281637 23-014091
0 0.98599999999999 0.8019999999999996 0.027662220514680046 0.024300168634064218 23-010329
0 0.5380000000000109 0.9750000000000014 0.029035522242359335 0.024671163575041958 23-009903
