0 0.6279999999999859 0.05205902192242857 0.15439835138335598 0.11452984822934285 23-001721
0 0.10400000000001342 0.07410455311972966 0.20128679608554395 0.1630300168634053 23-001254
0 0.427297606168784 0.08319561551433388 0.024915617059321663 0.019106239460371016 23-013725
0 0.2145431664566333 0.26774873524451936 0.020991897837381174 0.01762225969645876 23-017230
0 0.4650000000000034 0.38700000000000045 0.02118808379847835 0.017993254637436694 23-016898
0 0.24913405612627393 0.5139713322091063 0.026092732825903773 0.0209612141652613 23-012434
0 0.42477024176913214 0.5417453625632378 0.03335161338649361 0.02949409780775718 23-007946
0 0.4420000000000073 0.690999999999999 0.13850728853449723 0.12298482293423282 23-001876
0 0.737290005136076 0.8407504215851602 0.024327059176030705 0.021703204047217546 23-012595
0 0.7299999999999898 0.8615691399662724 0.4245464198139547 0.3045478920742009 23-000482
0 0.5708327465986838 0.8975295109612141 0.02530798898151583 0.022816188870151726 23-011821
0 0.695999999999998 0.9450000000000004 0.06650704081189032 0.057318718381113 23-003720
0 0.43423271500843175 0.34654300168634067 0.021922428330522766 0.01854974704890388 
0 0.3313659359190556 0.23693086003372682 0.021922428330522766 0.025295109612141653 
0 0.3777403035413154 0.8718381112984823 0.02023608768971332 0.016863406408094434 
