0 0.3593363431411648 0.9064924114671163 0.04355328336353881 0.038954468802698136 23-005646
0 0.42771461866457344 0.9065430016863406 0.0315859397366204 0.02893760539629007 23-008375
0 0.6441274323537389 0.8918971332209107 0.06081764794007686 0.05360876897133223 23-004001
0 0.13100000000000023 0.8949999999999996 0.030016452047844314 0.02392917369308601 23-009688
0 0.6040433357733818 0.8255059021922428 0.07690489675003241 0.06585160202360879 23-003298
0 0.013799762957596131 0.7710000000000008 0.030359478506711498 0.04173693086003373 23-005296
0 0.6519999999999868 0.5760000000000005 0.04139523779147138 0.033389544688027004 23-006369
0 0.3221430491859333 0.37875210792580105 0.02687747667029191 0.02225969645868473 23-011495
0 0.28499999999999664 0.3769999999999989 0.518715681140525 0.4724620573355817 23-000360
0 0.8913039219921676 0.30260539629005057 0.02177664168176931 0.018364249578414815 23-016392
0 0.6551368992697817 0.2744013490725127 0.02530798898151583 0.019291736930860125 23-013319
0 0.9371991498676464 0.1980000000000004 0.1381618702911779 0.14524451939291727 23-001554
0 0.39985033158668576 0.19164418212478918 0.03335161338649361 0.02578414839797633 23-008858
0 0.32546962427833326 0.07930016863406408 0.053951139301680905 0.047301854974704814 23-004498
0 0.33979763912310285 0.290893760539629 0.021922428330522766 0.021922428330522766 
0 0.9881956155143339 0.7462057335581788 0.023608768971332208 0.021922428330522766 
0 0.08684654300168634 0.6188870151770658 0.021922428330522766 0.016863406408094434 
