0 0.7560590219224331 0.8912546374367619 0.033743985308687774 0.02949409780775718 23-007915
0 0.05705902192242085 0.8930000000000007 0.020991897837381365 0.018920741989881956 23-016070
0 0.28437268128162485 0.7976863406408088 0.029624080125650293 0.026155143338954454 23-009383
0 0.7836141681043863 0.5230607082630692 0.4327716637912274 0.40531197301854976 23-000399
0 0.3356863406408126 0.6556863406408093 0.028839336281262347 0.02133220910623942 23-010964
0 0.5232158516020291 0.5249409780775728 0.022285866555996642 0.02118043844856652 23-017486
0 0.5240000000000009 0.5210000000000008 0.27466034553583024 0.24170320404721757 23-000894
0 0.42500000000001137 0.40962731871838143 0.020795711876284186 0.018920741989882 23-016527
0 0.8766863406408094 0.3226273187183817 0.07415829329467413 0.06807757166947724 23-003300
0 0.8016863406408208 0.27725463743676115 0.07003838811163668 0.06158516020236084 23-003506
0 0.8926863406408005 0.26462731871838185 0.041787609713665595 0.037841483979763814 23-005871
0 0.031313659359177626 0.20125463743676064 0.023149943409448596 0.02003372681281637 23-014091
0 0.014000000000010004 0.1980000000000004 0.027662220514680046 0.024300168634064218 23-010329
0 0.4619999999999891 0.02499999999999858 0.029035522242359335 0.024671163575041958 23-009903
