0 0.8939409780775726 0.1456863406408078 0.03101706670892634 0.03018549747048905 17-002628
0 0.8505682967959474 0.18452951096121278 0.029914990828283323 0.029679595278246197 17-004911
0 0.8440317939893947 0.22994097807757113 0.3119364120212108 0.30269814502529513 17-000063
0 0.4382546374367554 0.277156829679594 0.02639592931123555 0.029173693086003392 17-002693
0 0.3230978077571605 0.3611568296795936 0.02451525247755377 0.025463743676222634 17-003649
0 0.2922546374367688 0.3841568296795968 0.02299127739132106 0.021922428330522766 17-005224
0 0.9202546374367689 0.44462731871838146 0.02996294678572687 0.03035413153456998 17-002401
0 0.85847048903879 0.4765295109612143 0.024677618032130505 0.022596964586846506 17-005047
0 0.9203136593591876 0.493627318718381 0.023899017079091738 0.02512647554806067 17-003826
0 0.03209780775716365 0.5616863406408081 0.04483126676300633 0.03929173693086015 17-001352
