0 0.2530590219224188 0.06837268128162016 0.032763055503202645 0.029123102866779084 23-008139
0 0.5490000000000066 0.10737268128161809 0.02118808379847835 0.01873524451939293 23-016169
0 0.6622748735244435 0.16168634064080958 0.024051540205869904 0.023777403035413144 23-014214
0 0.5779021922428358 0.16974536256323802 0.02777907346671336 0.024890387858347417 23-012123
0 0.49337268128162803 0.2283726812816203 0.12183148184125032 0.10443507588532885 23-002160
0 0.8692771594451175 0.5429999999999993 0.2875902492207415 0.2828836424957842 23-000696
0 0.17643170320405355 0.5703136593591898 0.028250778397971008 0.025227655986509143 23-010029
0 0.592000000000013 0.6630000000000003 0.06258332158994988 0.05620573355817882 23-003854
0 0.27343170320403354 0.7063726812816182 0.03688296068624013 0.03264755480607085 23-006933
0 0.09021585160203638 0.8160590219224282 0.022874424439287794 0.02136593591905577 23-017177
0 0.6120590219224277 0.8547453625632367 0.035154806979336414 0.03212478920742001 23-008349
