0 0.18299999999999272 0.2020590219224275 0.021384269759575338 0.017993254637436742 23-016689
0 0.5852546374367752 0.3563726812816204 0.026681290709194925 0.024114671163574967 23-010883
0 0.6310000000000002 0.38899999999999935 0.208349490685037 0.19328836424957846 23-001191
0 0.24899999999999523 0.4226863406408088 0.03138975377552346 0.02689713322091065 23-008922
0 0.8830000000000098 0.5090000000000003 0.04865411835206141 0.04062394603709955 23-005130
0 0.33500000000000796 0.5380000000000003 0.3751075576175053 0.32666104553119724 23-000604
0 0.767313659359196 0.5696863406408108 0.023346129370545584 0.0174367622259697 23-015363
0 0.5319409780775779 0.7160000000000011 0.023934687253836733 0.02003372681281637 23-013658
0 0.9163993869100594 0.7659999999999982 0.18392134879786912 0.18234401349072513 23-001214
0 0.46294097807756096 0.8723726812816187 0.022561385526157447 0.01743676222596951 23-016547
0 0.8090211688248912 0.8701981450252944 0.4201534285852396 0.2855640809443521 23-000407
0 0.5009409780775719 0.8937453625632381 0.0257003609037098 0.021332209106239612 23-012377
0 0.08631365935918442 0.9596863406408078 0.04316091144134474 0.03802698145025287 23-005705
0 0.43031365935917854 0.9670590219224282 0.02648510474809789 0.023929173693086097 23-010911
0 0.05564924114671164 0.05986509274873524 0.11129848229342328 0.11973018549747048 
0 0.3111298482293423 0.9207419898819561 0.021922428330522766 0.023608768971332208 
0 0.04131534569983136 0.7622259696458684 0.01854974704890388 0.02023608768971332 
0 0.3650927487352445 0.6357504215851602 0.01854974704890388 0.016863406408094434 
