0 0.9867574476259511 0.012219224283304365 0.026485104748097916 0.022779089376055685 23-011011
0 0.9813051231122382 0.2270000000000003 0.04112872915307604 0.05806070826306915 23-003538
0 0.7850590219224295 0.3017453625632395 0.03413635723088174 0.030236087689713333 23-007710
0 0.7856863406408012 0.44568634064080853 0.24739049694334414 0.220185497470489 23-001002
0 0.23075352215888723 0.5229999999999997 0.5076577487495516 0.8525463743676224 23-000104
0 0.40837268128161996 0.784295109612142 0.3682410489791095 0.31126475548060734 23-000649
0 0.20137268128162633 0.7813726812816176 0.027073662631388898 0.023187183811129847 23-011086
0 0.9170590219224345 0.8753726812816187 0.03982575010269537 0.03672849915682963 23-006151
0 0.5153726812816193 0.8926863406408077 0.05336258141838985 0.04693086003372669 23-004515
0 0.9572158516020266 0.9600590219224266 0.022482052517093724 0.022107925801011636 23-016573
0 0.036256323777403066 0.4527824620573356 0.02866779089376054 0.025295109612141653 
0 0.5387858347386172 0.23018549747048903 0.025295109612141653 0.021922428330522766 
0 0.5261382799325464 0.2411467116357504 0.0 0.0 
