0 0.6406636568588352 0.09350758853288364 0.04355328336353881 0.038954468802698136 23-005646
0 0.5722853813354265 0.09345699831365935 0.0315859397366204 0.02893760539629007 23-008375
0 0.3558725676462611 0.10810286677908935 0.06081764794007686 0.05360876897133223 23-004001
0 0.8689999999999998 0.10500000000000043 0.030016452047844314 0.02392917369308601 23-009688
0 0.39595666422661824 0.17449409780775715 0.07690489675003241 0.06585160202360879 23-003298
0 0.9862002370424039 0.22899999999999918 0.030359478506711498 0.04173693086003373 23-005296
0 0.3480000000000132 0.4239999999999995 0.04139523779147138 0.033389544688027004 23-006369
0 0.6778569508140667 0.621247892074199 0.02687747667029191 0.02225969645868473 23-011495
0 0.7150000000000034 0.6230000000000011 0.518715681140525 0.4724620573355817 23-000360
0 0.10869607800783243 0.6973946037099494 0.02177664168176931 0.018364249578414815 23-016392
0 0.3448631007302183 0.7255986509274873 0.02530798898151583 0.019291736930860125 23-013319
0 0.06280085013235359 0.8019999999999996 0.1381618702911779 0.14524451939291727 23-001554
0 0.6001496684133143 0.8083558178752108 0.03335161338649361 0.02578414839797633 23-008858
0 0.6745303757216667 0.9206998313659359 0.053951139301680905 0.047301854974704814 23-004498
0 0.6602023608768972 0.709106239460371 0.021922428330522766 0.021922428330522766 
0 0.01180438448566612 0.25379426644182124 0.023608768971332208 0.021922428330522766 
0 0.9131534569983136 0.3811129848229342 0.021922428330522766 0.016863406408094434 
