0 0.7239999999999895 0.963000000000001 0.022561385526157638 0.02021922428330523 23-014340
0 0.1956273187183934 0.896568296795954 0.030212638008941348 0.025784148397976412 23-009443
0 0.0780526658099736 0.8949999999999996 0.17171586478194195 0.15934232715008428 23-001352
0 0.8833136593591815 0.8603726812816181 0.03668677472514295 0.02986509274873521 23-007284
0 0.4813136593591946 0.8399999999999999 0.026092732825903967 0.023187183811129847 23-011447
0 0.20217706576729683 0.5249005059021934 0.2432705917603067 0.1973693086003374 23-001015
0 0.3698280741375428 0.5549999999999996 0.8136217631025943 0.9501180438448568 23-000085
0 0.33199999999999363 0.5289999999999999 0.02844696435906809 0.025227655986509143 23-009925
0 0.8700000000000045 0.4490000000000016 0.03315542742539672 0.02671163575042164 23-008438
0 0.9820345090338024 0.375 0.03952408012563486 0.05416526138279933 23-004034
0 0.8870000000000003 0.3500000000000014 0.02177664168176931 0.02021922428330524 23-014794
0 0.4416273187183743 0.28368634064080944 0.02942789416455326 0.025413153456998207 23-009728
0 0.9306273187183786 0.2789999999999999 0.029624080125650293 0.025227655986509143 23-009779
0 0.09862731871838498 0.03225463743676371 0.030408823970038336 0.0268971332209107 23-009188
0 0.20741989881956155 0.5826306913996627 0.026981450252951095 0.025295109612141653 
