0 0.9673909389875526 0.8129999999999988 0.07173993422738441 0.07438448566610455 23-002852
0 0.3156273187183695 0.7596273187183828 0.02413087321493372 0.017807757166947727 23-015065
0 0.9019689485650214 0.6759999999999984 0.21566831315695315 0.24392917369308598 23-000900
0 0.8269999999999982 0.4489409780775723 0.02177664168176931 0.018178752107925945 23-016408
0 0.5429931000943915 0.43173693086003384 0.03374398530868758 0.03042158516020249 23-007770
0 0.8400000000000034 0.2190000000000012 0.18166819997584188 0.15507588532883648 23-001427
0 0.5437215640243253 0.18493254637436762 0.022169013603963283 0.019106239460371065 23-015354
0 0.28928031322319625 0.12796795952782458 0.021776641681769404 0.019848229342327214 23-015108
0 0.4266441821247892 0.5497470489038786 0.023608768971332208 0.023608768971332208 
0 0.5961214165261383 0.1104553119730185 0.021922428330522766 0.01854974704890388 
0 0.8187183811129848 0.7200674536256324 0.10961214165261383 0.11467116357504216 
