0 0.29743061685497196 0.9914467116357497 0.028250778397971008 0.017106576728500633 23-009999
0 0.556999999999988 0.9280000000000008 0.0315859397366204 0.028752107925801008 23-008431
0 0.8715885328836468 0.8922158516020253 0.036999813638273295 0.03436762225969645 23-007709
0 0.022752087471311522 0.8590000000000018 0.050054592436885224 0.04915682967959529 23-004315
0 0.8536863406408133 0.80962731871838 0.021384269759575338 0.018178752107925803 23-016742
0 0.24768634064081874 0.7399999999999984 0.057090114679233354 0.04989881956155139 23-004261
0 0.4259999999999877 0.6126273187183808 0.023972207196806088 0.02155143338954464 23-017284
0 0.5167453625632287 0.49099999999999966 0.033940171269784755 0.03153456998313667 23-007541
0 0.5484317032040392 0.48799999999999955 0.04100286586927741 0.036172006745362445 23-006089
0 0.38700000000000034 0.46399999999999864 0.7386401435302861 0.6798482293423275 23-000184
0 0.73599999999999 0.4450000000000003 0.10240907169264524 0.0907082630691401 23-002506
0 0.5053726812816284 0.4023136593591905 0.0706269459949277 0.05880269814502549 23-003567
0 0.9827453625632369 0.37099999999999866 0.021972827642866417 0.018178752107925945 23-016154
0 0.4868431703203947 0.27478414839797627 0.02248205251709363 0.020607082630691446 23-016347
0 0.5278431703203915 0.22415682967959671 0.024640098089161053 0.022091062394603556 23-014003
0 0.8612802472129757 0.14112647554806146 0.30518345613145337 0.31047824620573533 23-000616
0 0.6385295109612099 0.12999999999999912 0.023659168283675834 0.02136593591905577 23-016751
0 0.33205902192242653 0.1186863406408104 0.0321744976199115 0.023187183811129847 23-009614
