0 0.5683726812816166 0.11937268128161854 0.07867057039990567 0.06752107925801011 23-003220
0 0.28037268128160575 0.2371568296795948 0.025111803020418842 0.0213490725126475 23-013290
0 0.44784317032040744 0.2580590219224284 0.022874424439287794 0.020994940978077647 23-017293
0 0.786686340640806 0.6110000000000007 0.3301809725262872 0.30384485666104566 23-000693
0 0.13137268128160473 0.6440590219224277 0.02177664168176931 0.02118043844856671 23-016567
0 0.26200000000000045 0.7160000000000011 0.2326765498610675 0.19811129848229325 23-001106
0 0.12399999999999523 0.7800000000000011 0.14243100775643763 0.12836424957841486 23-001813
0 0.3019999999999925 0.8649999999999983 0.27701457706899424 0.229274873524452 23-000956
0 0.5829999999999984 0.8709999999999988 0.033743985308687725 0.030421585160202394 23-007726
0 0.8944305363823046 0.9012554806070818 0.23225281995892988 0.21723794266442 23-000814
0 0.17099999999999216 0.9059999999999987 0.13674161488462405 0.10387858347386157 23-002032
0 0.5430000000000064 0.926847386172006 0.3239030217711826 0.16093575042158703 23-000716
0 0.15237268128161985 0.9689409780775718 0.05846341640691254 0.04693086003372669 23-004125
0 0.033726812816188834 0.12225969645868466 0.02023608768971332 0.01854974704890388 
0 0.6627318718381112 0.03962900505902192 0.023608768971332208 0.021922428330522766 
