0 0.27600000000001046 0.036999999999999034 0.022561385526157638 0.02021922428330523 23-014340
0 0.8043726812816065 0.10343170320404609 0.030212638008941348 0.025784148397976412 23-009443
0 0.9219473341900264 0.10500000000000043 0.17171586478194195 0.15934232715008428 23-001352
0 0.11668634064081851 0.1396273187183818 0.03668677472514295 0.02986509274873521 23-007284
0 0.5186863406408053 0.16000000000000014 0.026092732825903967 0.023187183811129847 23-011447
0 0.7978229342327032 0.47509949409780655 0.2432705917603067 0.1973693086003374 23-001015
0 0.6301719258624572 0.4450000000000004 0.8136217631025943 0.9501180438448568 23-000085
0 0.6680000000000064 0.4710000000000001 0.02844696435906809 0.025227655986509143 23-009925
0 0.12999999999999545 0.5509999999999984 0.03315542742539672 0.02671163575042164 23-008438
0 0.017965490966197595 0.625 0.03952408012563486 0.05416526138279933 23-004034
0 0.11299999999999966 0.6499999999999986 0.02177664168176931 0.02021922428330524 23-014794
0 0.5583726812816256 0.7163136593591906 0.02942789416455326 0.025413153456998207 23-009728
0 0.06937268128162144 0.7210000000000001 0.029624080125650293 0.025227655986509143 23-009779
0 0.901372681281615 0.9677453625632363 0.030408823970038336 0.0268971332209107 23-009188
0 0.7925801011804384 0.4173693086003373 0.026981450252951095 0.025295109612141653 
