0 0.8512158516020178 0.9541568296795936 0.02112658587678703 0.020573355817875196 17-005724
0 0.42690219224283954 0.9141568296795944 0.06302305588291202 0.05851602023608769 17-000737
0 0.13221585160202376 0.8753136593591895 0.03127660035993949 0.028836424957841476 17-002989
0 0.2193726812816129 0.7821568296795965 0.03993461039515465 0.036424957841484015 17-001613
0 0.8270590219224311 0.5730000000000004 0.029249543290828673 0.030522765598651014 17-002466
0 0.7368431703204089 0.5161568296795948 0.09118650861224538 0.08060708263069133 17-000453
0 0.5492158516020254 0.1483726812816185 0.03575135752220139 0.0365935919055649 17-001797
0 0.14621585160201955 0.05278414839797496 0.04536631938418019 0.044350758853288284 17-001339
0 0.8566610455311973 0.4502529510961214 0.023608768971332208 0.02023608768971332 
0 0.1913996627318718 0.4114671163575042 0.025295109612141653 0.023608768971332208 
0 0.775716694772344 0.8988195615514334 0.02023608768971332 0.02023608768971332 
