0 0.14878414839798218 0.045843170320406426 0.02112658587678703 0.020573355817875196 17-005724
0 0.5730978077571605 0.08584317032040557 0.06302305588291202 0.05851602023608769 17-000737
0 0.8677841483979762 0.12468634064081056 0.03127660035993949 0.028836424957841476 17-002989
0 0.7806273187183871 0.21784317032040346 0.03993461039515465 0.036424957841484015 17-001613
0 0.17294097807756895 0.42699999999999966 0.029249543290828673 0.030522765598651014 17-002466
0 0.2631568296795911 0.48384317032040525 0.09118650861224538 0.08060708263069133 17-000453
0 0.45078414839797465 0.8516273187183815 0.03575135752220139 0.0365935919055649 17-001797
0 0.8537841483979804 0.947215851602025 0.04536631938418019 0.044350758853288284 17-001339
0 0.1433389544688027 0.5497470489038786 0.023608768971332208 0.02023608768971332 
0 0.8086003372681282 0.5885328836424958 0.025295109612141653 0.023608768971332208 
0 0.224283305227656 0.10118043844856661 0.02023608768971332 0.02023608768971332 
