0 0.9673909389875526 0.18700000000000114 0.07173993422738441 0.07438448566610455 23-002852
0 0.3156273187183695 0.2403726812816172 0.02413087321493372 0.017807757166947727 23-015065
0 0.9019689485650214 0.3240000000000016 0.21566831315695315 0.24392917369308598 23-000900
0 0.8269999999999982 0.5510590219224277 0.02177664168176931 0.018178752107925945 23-016408
0 0.5429931000943915 0.5682630691399662 0.03374398530868758 0.03042158516020249 23-007770
0 0.8400000000000034 0.7809999999999988 0.18166819997584188 0.15507588532883648 23-001427
0 0.5437215640243253 0.8150674536256324 0.022169013603963283 0.019106239460371065 23-015354
0 0.28928031322319625 0.8720320404721754 0.021776641681769404 0.019848229342327214 23-015108
0 0.4266441821247892 0.4502529510961214 0.023608768971332208 0.023608768971332208 
0 0.5961214165261383 0.8895446880269815 0.021922428330522766 0.01854974704890388 
0 0.8187183811129848 0.2799325463743676 0.10961214165261383 0.11467116357504216 
