0 0.29909780775717376 0.017424957841483985 0.029177880180633498 0.028104553119730192 17-002352
0 0.6916273187183742 0.0635295109612141 0.031200512817114355 0.02731871838111299 17-004087
0 0.42580438448566754 0.08588195615514344 0.05076607153125429 0.04738617200674535 17-000940
0 0.6176273187183762 0.30631365935919064 0.035754326115122095 0.031197301854974706 17-002574
0 0.82778414839797 0.40347048903878574 0.027490768908910584 0.02782462057335582 17-003713
0 0.038251128724038824 0.40915682967959516 0.07650225744807765 0.0932546374367623 17-000408
0 0.801156829679602 0.44062731871838107 0.06577550505464608 0.06273187183811132 17-000755
0 0.1299409780775768 0.5451568296795953 0.1278430643398863 0.12377740303541311 17-000241
0 0.03631365935918726 0.7805295109612143 0.02580391451415878 0.026306913996627358 17-004755
0 0.07662731871837941 0.9183136593591905 0.024792983511375107 0.025969645868465584 17-003341
