0 0.18515682967960234 0.040843170320404756 0.020795490517263805 0.02042158516020236 23-016999
0 0.5349999999999966 0.12068634064080944 0.023190715869483444 0.020961214165261394 23-013025
0 0.08715682967958904 0.4891568296795953 0.026546788052895783 0.021905564924114686 23-012763
0 0.33452951096120775 0.6143136593591907 0.02951519968418973 0.027672849915683105 23-010138
0 0.9603726812816126 0.6606863406408096 0.024303870231218723 0.02207419898819567 23-011845
0 0.24137268128161848 0.6713136593591905 0.02653017895468904 0.022630691399662662 23-010795
0 0.5879999999999939 0.8153726812816189 0.031168322128585883 0.02930860033726812 23-008061
0 0.41505902192242483 0.8346863406408095 0.01985125278427804 0.020809443507588586 23-017429
0 0.3147453625632305 0.8655682967959528 0.019109149876454363 0.017993254637436885 23-017661
0 0.09068634064080794 0.972 0.02022230423818988 0.019291736930860125 23-015627
