0 0.37509780775716717 0.9255885328836424 0.033596765677218816 0.031214165261382786 23-008390
0 0.6304114671163628 0.8391568296795954 0.026546788052895783 0.02283305227655985 23-011962
0 0.10994097807758077 0.8029999999999999 0.07996158831797917 0.07382799325463744 23-003010
0 0.02390845026634922 0.778 0.052598590585968295 0.05657672849915685 23-003855
0 0.015254637436753586 0.5666863406408094 0.02819991049729196 0.02244519392917365 23-010280
0 0.5062546374367675 0.47431365935919056 0.04526827737723195 0.04470489038785833 23-004937
0 0.37762731871838134 0.33231365935919066 0.025231498865998084 0.023558178752107972 23-011081
0 0.9811287629241436 0.29000000000000004 0.02667692392776088 0.025969645868465393 23-008842
0 0.9326273187183882 0.19168634064080936 0.03172489930945345 0.02782462057335582 23-008358
0 0.740940978077581 0.17768634064080935 0.05120510063981965 0.048229342327149934 23-004451
