0 0.37509780775716717 0.07441146711635757 0.033596765677218816 0.031214165261382786 23-008390
0 0.6304114671163628 0.16084317032040465 0.026546788052895783 0.02283305227655985 23-011962
0 0.10994097807758077 0.19700000000000006 0.07996158831797917 0.07382799325463744 23-003010
0 0.02390845026634922 0.22199999999999998 0.052598590585968295 0.05657672849915685 23-003855
0 0.015254637436753586 0.43331365935919064 0.02819991049729196 0.02244519392917365 23-010280
0 0.5062546374367675 0.5256863406408094 0.04526827737723195 0.04470489038785833 23-004937
0 0.37762731871838134 0.6676863406408093 0.025231498865998084 0.023558178752107972 23-011081
0 0.9811287629241436 0.71 0.02667692392776088 0.025969645868465393 23-008842
0 0.9326273187183882 0.8083136593591906 0.03172489930945345 0.02782462057335582 23-008358
0 0.740940978077581 0.8223136593591907 0.05120510063981965 0.048229342327149934 23-004451
