0 0.7953726812816204 0.944 0.024489395958174596 0.0224451939291737 23-011720
0 0.2753726812816103 0.6996863406408094 0.036734093937261944 0.03227655986509272 23-006681
0 0.34905902192242244 0.6900590219224284 0.060481386987612955 0.059359190556492296 23-003729
0 0.7976863406408017 0.5716863406408095 0.0467524831928788 0.04266441821247889 23-004957
0 0.9230590219224347 0.5747453625632377 0.03599199102943845 0.03227655986509272 23-006821
0 0.877372681281614 0.5253136593591905 0.05324588363633418 0.05026981450252942 23-004267
0 0.0077039682562115575 0.35531365935919046 0.013238780753884785 0.02114671163575036 23-013470
0 0.10300000000000875 0.31031365935919064 0.02486044741208634 0.021517706576728485 23-012106
0 0.2713726812816196 0.29400000000000004 0.05435903799806952 0.047487352445194066 23-004320
0 0.9563726812816219 0.2203726812816189 0.034507785213791484 0.028937605396289996 23-007527
0 0.17099999999999227 0.03200000000000003 0.025973601773821475 0.025042158516020083 23-010312
