0 0.7336273187183758 0.08637268128161886 0.02411834450426266 0.021146711635750434 23-012407
0 0.703000000000003 0.12582630691399668 0.3255976508075486 0.2768178752107927 23-000660
0 0.5826273187183938 0.46068634064080954 0.02411834450426266 0.02114671163575036 23-012419
0 0.4473136593592028 0.5189999999999999 0.10259572700659518 0.09812816188870142 23-002350
0 0.8432546374367565 0.5257841483979764 0.0346933109407474 0.031922428330522876 23-007344
0 0.93341146711636 0.6246273187183811 0.033782291404174734 0.0341652613827995 23-007634
0 0.09262731871838475 0.6848431703204046 0.027457807589468496 0.0278414839797639 23-009612
0 0.5740000000000123 0.7509999999999999 0.06215111853021585 0.060101180438448545 23-003666
0 0.7529999999999859 0.776 0.12337460842565229 0.1166779089376053 23-001992
0 0.8720000000000142 0.811 0.13988639812472473 0.12725126475548076 23-001799
