0 0.4259999999999877 0.07499999999999996 0.16085080527073778 0.15544688026981454 23-001493
0 0.036000000000001364 0.28 0.021892035780792452 0.020590219224283366 23-013796
0 0.57762731871837 0.49821585160202364 0.03209595076336529 0.030067453625632446 23-008123
0 0.07800000000000296 0.5036863406408094 0.019480201330366178 0.01854974704890388 23-016874
0 0.13999999999998636 0.5746863406408094 0.0502774720050403 0.048043844856661064 23-004476
0 0.08099999999998886 0.6113726812816189 0.023190715869483517 0.02114671163575036 23-012922
0 0.46631365935917984 0.7427453625632378 0.020778881419057257 0.020404721753794115 23-014642
0 0.7969409780775643 0.7439409780775718 0.08070369122580265 0.07846543001686336 23-002907
0 0.5126475548060708 0.09443507588532883 0.02023608768971332 0.023608768971332208 
0 0.2723440134907251 0.863406408094435 0.01854974704890388 0.016863406408094434 
