0 0.7576099261231378 0.9365767284991569 0.021122044489108763 0.018178752107925803 23-017004
0 0.2009999999999934 0.8930000000000007 0.1496309319882658 0.13077571669477236 23-001763
0 0.10257674339787914 0.6220910623946037 0.036519422714814 0.033389544688027004 23-006907
0 0.30869668492774394 0.6034317032040473 0.04066487069865809 0.03654300168634067 23-006095
0 0.1910000000000025 0.29100000000000037 0.1571322188161736 0.12595278246205724 23-001754
0 0.7245440506822103 0.21567453625632382 0.11350631384334137 0.0907082630691401 23-002359
0 0.09705481329387866 0.2270000000000003 0.2135205892465331 0.2062731871838112 23-001039
0 0.22794973645383543 0.1930944350758853 0.04105967526854776 0.03543001686340639 23-006242
0 0.30355580430039786 0.13747892074198986 0.033755790725584996 0.028752107925801032 23-008081
0 0.0460873657987233 0.10665261382799329 0.05507523749963888 0.048043844856661064 23-004416
0 0.35499999999998977 0.041662731871837555 0.12298162352069854 0.09165801011804273 23-002119
0 0.19814502529510958 0.6433389544688026 0.01854974704890388 0.01517706576728499 
0 0.2596964586846543 0.6913996627318718 0.02023608768971332 0.016863406408094434 
