0 0.02258853288362883 0.13805902192242744 0.02534092995909268 0.025042158516020225 23-009455
0 0.08178622421765902 0.28500000000000014 0.17992969327885 0.19644182124789208 23-001147
0 0.9480000000000075 0.3666273187183821 0.09712192419291124 0.08440134907251266 23-002729
0 0.5459999999999923 0.41799999999999926 0.2893917497292844 0.253018549747049 23-000847
0 0.698077571669476 0.47484485666104653 0.5241030665288198 0.4138279932546374 23-000362
0 0.9789021922428462 0.43990219224283417 0.034849924511559625 0.033811129848229315 23-008169
0 0.13837268128160984 0.49200000000000094 0.036716824999759125 0.032091062394603666 23-007045
0 0.056118043844848975 0.5560000000000009 0.023096067338558054 0.020623946037099525 23-016405
0 0.5563726812816161 0.5647048903878582 0.2274074322565726 0.19551433389544698 23-001095
0 0.5360000000000014 0.8680160202360876 0.33617609126123543 0.2903647554806072 23-000704
0 0.14658853288365248 0.8896863406408111 0.029125258248156323 0.0282293423271501 23-010455
0 0.021079258010118007 0.07504215851602024 0.021922428330522766 0.01854974704890388 
0 0.9089376053962901 0.18549747048903878 0.1821247892074199 0.37099494097807756 
0 0.5067453625632378 0.47470489038785835 0.021922428330522766 0.021922428330522766 
0 0.44350758853288363 0.6888701517706577 0.023608768971332208 0.01854974704890388 
0 0.9510961214165261 0.4645868465430017 0.026981450252951095 0.025295109612141653 
