0 0.49799999999999045 0.8670000000000009 0.14390626572486237 0.12465430016863409 23-001839
0 0.46799999999998926 0.7360000000000007 0.34525659636870276 0.30885328836424963 23-000671
0 0.9099999999999966 0.6720000000000006 0.1474595068538715 0.12892074198988204 23-001746
0 0.20394097807757486 0.6228431703204047 0.03237397473097042 0.028212478920741926 23-008692
0 0.6836273187183929 0.618922428330524 0.30399951881520987 0.27268128161888716 23-000784
0 0.3066273187183834 0.5956863406408106 0.1778594587353923 0.16064080944350756 23-001424
0 0.017254637436763136 0.5770000000000017 0.023490871908448036 0.02043844856661046 23-016266
0 0.7612546374367629 0.43362731871838234 0.020727239919218904 0.02136593591905577 23-017309
0 0.371313659359181 0.40668634064081055 0.2252360071221783 0.19811129848229325 23-001141
0 0.7456273187183764 0.3542546374367629 0.04441551411261174 0.04043844856661048 23-005457
0 0.46778414839798477 0.3011568296795949 0.028533051393321535 0.024317032040472107 23-011259
0 0.13062731871836725 0.28668634064080967 0.12712707150454233 0.1101854974704891 23-002068
0 0.4520978077571653 0.23209780775716649 0.024585005694422568 0.021720067453625626 23-014385
0 0.03503539057905647 0.021857504215851198 0.07707785927392424 0.0480865092748728 23-003138
0 0.8996627318718381 0.821247892074199 0.20067453625632378 0.357504215851602 
0 0.7175379426644182 0.34485666104553114 0.01854974704890388 0.025295109612141653 
0 0.45193929173693087 0.20320404721753793 0.02023608768971332 0.01854974704890388 
0 0.4131534569983137 0.6694772344013491 0.02023608768971332 0.02023608768971332 
0 0.6854974704890388 0.7512647554806071 0.01517706576728499 0.01517706576728499 
0 0.7858347386172007 0.9688026981450253 0.016863406408094434 0.01854974704890388 
