0 0.6360590219224286 0.9589409780775703 0.03434799758041979 0.03097807757166948 23-007597
0 0.7443726812816327 0.9019409780775717 0.04658693924700626 0.0411804384485666 23-005277
0 0.42199999999999704 0.7669999999999995 0.4431681297013938 0.39010118043844866 23-000466
0 0.05037268128161598 0.28500000000000014 0.038296043279318556 0.03264755480607085 23-006868
0 0.6370590219224334 0.26294097807757244 0.03199601259863534 0.03197301854974692 23-009924
0 0.5420590219224345 0.16199999999999903 0.03553241129008955 0.030792580101180616 23-007351
0 0.0266863406408151 0.1516273187183822 0.02230645819877834 0.019106239460371065 23-015316
0 0.45568634064081714 0.12668634064080941 0.02270126276866839 0.02118043844856652 23-016233
0 0.1870590219224163 0.04131365935918985 0.023293469623503173 0.022849915682967882 23-014400
0 0.397133220910624 0.07757166947723437 0.021922428330522766 0.023608768971332208 
0 0.33726812816188867 0.042158516020236125 0.02023608768971332 0.016863406408094434 
