0 0.5020000000000095 0.8670000000000009 0.14390626572486237 0.12465430016863409 23-001839
0 0.5320000000000107 0.7360000000000007 0.34525659636870276 0.30885328836424963 23-000671
0 0.09000000000000341 0.6720000000000006 0.1474595068538715 0.12892074198988204 23-001746
0 0.7960590219224252 0.6228431703204047 0.03237397473097042 0.028212478920741926 23-008692
0 0.3163726812816071 0.618922428330524 0.30399951881520987 0.27268128161888716 23-000784
0 0.6933726812816166 0.5956863406408106 0.1778594587353923 0.16064080944350756 23-001424
0 0.9827453625632369 0.5770000000000017 0.023490871908448036 0.02043844856661046 23-016266
0 0.23874536256323708 0.43362731871838234 0.020727239919218904 0.02136593591905577 23-017309
0 0.628686340640819 0.40668634064081055 0.2252360071221783 0.19811129848229325 23-001141
0 0.2543726812816236 0.3542546374367629 0.04441551411261174 0.04043844856661048 23-005457
0 0.5322158516020152 0.3011568296795949 0.028533051393321535 0.024317032040472107 23-011259
0 0.8693726812816327 0.28668634064080967 0.12712707150454233 0.1101854974704891 23-002068
0 0.5479021922428347 0.23209780775716649 0.024585005694422568 0.021720067453625626 23-014385
0 0.9649646094209435 0.021857504215851198 0.07707785927392424 0.0480865092748728 23-003138
0 0.1003372681281619 0.821247892074199 0.20067453625632378 0.357504215851602 
0 0.28246205733558183 0.34485666104553114 0.01854974704890388 0.025295109612141653 
0 0.5480607082630691 0.20320404721753793 0.02023608768971332 0.01854974704890388 
0 0.5868465430016863 0.6694772344013491 0.02023608768971332 0.02023608768971332 
0 0.31450252951096125 0.7512647554806071 0.01517706576728499 0.01517706576728499 
0 0.21416526138279934 0.9688026981450253 0.016863406408094434 0.01854974704890388 
