0 0.3639409780775714 0.041059021922429696 0.03434799758041979 0.03097807757166948 23-007597
0 0.25562731871836725 0.09805902192242831 0.04658693924700626 0.0411804384485666 23-005277
0 0.578000000000003 0.23300000000000054 0.4431681297013938 0.39010118043844866 23-000466
0 0.949627318718384 0.7149999999999999 0.038296043279318556 0.03264755480607085 23-006868
0 0.36294097807756664 0.7370590219224276 0.03199601259863534 0.03197301854974692 23-009924
0 0.4579409780775655 0.838000000000001 0.03553241129008955 0.030792580101180616 23-007351
0 0.9733136593591849 0.8483726812816178 0.02230645819877834 0.019106239460371065 23-015316
0 0.5443136593591829 0.8733136593591906 0.02270126276866839 0.02118043844856652 23-016233
0 0.8129409780775837 0.9586863406408102 0.023293469623503173 0.022849915682967882 23-014400
0 0.602866779089376 0.9224283305227656 0.021922428330522766 0.023608768971332208 
0 0.6627318718381113 0.9578414839797639 0.02023608768971332 0.016863406408094434 
