0 0.24239007387686215 0.06342327150084318 0.021122044489108763 0.018178752107925803 23-017004
0 0.7990000000000066 0.10699999999999932 0.1496309319882658 0.13077571669477236 23-001763
0 0.8974232566021209 0.3779089376053963 0.036519422714814 0.033389544688027004 23-006907
0 0.6913033150722561 0.3965682967959528 0.04066487069865809 0.03654300168634067 23-006095
0 0.8089999999999975 0.7089999999999996 0.1571322188161736 0.12595278246205724 23-001754
0 0.2754559493177897 0.7843254637436762 0.11350631384334137 0.0907082630691401 23-002359
0 0.9029451867061213 0.7729999999999997 0.2135205892465331 0.2062731871838112 23-001039
0 0.7720502635461646 0.8069055649241147 0.04105967526854776 0.03543001686340639 23-006242
0 0.6964441956996021 0.8625210792580101 0.033755790725584996 0.028752107925801032 23-008081
0 0.9539126342012767 0.8933473861720067 0.05507523749963888 0.048043844856661064 23-004416
0 0.6450000000000102 0.9583372681281624 0.12298162352069854 0.09165801011804273 23-002119
0 0.8018549747048904 0.3566610455311973 0.01854974704890388 0.01517706576728499 
0 0.7403035413153457 0.3086003372681282 0.02023608768971332 0.016863406408094434 
