0 0.9172546374367688 0.9701568296795954 0.032390817168525196 0.02898819561551433 23-010278
0 0.5823136593591938 0.9219409780775712 0.028425929032071525 0.024300168634064076 23-010550
0 0.5823136593591938 0.9056273187183801 0.02151684905899862 0.01836424957841484 23-016895
0 0.5602546374367695 0.8256273187183818 0.02487268790306261 0.026037099494097805 23-013832
0 0.5699409780775603 0.7876863406408108 0.02724151532240195 0.025042158516020204 23-010462
0 0.6913136593592025 0.7320978077571665 0.03494020443525457 0.027908937605396308 23-010176
0 0.5306273187183729 0.6526863406408092 0.02526749247295266 0.024890387858347372 23-012429
0 0.9272546374367597 0.5486273187183808 0.021122044489108763 0.018178752107925755 23-016926
0 0.9286273187183691 0.49031365935919147 0.026254503897677302 0.02225969645868473 23-011615
0 0.270627318718382 0.4609999999999985 0.028425929032071622 0.02207419898819567 23-011143
0 0.5420000000000016 0.4153136593591922 0.08310636196182054 0.07438448566610457 23-003042
0 0.5523136593591925 0.4089409780775731 0.02171425134394355 0.018920741989882 23-015939
0 0.2333136593592042 0.17800000000000082 0.030399951881521007 0.023743676222597033 23-009817
0 0.14362731871837248 0.09556829679595202 0.025464894757897493 0.021922428330522766 23-014253
0 0.9266441821247892 0.6753794266441822 0.025295109612141653 0.021922428330522766 
0 0.9772344013490725 0.5067453625632378 0.01854974704890388 0.01854974704890388 
0 0.2875210792580101 0.15261382799325462 0.01854974704890388 0.01517706576728499 
0 0.20741989881956155 0.15851602023608768 0.016863406408094434 0.013490725126475547 
0 0.23946037099494097 0.1391231028667791 0.013490725126475547 0.01517706576728499 
0 0.9384485666104553 0.03709949409780777 0.025295109612141653 0.023608768971332208 
