0 0.9774114671163712 0.8619409780775725 0.02534092995909268 0.025042158516020225 23-009455
0 0.918213775782341 0.7149999999999999 0.17992969327885 0.19644182124789208 23-001147
0 0.0519999999999925 0.6333726812816178 0.09712192419291124 0.08440134907251266 23-002729
0 0.45400000000000773 0.5820000000000007 0.2893917497292844 0.253018549747049 23-000847
0 0.3019224283305239 0.5251551433389534 0.5241030665288198 0.4138279932546374 23-000362
0 0.02109780775715376 0.5600978077571659 0.034849924511559625 0.033811129848229315 23-008169
0 0.8616273187183902 0.5079999999999991 0.036716824999759125 0.032091062394603666 23-007045
0 0.943881956155151 0.44399999999999906 0.023096067338558054 0.020623946037099525 23-016405
0 0.44362731871838385 0.4352951096121418 0.2274074322565726 0.19551433389544698 23-001095
0 0.46399999999999864 0.1319839797639124 0.33617609126123543 0.2903647554806072 23-000704
0 0.8534114671163475 0.11031365935918891 0.029125258248156323 0.0282293423271501 23-010455
0 0.978920741989882 0.9249578414839797 0.021922428330522766 0.01854974704890388 
0 0.09106239460370995 0.8145025295109612 0.1821247892074199 0.37099494097807756 
0 0.49325463743676223 0.5252951096121417 0.021922428330522766 0.021922428330522766 
0 0.5564924114671164 0.3111298482293423 0.023608768971332208 0.01854974704890388 
0 0.048903878583473864 0.5354131534569984 0.026981450252951095 0.025295109612141653 
