0 0.9774114671163712 0.13805902192242744 0.02534092995909268 0.025042158516020225 23-009455
0 0.918213775782341 0.28500000000000014 0.17992969327885 0.19644182124789208 23-001147
0 0.0519999999999925 0.3666273187183821 0.09712192419291124 0.08440134907251266 23-002729
0 0.45400000000000773 0.41799999999999926 0.2893917497292844 0.253018549747049 23-000847
0 0.3019224283305239 0.47484485666104653 0.5241030665288198 0.4138279932546374 23-000362
0 0.02109780775715376 0.43990219224283417 0.034849924511559625 0.033811129848229315 23-008169
0 0.8616273187183902 0.49200000000000094 0.036716824999759125 0.032091062394603666 23-007045
0 0.943881956155151 0.5560000000000009 0.023096067338558054 0.020623946037099525 23-016405
0 0.44362731871838385 0.5647048903878582 0.2274074322565726 0.19551433389544698 23-001095
0 0.46399999999999864 0.8680160202360876 0.33617609126123543 0.2903647554806072 23-000704
0 0.8534114671163475 0.8896863406408111 0.029125258248156323 0.0282293423271501 23-010455
0 0.978920741989882 0.07504215851602024 0.021922428330522766 0.01854974704890388 
0 0.09106239460370995 0.18549747048903878 0.1821247892074199 0.37099494097807756 
0 0.49325463743676223 0.47470489038785835 0.021922428330522766 0.021922428330522766 
0 0.5564924114671164 0.6888701517706577 0.023608768971332208 0.01854974704890388 
0 0.048903878583473864 0.4645868465430017 0.026981450252951095 0.025295109612141653 
