0 0.07200000000000273 0.9876163575042157 0.042321968298339945 0.02724401349072551 23-006096
0 0.966843629270479 0.9523693086003373 0.03258592864285314 0.026155143338954464 23-008901
0 0.3240000000000123 0.9289999999999985 0.10610296277611986 0.08829679595278249 23-002497
0 0.7719999999999914 0.8909999999999982 0.0224524996136733 0.019291736930860028 23-015290
0 0.21100000000001273 0.45899999999999963 0.18836256313063984 0.16880269814502533 23-001345
0 0.747104659866424 0.2979342327150084 0.05722406981183987 0.0528667790893759 23-004158
0 0.3069953945890315 0.14268128161888705 0.023445973047906625 0.018920741989882 23-014461
0 0.8969999999999912 0.09700000000000131 0.06537055197255344 0.05546374367622277 23-003781
0 0.8619999999999948 0.08800000000000086 0.06258882635670006 0.050826306913996415 23-004059
0 0.18600000000000705 0.028514333895446886 0.07709353849650659 0.06273153456998291 23-003258
0 0.8768971332209107 0.5649241146711637 0.023608768971332208 0.023608768971332208 
0 0.7993254637436762 0.46627318718381117 0.023608768971332208 0.021922428330522766 
0 0.04384485666104553 0.16779089376053968 0.02023608768971332 0.01517706576728499 
