0 0.40715682967959654 0.6931568296795942 0.029263647411022217 0.026644182124789226 17-003357
0 0.23915682967959018 0.6159999999999997 0.03257433286879126 0.029679595278246245 17-002223
0 0.3918431703204101 0.5958431703204036 0.07225395238330103 0.06610455311973017 17-000630
0 0.8323136593591938 0.5634704890387847 0.02239831015362423 0.024283305227655948 17-004123
0 0.8037841483979833 0.5391568296795944 0.08098626181500544 0.07166947723440135 17-000585
0 0.03478414839797787 0.4450000000000003 0.02944427894451921 0.028499156829679555 17-003264
0 0.2336273187183759 0.3193136593591921 0.12759053644173673 0.11062394603709953 17-000313
0 0.6484704890387821 0.23347048903878642 0.03251501501396783 0.02934232715008447 17-002588
0 0.7961568296795923 0.09778414839797678 0.022639598526457912 0.023102866779089452 17-004614
0 0.21299999999999386 0.10252951096121565 0.02414530763377036 0.021922428330522766 17-005044
0 0.04462731871838293 0.045470489038784034 0.02625356818091048 0.025969645868465584 17-005170
0 0.8252546374367559 0.01258263069139931 0.03257567185330442 0.02516526138279856 17-003136
