0 0.2970632244440854 0.7811804384485667 0.03993763205617997 0.031163575042158546 23-006753
0 0.9139999999999873 0.5940000000000012 0.02205511023997993 0.01762225969645876 23-016753
0 0.8249999999999886 0.593 0.02284988898736667 0.020590219224283366 23-014117
0 0.5890289640049341 0.5723946037099494 0.1305424092582599 0.11612141652613821 23-002010
0 0.09899999999998954 0.48100000000000165 0.11365336087629319 0.10332209106239476 23-002259
0 0.5885149342607853 0.385885328836425 0.023644667734753214 0.01966273187183825 23-014198
0 0.2810000000000059 0.3440000000000012 0.03457287551131998 0.03153456998313648 23-007479
0 0.6275031895074863 0.2903749578414837 0.7449936209850275 0.5807499156829673 23-000103
0 0.19700000000000273 0.2530000000000001 0.23942709765023307 0.19922428330522762 23-001094
0 0.557956979644594 0.13599494097807752 0.03079767646123346 0.025784148397976426 23-009244
0 0.3861514931662648 0.062386172006745344 0.02702247741114665 0.02021922428330524 23-012221
0 0.8094435075885329 0.15177065767284992 0.023608768971332208 0.02023608768971332 
0 0.6711635750421585 0.09696458684654297 0.02023608768971332 0.01854974704890388 
0 0.9856661045531198 0.02360876897133224 0.01854974704890388 0.02023608768971332 
0 0.8827993254637436 0.866779089376054 0.23440134907251264 0.26644182124789206 
0 0.6964586846543002 0.9308600337268128 0.02023608768971332 0.016863406408094434 
0 0.37436762225969644 0.9224283305227656 0.023608768971332208 0.02023608768971332 
0 0.2057335581787521 0.7411467116357504 0.02023608768971332 0.01854974704890388 
