0 0.21268634064082215 0.9789409780775734 0.0343741808244732 0.028566610455311968 23-007944
0 0.24399999999999977 0.8786273187183826 0.05662798575129991 0.050269814502529514 23-004279
0 0.2276863406408085 0.8123136593591906 0.026426393350606793 0.021703204047217498 23-012115
0 0.5420590219224345 0.7829409780775719 0.027221172097993337 0.023929173693085976 23-010813
0 0.9716691626329382 0.7759999999999998 0.06232784220753597 0.07382799325463742 23-003064
0 0.9269999999999925 0.7559409780775709 0.021459026179439976 0.01873524451939294 23-016186
0 0.8223726812816072 0.7466273187183812 0.035367654258706624 0.03134907251264761 23-007418
0 0.2539999999999907 0.6706273187183807 0.03238723395600655 0.022074198988195574 23-010062
0 0.9030590219224245 0.6525295109612128 0.06099926886192658 0.054586846543001694 23-004135
0 0.10168634064080384 0.6080000000000005 0.044110220479960244 0.0405059021922428 23-006102
0 0.039745362563224806 0.5081568296795956 0.03198984458231318 0.030472175379426536 23-009160
0 0.3313726812816218 0.47656829679595225 0.37175775909011305 0.33871838111298486 23-000596
0 0.7186863406408224 0.3579409780775712 0.020465552745206554 0.01873524451939294 23-017061
0 0.2740000000000009 0.013000000000001677 0.021061636805746606 0.019291736930860125 23-016132
