0 0.8522546374367711 0.9005682967959517 0.0488788929642799 0.042107925801011775 23-005072
0 0.6282546374367531 0.8542546374367629 0.03675851706663322 0.03060708263069141 23-007362
0 0.6719409780775643 0.7602546374367617 0.06974183508317992 0.05768971332209103 23-003620
0 0.5586273187183929 0.6610000000000014 0.0502697557722066 0.04303541315345706 23-004876
0 0.19088195615513676 0.5972546374367613 0.04868019827743331 0.04266441821247894 23-005043
0 0.8719409780775811 0.5126273187183794 0.09994342748387333 0.08959527824620572 23-002552
0 0.974212117644428 0.47358347386172006 0.04145772086628733 0.03654300168634057 23-005862
0 0.15262731871838703 0.43125463743676107 0.028810729592766666 0.024485666104553282 23-010197
0 0.7222546374367756 0.351470489038785 0.025432919916373274 0.023018549747048866 23-012557
0 0.1332546374367486 0.23100000000000165 0.10053951154441323 0.09107925801011803 23-002530
0 0.22072512647553783 0.10847048903878653 0.027908910909795 0.023794266441821078 23-015148
0 0.16862731871837816 0.03631365935919073 0.03218853926915996 0.02782462057335582 23-008513
0 0.887858347386172 0.7107925801011805 0.01854974704890388 0.01854974704890388 
0 0.8389544688026982 0.6720067453625632 0.01517706576728499 0.01517706576728499 
0 0.8195615514333895 0.6703204047217538 0.016863406408094434 0.01517706576728499 
0 0.7107925801011804 0.04637436762225966 0.021922428330522766 0.021922428330522766 
0 0.2411467116357504 0.7445193929173692 0.050590219224283306 0.045531197301854974 
