0 0.2970632244440854 0.21881956155143337 0.03993763205617997 0.031163575042158546 23-006753
0 0.9139999999999873 0.4059999999999988 0.02205511023997993 0.01762225969645876 23-016753
0 0.8249999999999886 0.40700000000000003 0.02284988898736667 0.020590219224283366 23-014117
0 0.5890289640049341 0.4276053962900506 0.1305424092582599 0.11612141652613821 23-002010
0 0.09899999999998954 0.5189999999999984 0.11365336087629319 0.10332209106239476 23-002259
0 0.5885149342607853 0.614114671163575 0.023644667734753214 0.01966273187183825 23-014198
0 0.2810000000000059 0.6559999999999988 0.03457287551131998 0.03153456998313648 23-007479
0 0.6275031895074863 0.7096250421585163 0.7449936209850275 0.5807499156829673 23-000103
0 0.19700000000000273 0.7469999999999999 0.23942709765023307 0.19922428330522762 23-001094
0 0.557956979644594 0.8640050590219225 0.03079767646123346 0.025784148397976426 23-009244
0 0.3861514931662648 0.9376138279932547 0.02702247741114665 0.02021922428330524 23-012221
0 0.8094435075885329 0.8482293423271501 0.023608768971332208 0.02023608768971332 
0 0.6711635750421585 0.903035413153457 0.02023608768971332 0.01854974704890388 
0 0.9856661045531198 0.9763912310286678 0.01854974704890388 0.02023608768971332 
0 0.8827993254637436 0.13322091062394603 0.23440134907251264 0.26644182124789206 
0 0.6964586846543002 0.06913996627318718 0.02023608768971332 0.016863406408094434 
0 0.37436762225969644 0.0775716694772344 0.023608768971332208 0.02023608768971332 
0 0.2057335581787521 0.2588532883642496 0.02023608768971332 0.01854974704890388 
