0 0.1477453625632289 0.0994317032040483 0.0488788929642799 0.042107925801011775 23-005072
0 0.37174536256324686 0.1457453625632371 0.03675851706663322 0.03060708263069141 23-007362
0 0.32805902192243575 0.2397453625632383 0.06974183508317992 0.05768971332209103 23-003620
0 0.4413726812816071 0.33899999999999864 0.0502697557722066 0.04303541315345706 23-004876
0 0.8091180438448633 0.4027453625632386 0.04868019827743331 0.04266441821247894 23-005043
0 0.12805902192241891 0.4873726812816206 0.09994342748387333 0.08959527824620572 23-002552
0 0.025787882355571945 0.5264165261382799 0.04145772086628733 0.03654300168634057 23-005862
0 0.8473726812816129 0.5687453625632389 0.028810729592766666 0.024485666104553282 23-010197
0 0.27774536256322435 0.648529510961215 0.025432919916373274 0.023018549747048866 23-012557
0 0.8667453625632514 0.7689999999999984 0.10053951154441323 0.09107925801011803 23-002530
0 0.7792748735244621 0.8915295109612135 0.027908910909795 0.023794266441821078 23-015148
0 0.8313726812816218 0.9636863406408093 0.03218853926915996 0.02782462057335582 23-008513
0 0.11214165261382802 0.28920741989881954 0.01854974704890388 0.01854974704890388 
0 0.1610455311973018 0.3279932546374368 0.01517706576728499 0.01517706576728499 
0 0.1804384485666105 0.3296795952782462 0.016863406408094434 0.01517706576728499 
0 0.2892074198988196 0.9536256323777403 0.021922428330522766 0.021922428330522766 
0 0.7588532883642496 0.2554806070826307 0.050590219224283306 0.045531197301854974 
