0 0.5928431703204035 0.3068431703204057 0.029263647411022217 0.026644182124789226 17-003357
0 0.7608431703204098 0.38400000000000034 0.03257433286879126 0.029679595278246245 17-002223
0 0.6081568296795898 0.40415682967959643 0.07225395238330103 0.06610455311973017 17-000630
0 0.16768634064080623 0.4365295109612153 0.02239831015362423 0.024283305227655948 17-004123
0 0.1962158516020167 0.46084317032040556 0.08098626181500544 0.07166947723440135 17-000585
0 0.9652158516020222 0.5549999999999997 0.02944427894451921 0.028499156829679555 17-003264
0 0.7663726812816241 0.6806863406408079 0.12759053644173673 0.11062394603709953 17-000313
0 0.3515295109612179 0.7665295109612136 0.03251501501396783 0.02934232715008447 17-002588
0 0.20384317032040766 0.9022158516020232 0.022639598526457912 0.023102866779089452 17-004614
0 0.7870000000000061 0.8974704890387843 0.02414530763377036 0.021922428330522766 17-005044
0 0.9553726812816171 0.954529510961216 0.02625356818091048 0.025969645868465584 17-005170
0 0.17474536256324413 0.9874173693086007 0.03257567185330442 0.02516526138279856 17-003136
