0 0.24505902192243745 0.11400000000000077 0.04728933546950643 0.0406239460370995 23-005290
0 0.0690590219224212 0.13968634064081112 0.05841623793291997 0.05342327150084318 23-004115
0 0.38805902192243813 0.15468634064080813 0.02404205710844658 0.020219224283305196 23-013675
0 0.09605902192243654 0.19168634064081072 0.03477157019816657 0.03079258010118042 23-007606
0 0.5120590219224334 0.397745362563236 0.03099637114808005 0.024671163575042152 23-009558
0 0.44343170320404945 0.41799999999999926 0.054243649509139895 0.04655986509274871 23-004537
0 0.554000000000002 0.7100000000000007 0.5988657861558526 0.5505564924114671 23-000273
0 0.2763726812816151 0.8730000000000011 0.03079767646123346 0.02244519392917389 23-010043
0 0.7808473973956828 0.8895472175379426 0.482135725729498 0.24299612141652613 23-000422
0 0.6724317032040346 0.9770000000000003 0.028612034905919934 0.023372681281618717 23-010621
0 0.03962900505902189 0.4173693086003373 0.021922428330522766 0.025295109612141653 
0 0.12394603709949414 0.42495784148397975 0.01854974704890388 0.016863406408094434 
