0 0.8078431703204069 0.919156829679597 0.06207926865264718 0.057166947723440144 17-000846
0 0.5113726812816144 0.8818431703204049 0.021133889419145367 0.02411467116357506 17-005246
0 0.2705295109612149 0.836156829679595 0.11566483827739706 0.10269814502529512 17-000302
0 0.540215851602025 0.8233726812816191 0.03432133034893739 0.031197301854974706 17-002428
0 0.2807379874166047 0.6123946037099494 0.4299414048500728 0.40522765598650917 17-000019
0 0.5894704890387845 0.5841568296795963 0.06394490184244038 0.06526138279932549 17-000775
0 0.6206863406408092 0.18437268128161977 0.028661095971194643 0.030691399662731756 17-003308
0 0.256059021922433 0.016529510961213467 0.024506570700764445 0.024114671163574967 17-005171
0 0.8102866779089376 0.5177065767284992 0.025295109612141653 0.023608768971332208 
0 0.08937605396290049 0.022765598650927532 0.023608768971332208 0.021922428330522766 
