0 0.8149409780775648 0.9864704890387866 0.03540645853443242 0.025126475548060707 17-003395
0 0.9304704890387927 0.9460000000000015 0.0604535848511743 0.05396290050590219 17-000884
0 0.010057682937917704 0.7873136593591921 0.020115365875835407 0.023271500843170315 17-005293
0 0.46062731871837975 0.7458431703204057 0.05226450900447402 0.04755480607082629 17-001119
0 0.9306273187183786 0.24147048903878565 0.04738745760005565 0.04232715008431707 17-001397
0 0.6226273187183858 0.14984317032040562 0.022759573220618026 0.02293423271500847 17-004232
0 0.48725463743676206 0.13684317032040405 0.05208387747097712 0.04637436762225979 17-001153
0 0.125627318718386 0.10762731871838183 0.03594567516589694 0.03693086003372658 17-001725
0 0.24431365935918564 0.058627318718382226 0.03913772491401888 0.03693086003372658 17-001741
0 0.3210978077571651 0.02815682967959532 0.03594701415041014 0.03372681281618887 17-002262
