0 0.8149409780775648 0.013529510961213399 0.03540645853443242 0.025126475548060707 17-003395
0 0.9304704890387927 0.0539999999999985 0.0604535848511743 0.05396290050590219 17-000884
0 0.010057682937917704 0.21268634064080794 0.020115365875835407 0.023271500843170315 17-005293
0 0.46062731871837975 0.2541568296795943 0.05226450900447402 0.04755480607082629 17-001119
0 0.9306273187183786 0.7585295109612143 0.04738745760005565 0.04232715008431707 17-001397
0 0.6226273187183858 0.8501568296795944 0.022759573220618026 0.02293423271500847 17-004232
0 0.48725463743676206 0.863156829679596 0.05208387747097712 0.04637436762225979 17-001153
0 0.125627318718386 0.8923726812816182 0.03594567516589694 0.03693086003372658 17-001725
0 0.24431365935918564 0.9413726812816178 0.03913772491401888 0.03693086003372658 17-001741
0 0.3210978077571651 0.9718431703204047 0.03594701415041014 0.03372681281618887 17-002262
