0 0.7549409780775626 0.8859999999999992 0.04728933546950643 0.0406239460370995 23-005290
0 0.9309409780775788 0.8603136593591889 0.05841623793291997 0.05342327150084318 23-004115
0 0.6119409780775619 0.8453136593591919 0.02404205710844658 0.020219224283305196 23-013675
0 0.9039409780775635 0.8083136593591893 0.03477157019816657 0.03079258010118042 23-007606
0 0.48794097807756664 0.602254637436764 0.03099637114808005 0.024671163575042152 23-009558
0 0.5565682967959505 0.5820000000000007 0.054243649509139895 0.04655986509274871 23-004537
0 0.445999999999998 0.28999999999999926 0.5988657861558526 0.5505564924114671 23-000273
0 0.7236273187183849 0.1269999999999989 0.03079767646123346 0.02244519392917389 23-010043
0 0.21915260260431726 0.11045278246205736 0.482135725729498 0.24299612141652613 23-000422
0 0.3275682967959655 0.022999999999999687 0.028612034905919934 0.023372681281618717 23-010621
0 0.9603709949409781 0.5826306913996627 0.021922428330522766 0.025295109612141653 
0 0.8760539629005059 0.5750421585160203 0.01854974704890388 0.016863406408094434 
