0 0.19215682967959313 0.919156829679597 0.06207926865264718 0.057166947723440144 17-000846
0 0.48862731871838555 0.8818431703204049 0.021133889419145367 0.02411467116357506 17-005246
0 0.7294704890387851 0.836156829679595 0.11566483827739706 0.10269814502529512 17-000302
0 0.45978414839797505 0.8233726812816191 0.03432133034893739 0.031197301854974706 17-002428
0 0.7192620125833953 0.6123946037099494 0.4299414048500728 0.40522765598650917 17-000019
0 0.4105295109612154 0.5841568296795963 0.06394490184244038 0.06526138279932549 17-000775
0 0.37931365935919076 0.18437268128161977 0.028661095971194643 0.030691399662731756 17-003308
0 0.743940978077567 0.016529510961213467 0.024506570700764445 0.024114671163574967 17-005171
0 0.1897133220910624 0.5177065767284992 0.025295109612141653 0.023608768971332208 
0 0.9106239460370995 0.022765598650927532 0.023608768971332208 0.021922428330522766 
