0 0.7873136593591779 0.9789409780775734 0.0343741808244732 0.028566610455311968 23-007944
0 0.7560000000000002 0.8786273187183826 0.05662798575129991 0.050269814502529514 23-004279
0 0.7723136593591915 0.8123136593591906 0.026426393350606793 0.021703204047217498 23-012115
0 0.4579409780775655 0.7829409780775719 0.027221172097993337 0.023929173693085976 23-010813
0 0.0283308373670618 0.7759999999999998 0.06232784220753597 0.07382799325463742 23-003064
0 0.0730000000000075 0.7559409780775709 0.021459026179439976 0.01873524451939294 23-016186
0 0.1776273187183927 0.7466273187183812 0.035367654258706624 0.03134907251264761 23-007418
0 0.7460000000000093 0.6706273187183807 0.03238723395600655 0.022074198988195574 23-010062
0 0.09694097807757554 0.6525295109612128 0.06099926886192658 0.054586846543001694 23-004135
0 0.8983136593591962 0.6080000000000005 0.044110220479960244 0.0405059021922428 23-006102
0 0.9602546374367752 0.5081568296795956 0.03198984458231318 0.030472175379426536 23-009160
0 0.6686273187183782 0.47656829679595225 0.37175775909011305 0.33871838111298486 23-000596
0 0.28131365935917757 0.3579409780775712 0.020465552745206554 0.01873524451939294 23-017061
0 0.7259999999999991 0.013000000000001677 0.021061636805746606 0.019291736930860125 23-016132
