0 0.23099999999999454 0.838000000000001 0.029809754523584493 0.020775716694772333 23-010996
0 0.9199999999999875 0.8039999999999985 0.053417479582530486 0.048043844856661064 23-004549
0 0.09700000000000841 0.7169999999999987 0.024608052391952275 0.019291736930860028 23-013741
0 0.61099999999999 0.7070000000000007 0.0322105401227994 0.028937605396290093 23-008371
0 0.14099999999999113 0.6539999999999999 0.024007855992148563 0.01762225969645876 23-015644
0 0.2839999999999918 0.6509999999999998 0.037212176787830294 0.0209612141652613 23-009556
0 0.585000000000008 0.6490000000000009 0.038612635054038884 0.03227655986509272 23-006920
0 0.1279999999999859 0.6310000000000002 0.03241060558940058 0.02021922428330524 23-011171
0 0.30699999999998795 0.6269999999999989 0.026608707057964653 0.015396290050590308 23-015936
0 0.31399999999999295 0.6099999999999994 0.025008183325154778 0.018364249578414815 23-014640
0 0.19300000000001205 0.5680000000000014 0.024207921458749844 0.01854974704890388 23-014754
0 0.6080000000000041 0.5609999999999999 0.028009165324173337 0.024856661045531213 23-010345
0 0.2510000000000048 0.5599999999999987 0.04961623571710709 0.03060708263069136 23-006016
0 0.7270000000000039 0.5350000000000001 0.0322105401227994 0.026155143338954454 23-009019
0 0.36299999999999955 0.5300000000000011 0.1498490344843273 0.1359696458684654 23-001745
0 0.10300000000000864 0.46000000000000085 0.10683495916506115 0.09015177065767291 23-002488
0 0.40500000000000114 0.46000000000000085 0.03801243865423523 0.020404721753794115 23-009486
0 0.37299999999999045 0.4269999999999996 0.04501472998527856 0.02671163575042164 23-006863
0 0.6920000000000073 0.4209999999999994 0.02420792145874965 0.01984822934232731 23-013886
0 0.3689999999999998 0.3979999999999997 0.04541486091848103 0.021703204047217546 23-007796
0 0.14300000000000068 0.38899999999999935 0.040413224253450085 0.018920741989882 23-008755
0 0.06299999999998818 0.3739999999999988 0.031010147323191902 0.024671163575041958 23-009627
0 0.936000000000007 0.3440000000000012 0.023407659592344907 0.017807757166947824 23-015696
0 0.73599999999999 0.33500000000000085 0.028009165324173337 0.014654300168633965 23-015539
0 0.539999999999992 0.3230000000000004 0.027008837991167024 0.020590219224283175 23-012171
0 0.7150000000000034 0.28300000000000125 0.03641191492142545 0.01984822934232731 23-009446
0 0.7210000000000036 0.26200000000000045 0.03361099838900808 0.017993254637436885 23-010993
0 0.4670000000000129 0.2530000000000001 0.029409623590382024 0.025598650927487268 23-009823
0 0.14300000000000068 0.21199999999999974 0.045614926385082265 0.03505902192242846 23-005921
0 0.23400000000000887 0.2049999999999983 0.09002945997055713 0.07568296795952782 23-002914
0 0.2980000000000018 0.13400000000000034 0.022207266792737504 0.019291736930860125 23-015458
0 0.7439999999999998 0.09616610455312036 0.30529990203348933 0.21156543001686495 23-000797
0 0.08799999999999386 0.03300000000000125 0.024407986925351028 0.01873524451939275 23-014491
0 0.9207419898819561 0.5784148397976392 0.02023608768971332 0.02023608768971332 
0 0.15851602023608768 0.9738617200674536 0.016863406408094434 0.01854974704890388 
