0 0.6659999999999968 0.9556231028667793 0.17805826527510202 0.09762917369308542 23-001447
0 0.4840000000000089 0.9529999999999994 0.022607397725939973 0.018178752107925796 23-016010
0 0.4900000000000091 0.8949999999999996 0.021807135859534844 0.018178752107925803 23-016523
0 0.12399999999999523 0.8610000000000007 0.027008837991167167 0.021703204047217498 23-011846
0 0.36099999999999 0.8240000000000016 0.030810081856590614 0.02522765598650929 23-009448
0 0.23023245064637185 0.7977318718381118 0.5065113914220181 0.44498988195615413 23-000233
0 0.9689999999999942 0.7340000000000018 0.023407659592344907 0.02114671163575036 23-013619
0 0.6049999999999898 0.6930000000000014 0.025408314258357344 0.021703204047217546 23-012400
0 0.3990000000000009 0.46799999999999997 0.027809099857572152 0.023929173693086097 23-010843
0 0.24199999999999022 0.4660000000000011 0.030009819990185677 0.023558178752107972 23-010052
0 0.8559999999999945 0.41300000000000026 0.02120693945973138 0.018178752107925945 23-017216
0 0.9664020234919112 0.3569999999999993 0.07391554831779518 0.08236087689713327 23-002725
0 0.5370000000000061 0.3509999999999991 0.023407659592344907 0.018920741989882 23-014990
0 0.6769999999999925 0.3460000000000001 0.021607070392933657 0.0174367622259697 23-017624
0 0.6440000000000055 0.31700000000000017 0.42974062225945947 0.37247892074198996 23-000499
0 0.5809999999999889 0.25 0.02200720132613622 0.018178752107925945 23-016358
0 0.8043844856661045 0.6096121416526139 0.02023608768971332 0.01854974704890388 
0 0.8811129848229342 0.8954468802698146 0.01854974704890388 0.02023608768971332 
0 0.9553119730185498 0.5699831365935919 0.0893760539629005 0.209106239460371 
