0 0.9372546374367647 0.16384317032040496 0.02756241497067766 0.023102866779089404 17-003931
0 0.6069409780775664 0.20737268128161954 0.029646064596365155 0.026475548060708266 17-002275
0 0.3259999999999934 0.5195295109612136 0.041468114895529366 0.038279932546374254 17-001297
0 0.7756273187183774 0.6413726812816205 0.021825323629226102 0.02006745362563234 17-004667
0 0.9857162935687966 0.6478431703204032 0.021822050299169015 0.02074198988195608 17-004630
0 0.3826273187183768 0.6999999999999993 0.023379227941742672 0.02242833052276552 17-005637
0 0.6972546374367558 0.7035295109612147 0.02127969053849537 0.019561551433389585 17-005382
0 0.9440978077571699 0.7940000000000005 0.02151100960402311 0.020404721753794305 17-005193
0 0.7363136593591901 0.8446863406408095 0.04229450842040518 0.03844856661045524 17-001421
0 0.22847048903878037 0.8883136593591912 0.02733109590514992 0.02849915682967975 17-003135
0 0.1404704890387865 0.914999999999999 0.026603585117509067 0.024283305227655757 17-003338
