0 0.9372546374367647 0.836156829679595 0.02756241497067766 0.023102866779089404 17-003931
0 0.6069409780775664 0.7926273187183804 0.029646064596365155 0.026475548060708266 17-002275
0 0.3259999999999934 0.4804704890387864 0.041468114895529366 0.038279932546374254 17-001297
0 0.7756273187183774 0.3586273187183795 0.021825323629226102 0.02006745362563234 17-004667
0 0.9857162935687966 0.35215682967959683 0.021822050299169015 0.02074198988195608 17-004630
0 0.3826273187183768 0.3000000000000007 0.023379227941742672 0.02242833052276552 17-005637
0 0.6972546374367558 0.29647048903878526 0.02127969053849537 0.019561551433389585 17-005382
0 0.9440978077571699 0.20599999999999952 0.02151100960402311 0.020404721753794305 17-005193
0 0.7363136593591901 0.1553136593591905 0.04229450842040518 0.03844856661045524 17-001421
0 0.22847048903878037 0.11168634064080885 0.02733109590514992 0.02849915682967975 17-003135
0 0.1404704890387865 0.08500000000000096 0.026603585117509067 0.024283305227655757 17-003338
