0 0.23385905988629938 0.6488111298482293 0.03481139118861539 0.029494097807757087 23-007841
0 0.08799999999999386 0.593 0.16405368261301526 0.1509949409780776 23-001556
0 0.5436672516508687 0.5596281618887013 1.003932046368089 0.968818043844857 23-000044
0 0.3816852715283288 0.44900505902192256 0.029209558123780836 0.024485666104553282 23-010183
0 0.30434209916829785 0.28172006745362566 0.02200720132613622 0.017065767284991575 23-017085
0 0.21600000000000819 0.23000000000000043 0.06262049104618754 0.048971332209106176 23-004122
0 0.1551433389544688 0.3794266441821248 0.023608768971332208 0.026981450252951095 
0 0.93929173693086 0.48482293423271505 0.023608768971332208 0.021922428330522766 
0 0.7428330522765598 0.027824620573355774 0.01854974704890388 0.01854974704890388 
0 0.3844856661045531 0.4021922428330523 0.023608768971332208 0.01854974704890388 
