0 0.8613726812816229 0.8676863406408091 0.0688225205108259 0.05935919055649243 23-003640
0 0.115059021922442 0.7856863406408083 0.024407986925350837 0.021517706576728506 23-012907
0 0.6936863406408167 0.7560000000000002 0.032810736522602954 0.024300168634064125 23-009181
0 0.29337268128161087 0.5563726812816197 0.026608707057964653 0.019325463743676285 23-015177
0 0.3089999999999975 0.5256273187183811 0.024608052391952216 0.020590219224283366 23-013409
0 0.877372681281614 0.5020978077571661 0.024007855992148563 0.02583473861720076 23-013581
0 0.3010590219224206 0.442372681281619 0.025408314258357344 0.02114671163575036 23-012725
0 0.40237268128161985 0.32162731871838035 0.23067548299122737 0.1840134907251265 23-001166
0 0.7323726812816322 0.09194097807757295 0.03281073652260305 0.028381112984823195 23-008374
0 0.2669999999999959 0.07613237774030268 0.2676875943124566 0.16749123102866595 23-000937
0 0.8876863406408051 0.05662731871837989 0.021607070392933705 0.01762225969645876 23-017207
0 0.4704890387858347 0.40472175379426645 0.026981450252951095 0.023608768971332208 
0 0.351602023608769 0.4806070826306914 0.025295109612141653 0.02023608768971332 
0 0.08768971332209108 0.4384485666104553 0.02023608768971332 0.016863406408094434 
