0 0.3089999999999975 0.9383794266441817 0.26048523751481184 0.1355652613828003 23-000986
0 0.3546273187183852 0.684000000000001 0.08582808517193107 0.07308600337268134 23-003040
0 0.5723136593592029 0.6116273187183796 0.05421774144893562 0.0448903878583474 23-004646
0 0.8545682967959523 0.5086273187183816 0.029809754523584298 0.023929173693086097 23-010219
0 0.5166273187183913 0.44200000000000017 0.024407986925351028 0.01725126475548064 23-015353
0 0.739686340640809 0.2889376053962891 0.3807245829421562 0.29772344013490737 23-000585
0 0.7583136593591815 0.2950000000000017 0.09543122756879069 0.0842158516020237 23-002688
0 0.9278504984070731 0.23900000000000077 0.15872890350443883 0.1491399662731871 23-001489
0 0.4386273187183884 0.1446863406408102 0.03301080198920428 0.027453625632377694 23-008412
0 0.8206273187183933 0.13431365935918982 0.07662507370827401 0.0638111298482292 23-003317
0 0.7535951643138957 0.13496627318718335 0.5420906385094294 0.2969258010118033 23-000325
0 0.27531365935917734 0.07831365935918888 0.0854279542387287 0.075682967959528 23-002995
