0 0.4973726812816187 0.9918752107925807 0.029744947333600214 0.016249578414838692 17-003038
0 0.9626863406408079 0.9056273187183801 0.024189733689058787 0.023946037099494104 17-004169
0 0.8636863406408042 0.8983136593591892 0.02328034520450771 0.023271500843170315 17-003793
0 0.6678431703204063 0.7786863406408104 0.026338712460923605 0.025969645868465393 17-005041
0 0.6543726812816151 0.3998431703204056 0.02237095671995655 0.024114671163574967 17-004814
0 0.2750000000000057 0.3865295109612146 0.023924861032473405 0.023946037099494173 17-005578
0 0.661686340640806 0.25947048903878633 0.02210608406337118 0.022091062394603747 17-005587
0 0.05105902192243483 0.21047048903878685 0.060680043585896765 0.05227655986509256 17-000952
0 0.13184317032040493 0.14284317032040417 0.03525071960952422 0.03170320404721746 17-002241
0 0.20199999999999818 0.12800000000000022 0.06903052986620713 0.05801011804384491 17-000665
0 0.7496863406408141 0.10731365935919235 0.06613637449320334 0.05716694772344029 17-000798
0 0.6020236087689713 0.7900505902192243 0.02023608768971332 0.021922428330522766 
