0 0.22137268128160814 0.9499999999999993 0.024608052391952216 0.018364249578414846 23-014506
0 0.212059021922422 0.8908431703204053 0.023607725058946094 0.02005059021922427 23-014918
0 0.8623726812816277 0.8099999999999987 0.026808772524565885 0.02411467116357506 23-010969
0 0.675686340640816 0.772627318718381 0.033210867455805516 0.028566610455311992 23-008247
0 0.897686340640796 0.7505682967959532 0.023407659592344858 0.01854974704890388 23-015293
0 0.5526863406407971 0.7359409780775713 0.03661198038802664 0.031720067453625635 23-007168
0 0.17968634064080669 0.7100000000000009 0.03361099838900808 0.02819561551433394 23-008301
0 0.6450000000000102 0.6580000000000013 0.35851731614941873 0.24170320404721746 23-000760
0 0.26637268128162417 0.6119999999999983 0.032610671056001767 0.02782462057335582 23-008451
0 0.8823726812816095 0.45594097807757017 0.023007528659142344 0.01873524451939294 23-015671
0 0.5886863406407985 0.41862731871838177 0.032610671056001864 0.025969645868465393 23-009038
0 0.5047453625632282 0.4019409780775717 0.033410932922406704 0.027639123102866755 23-008360
0 0.3286863406408076 0.2556273187183815 0.023807790525547472 0.016880269814502514 23-016370
0 0.18868634064082124 0.15899999999999892 0.3451129298871358 0.31200674536256323 23-000673
