0 0.06274536256323526 0.16384317032040496 0.02756241497067766 0.023102866779089404 17-003931
0 0.3930590219224336 0.20737268128161954 0.029646064596365155 0.026475548060708266 17-002275
0 0.6740000000000066 0.5195295109612136 0.041468114895529366 0.038279932546374254 17-001297
0 0.22437268128162258 0.6413726812816205 0.021825323629226102 0.02006745362563234 17-004667
0 0.014283706431203358 0.6478431703204032 0.021822050299169015 0.02074198988195608 17-004630
0 0.6173726812816231 0.6999999999999993 0.023379227941742672 0.02242833052276552 17-005637
0 0.30274536256324425 0.7035295109612147 0.02127969053849537 0.019561551433389585 17-005382
0 0.05590219224283011 0.7940000000000005 0.02151100960402311 0.020404721753794305 17-005193
0 0.26368634064080987 0.8446863406408095 0.04229450842040518 0.03844856661045524 17-001421
0 0.7715295109612197 0.8883136593591912 0.02733109590514992 0.02849915682967975 17-003135
0 0.8595295109612135 0.914999999999999 0.026603585117509067 0.024283305227655757 17-003338
