0 0.7555295109612142 0.9186273187183817 0.07152737625433254 0.063575042158516 17-000627
0 0.42605902192243483 0.7817453625632363 0.026933786920271867 0.025295109612141653 17-005731
0 0.08237268128161235 0.7578431703204062 0.023644100598328232 0.025801011804384506 17-004170
0 0.032851680978565834 0.7399999999999984 0.06570336195713179 0.10303541315345693 17-000348
0 0.2041568296795936 0.5700000000000003 0.025065568582552114 0.024114671163575012 17-005098
0 0.0415295109612156 0.4442158516020249 0.03616010809407538 0.03389544688026985 17-002250
0 0.4720590219224271 0.38352951096121435 0.041499890450648884 0.03355817875210789 17-002509
0 0.2855295109612155 0.3268431703204052 0.02615683476401339 0.024451939291736932 17-005121
0 0.2233726812816178 0.20737268128161956 0.0281080480614082 0.027487352445193854 17-004041
0 0.3106863406408069 0.17184317032040408 0.033481384009039716 0.02951096121416526 17-003107
0 0.8520590219224226 0.12194097807757054 0.03111697394920676 0.032546374367622186 17-003728
0 0.47639123102866776 0.47470489038785835 0.025295109612141653 0.025295109612141653 
