0 0.24447048903878574 0.9186273187183817 0.07152737625433254 0.063575042158516 17-000627
0 0.5739409780775652 0.7817453625632363 0.026933786920271867 0.025295109612141653 17-005731
0 0.9176273187183877 0.7578431703204062 0.023644100598328232 0.025801011804384506 17-004170
0 0.9671483190214342 0.7399999999999984 0.06570336195713179 0.10303541315345693 17-000348
0 0.7958431703204064 0.5700000000000003 0.025065568582552114 0.024114671163575012 17-005098
0 0.9584704890387844 0.4442158516020249 0.03616010809407538 0.03389544688026985 17-002250
0 0.5279409780775729 0.38352951096121435 0.041499890450648884 0.03355817875210789 17-002509
0 0.7144704890387845 0.3268431703204052 0.02615683476401339 0.024451939291736932 17-005121
0 0.7766273187183822 0.20737268128161956 0.0281080480614082 0.027487352445193854 17-004041
0 0.6893136593591931 0.17184317032040408 0.033481384009039716 0.02951096121416526 17-003107
0 0.14794097807757747 0.12194097807757054 0.03111697394920676 0.032546374367622186 17-003728
0 0.5236087689713322 0.47470489038785835 0.025295109612141653 0.025295109612141653 
