0 0.9706456738422431 0.8759612141652614 0.02560837972495847 0.018364249578414864 23-014601
0 0.8771967094646194 0.8602107925801012 0.024207921458749795 0.020590219224283317 23-013534
0 0.5739554923188215 0.8461467116357504 0.024808117858553545 0.02281618887015177 23-012240
0 0.4801206128332963 0.8318212478920742 0.026008510658160903 0.02114671163575041 23-012620
0 0.5120000000000005 0.6419999999999995 0.10643482823185879 0.08514333895446873 23-002540
0 0.049746265969588976 0.4670573355817875 0.03541158758841914 0.03023608768971343 23-007595
0 0.04553067534566191 0.4261720067453626 0.023607725058946094 0.019291736930860125 23-014424
0 0.6049956371611946 0.2555733558178752 0.022807463192541157 0.01873524451939294 23-015512
0 0.2920000000000016 0.14199999999999946 0.06462114571219997 0.05453625632377727 23-003898
0 0.04637436762225966 0.9553119730185498 0.01854974704890388 0.01854974704890388 
0 0.05480607082630695 0.8870151770657673 0.01854974704890388 0.02023608768971332 
0 0.0792580101180439 0.40303541315345703 0.023608768971332208 0.02023608768971332 
0 0.24789207419898818 0.4679595278246206 0.016863406408094434 0.01517706576728499 
0 0.9637436762225969 0.5008431703204047 0.021922428330522766 0.02023608768971332 
0 0.8347386172006745 0.19730185497470487 0.3305227655986509 0.3946037099494098 
