0 0.13862731871837702 0.1323136593591909 0.0688225205108259 0.05935919055649243 23-003640
0 0.884940978077558 0.21431365935919164 0.024407986925350837 0.021517706576728506 23-012907
0 0.30631365935918325 0.24399999999999977 0.032810736522602954 0.024300168634064125 23-009181
0 0.7066273187183891 0.4436273187183803 0.026608707057964653 0.019325463743676285 23-015177
0 0.6910000000000025 0.47437268128161897 0.024608052391952216 0.020590219224283366 23-013409
0 0.12262731871838589 0.49790219224283394 0.024007855992148563 0.02583473861720076 23-013581
0 0.6989409780775794 0.557627318718381 0.025408314258357344 0.02114671163575036 23-012725
0 0.5976273187183802 0.6783726812816196 0.23067548299122737 0.1840134907251265 23-001166
0 0.2676273187183677 0.908059021922427 0.03281073652260305 0.028381112984823195 23-008374
0 0.7330000000000041 0.9238676222596973 0.2676875943124566 0.16749123102866595 23-000937
0 0.11231365935919488 0.9433726812816201 0.021607070392933705 0.01762225969645876 23-017207
0 0.5295109612141653 0.5952782462057336 0.026981450252951095 0.023608768971332208 
0 0.648397976391231 0.5193929173693086 0.025295109612141653 0.02023608768971332 
0 0.9123102866779089 0.5615514333895447 0.02023608768971332 0.016863406408094434 
