0 0.1340978077571675 0.022999999999999687 0.04826291882738462 0.04165261382799325 17-001400
0 0.03378414839797309 0.039686340640809704 0.057720559066715874 0.053625632377740304 17-000976
0 0.3274114671163512 0.2699999999999996 0.02187476499784354 0.024283305227655948 17-004978
0 0.012640336268759333 0.2922546374367617 0.025280672537518666 0.06070826306913996 17-001005
0 0.052627318718378495 0.3251568296795958 0.04657657818657516 0.04401349072512642 17-001378
0 0.04847048903878777 0.5233726812816184 0.04652713681795768 0.04401349072512652 17-001263
0 0.7820978077571636 0.7614704890387852 0.024239175057676206 0.026138279932546374 17-004393
0 0.7242546374367568 0.7967841483979747 0.026388153829541135 0.021753794266441782 17-005387
0 0.1609409780775685 0.8961568296795939 0.032026362433757824 0.02782462057335582 17-003049
0 0.2251264755480607 0.47807757166947723 0.025295109612141653 0.025295109612141653 
0 0.5261382799325464 0.9013490725126475 0.023608768971332208 0.021922428330522766 
