0 0.24447048903878574 0.0813726812816183 0.07152737625433254 0.063575042158516 17-000627
0 0.5739409780775652 0.21825463743676363 0.026933786920271867 0.025295109612141653 17-005731
0 0.9176273187183877 0.24215682967959382 0.023644100598328232 0.025801011804384506 17-004170
0 0.9671483190214342 0.26000000000000156 0.06570336195713179 0.10303541315345693 17-000348
0 0.7958431703204064 0.4299999999999997 0.025065568582552114 0.024114671163575012 17-005098
0 0.9584704890387844 0.5557841483979751 0.03616010809407538 0.03389544688026985 17-002250
0 0.5279409780775729 0.6164704890387857 0.041499890450648884 0.03355817875210789 17-002509
0 0.7144704890387845 0.6731568296795948 0.02615683476401339 0.024451939291736932 17-005121
0 0.7766273187183822 0.7926273187183804 0.0281080480614082 0.027487352445193854 17-004041
0 0.6893136593591931 0.8281568296795959 0.033481384009039716 0.02951096121416526 17-003107
0 0.14794097807757747 0.8780590219224295 0.03111697394920676 0.032546374367622186 17-003728
0 0.5236087689713322 0.5252951096121417 0.025295109612141653 0.025295109612141653 
