0 0.029354326157756853 0.8759612141652614 0.02560837972495847 0.018364249578414864 23-014601
0 0.12280329053538058 0.8602107925801012 0.024207921458749795 0.020590219224283317 23-013534
0 0.4260445076811785 0.8461467116357504 0.024808117858553545 0.02281618887015177 23-012240
0 0.5198793871667037 0.8318212478920742 0.026008510658160903 0.02114671163575041 23-012620
0 0.48799999999999955 0.6419999999999995 0.10643482823185879 0.08514333895446873 23-002540
0 0.950253734030411 0.4670573355817875 0.03541158758841914 0.03023608768971343 23-007595
0 0.9544693246543381 0.4261720067453626 0.023607725058946094 0.019291736930860125 23-014424
0 0.3950043628388053 0.2555733558178752 0.022807463192541157 0.01873524451939294 23-015512
0 0.7079999999999984 0.14199999999999946 0.06462114571219997 0.05453625632377727 23-003898
0 0.9536256323777403 0.9553119730185498 0.01854974704890388 0.01854974704890388 
0 0.945193929173693 0.8870151770657673 0.01854974704890388 0.02023608768971332 
0 0.9207419898819561 0.40303541315345703 0.023608768971332208 0.02023608768971332 
0 0.7521079258010118 0.4679595278246206 0.016863406408094434 0.01517706576728499 
0 0.03625632377740304 0.5008431703204047 0.021922428330522766 0.02023608768971332 
0 0.16526138279932545 0.19730185497470487 0.3305227655986509 0.3946037099494098 
