0 0.029354326157756853 0.12403878583473861 0.02560837972495847 0.018364249578414864 23-014601
0 0.12280329053538058 0.1397892074198988 0.024207921458749795 0.020590219224283317 23-013534
0 0.4260445076811785 0.15385328836424958 0.024808117858553545 0.02281618887015177 23-012240
0 0.5198793871667037 0.1681787521079258 0.026008510658160903 0.02114671163575041 23-012620
0 0.48799999999999955 0.35800000000000054 0.10643482823185879 0.08514333895446873 23-002540
0 0.950253734030411 0.5329426644182125 0.03541158758841914 0.03023608768971343 23-007595
0 0.9544693246543381 0.5738279932546374 0.023607725058946094 0.019291736930860125 23-014424
0 0.3950043628388053 0.7444266441821248 0.022807463192541157 0.01873524451939294 23-015512
0 0.7079999999999984 0.8580000000000005 0.06462114571219997 0.05453625632377727 23-003898
0 0.9536256323777403 0.04468802698145025 0.01854974704890388 0.01854974704890388 
0 0.945193929173693 0.11298482293423272 0.01854974704890388 0.02023608768971332 
0 0.9207419898819561 0.596964586846543 0.023608768971332208 0.02023608768971332 
0 0.7521079258010118 0.5320404721753794 0.016863406408094434 0.01517706576728499 
0 0.03625632377740304 0.4991568296795953 0.021922428330522766 0.02023608768971332 
0 0.16526138279932545 0.8026981450252951 0.3305227655986509 0.3946037099494098 
