0 0.09813785288603091 0.14961214165261383 0.06342075291259247 0.054907251264755486 23-003912
0 0.025000000000005684 0.23199999999999932 0.022007201326136185 0.01966273187183806 23-015300
0 0.9800399047631222 0.3309999999999995 0.04391220952113105 0.0658516020236087 23-003355
0 0.9269999999999925 0.4299999999999997 0.07922592477409002 0.06566610455311982 23-003278
0 0.015548251754785173 0.44600000000000156 0.03420615386052738 0.03060708263069136 23-007174
0 0.703204569173731 0.4950337268128162 0.023607725058946094 0.018364249578414815 23-015085
0 0.7779999999999916 0.4959999999999986 0.07442435357566059 0.06288364249578428 23-003426
0 0.7489368758545732 0.5886340640809443 0.07042304424363591 0.057133220910623936 23-003645
0 0.3849999999999909 0.5899999999999999 0.0632206874459912 0.05639123102866788 23-003875
0 0.45452644893363897 0.600902192242833 0.021807135859534844 0.019106239460371065 23-015947
0 0.9509999999999934 0.6539999999999999 0.029009492657179652 0.023743676222597033 23-010419
0 0.0973081154566377 0.713220910623946 0.024608052391952275 0.017065767284991575 23-016150
0 0.7069999999999936 0.7360000000000007 0.09363063836937943 0.07902192242833055 23-002835
0 0.3926176700568031 0.6090971332209113 0.6650176109825153 0.552463406408093 23-000236
0 0.35900000000000887 0.8019999999999996 0.029009492657179555 0.023187183811129847 23-010538
0 0.6500000000000057 0.8410000000000011 0.1644538135462179 0.14543001686340642 23-001591
0 0.025767363584235644 0.9468212478920742 0.029409623590382 0.025413153456998207 23-009857
0 0.8743676222596964 0.1543001686340641 0.021922428330522766 0.01854974704890388 
0 0.8271500843170321 0.06913996627318718 0.01854974704890388 0.016863406408094434 
0 0.7428330522765598 0.6104553119730185 0.025295109612141653 0.023608768971332208 
0 0.23946037099494097 0.7512647554806071 0.023608768971332208 0.021922428330522766 
0 0.1897133220910624 0.4991568296795953 0.01854974704890388 0.023608768971332208 
