0 0.8659021922428325 0.022999999999999687 0.04826291882738462 0.04165261382799325 17-001400
0 0.9662158516020269 0.039686340640809704 0.057720559066715874 0.053625632377740304 17-000976
0 0.6725885328836487 0.2699999999999996 0.02187476499784354 0.024283305227655948 17-004978
0 0.9873596637312406 0.2922546374367617 0.025280672537518666 0.06070826306913996 17-001005
0 0.9473726812816216 0.3251568296795958 0.04657657818657516 0.04401349072512642 17-001378
0 0.9515295109612122 0.5233726812816184 0.04652713681795768 0.04401349072512652 17-001263
0 0.21790219224283636 0.7614704890387852 0.024239175057676206 0.026138279932546374 17-004393
0 0.2757453625632432 0.7967841483979747 0.026388153829541135 0.021753794266441782 17-005387
0 0.8390590219224315 0.8961568296795939 0.032026362433757824 0.02782462057335582 17-003049
0 0.7748735244519394 0.47807757166947723 0.025295109612141653 0.025295109612141653 
0 0.47386172006745364 0.9013490725126475 0.023608768971332208 0.021922428330522766 
