0 0.7690000000000055 0.16199999999999903 0.029809754523584493 0.020775716694772333 23-010996
0 0.0800000000000125 0.1960000000000015 0.053417479582530486 0.048043844856661064 23-004549
0 0.9029999999999916 0.28300000000000125 0.024608052391952275 0.019291736930860028 23-013741
0 0.38900000000001 0.29299999999999926 0.0322105401227994 0.028937605396290093 23-008371
0 0.8590000000000089 0.3460000000000001 0.024007855992148563 0.01762225969645876 23-015644
0 0.7160000000000082 0.3490000000000002 0.037212176787830294 0.0209612141652613 23-009556
0 0.41499999999999204 0.3509999999999991 0.038612635054038884 0.03227655986509272 23-006920
0 0.8720000000000141 0.3689999999999998 0.03241060558940058 0.02021922428330524 23-011171
0 0.693000000000012 0.3730000000000011 0.026608707057964653 0.015396290050590308 23-015936
0 0.686000000000007 0.39000000000000057 0.025008183325154778 0.018364249578414815 23-014640
0 0.806999999999988 0.43199999999999866 0.024207921458749844 0.01854974704890388 23-014754
0 0.3919999999999959 0.4390000000000001 0.028009165324173337 0.024856661045531213 23-010345
0 0.7489999999999952 0.4400000000000013 0.04961623571710709 0.03060708263069136 23-006016
0 0.27299999999999613 0.4649999999999998 0.0322105401227994 0.026155143338954454 23-009019
0 0.6370000000000005 0.4699999999999989 0.1498490344843273 0.1359696458684654 23-001745
0 0.8969999999999914 0.5399999999999991 0.10683495916506115 0.09015177065767291 23-002488
0 0.5949999999999989 0.5399999999999991 0.03801243865423523 0.020404721753794115 23-009486
0 0.6270000000000095 0.5730000000000004 0.04501472998527856 0.02671163575042164 23-006863
0 0.3079999999999927 0.5790000000000006 0.02420792145874965 0.01984822934232731 23-013886
0 0.6310000000000002 0.6020000000000003 0.04541486091848103 0.021703204047217546 23-007796
0 0.8569999999999993 0.6110000000000007 0.040413224253450085 0.018920741989882 23-008755
0 0.9370000000000118 0.6260000000000012 0.031010147323191902 0.024671163575041958 23-009627
0 0.06399999999999295 0.6559999999999988 0.023407659592344907 0.017807757166947824 23-015696
0 0.26400000000001 0.6649999999999991 0.028009165324173337 0.014654300168633965 23-015539
0 0.46000000000000796 0.6769999999999996 0.027008837991167024 0.020590219224283175 23-012171
0 0.2849999999999966 0.7169999999999987 0.03641191492142545 0.01984822934232731 23-009446
0 0.27899999999999636 0.7379999999999995 0.03361099838900808 0.017993254637436885 23-010993
0 0.532999999999987 0.7469999999999999 0.029409623590382024 0.025598650927487268 23-009823
0 0.8569999999999993 0.7880000000000003 0.045614926385082265 0.03505902192242846 23-005921
0 0.7659999999999911 0.7950000000000017 0.09002945997055713 0.07568296795952782 23-002914
0 0.7019999999999982 0.8659999999999997 0.022207266792737504 0.019291736930860125 23-015458
0 0.2560000000000002 0.9038338954468796 0.30529990203348933 0.21156543001686495 23-000797
0 0.9120000000000061 0.9669999999999987 0.024407986925351028 0.01873524451939275 23-014491
0 0.0792580101180439 0.42158516020236086 0.02023608768971332 0.02023608768971332 
0 0.8414839797639123 0.026138279932546374 0.016863406408094434 0.01854974704890388 
