0 0.8659021922428325 0.9770000000000003 0.04826291882738462 0.04165261382799325 17-001400
0 0.9662158516020269 0.9603136593591903 0.057720559066715874 0.053625632377740304 17-000976
0 0.6725885328836487 0.7300000000000004 0.02187476499784354 0.024283305227655948 17-004978
0 0.9873596637312406 0.7077453625632383 0.025280672537518666 0.06070826306913996 17-001005
0 0.9473726812816216 0.6748431703204042 0.04657657818657516 0.04401349072512642 17-001378
0 0.9515295109612122 0.4766273187183816 0.04652713681795768 0.04401349072512652 17-001263
0 0.21790219224283636 0.23852951096121477 0.024239175057676206 0.026138279932546374 17-004393
0 0.2757453625632432 0.20321585160202527 0.026388153829541135 0.021753794266441782 17-005387
0 0.8390590219224315 0.10384317032040613 0.032026362433757824 0.02782462057335582 17-003049
0 0.7748735244519394 0.5219224283305228 0.025295109612141653 0.025295109612141653 
0 0.47386172006745364 0.09865092748735249 0.023608768971332208 0.021922428330522766 
