0 0.7786273187183919 0.05000000000000072 0.024608052391952216 0.018364249578414846 23-014506
0 0.787940978077578 0.10915682967959471 0.023607725058946094 0.02005059021922427 23-014918
0 0.13762731871837225 0.19000000000000128 0.026808772524565885 0.02411467116357506 23-010969
0 0.32431365935918394 0.22737268128161905 0.033210867455805516 0.028566610455311992 23-008247
0 0.10231365935920397 0.24943170320404684 0.023407659592344858 0.01854974704890388 23-015293
0 0.4473136593592028 0.2640590219224287 0.03661198038802664 0.031720067453625635 23-007168
0 0.8203136593591933 0.28999999999999915 0.03361099838900808 0.02819561551433394 23-008301
0 0.35499999999998977 0.34199999999999875 0.35851731614941873 0.24170320404721746 23-000760
0 0.7336273187183758 0.3880000000000017 0.032610671056001767 0.02782462057335582 23-008451
0 0.11762731871839044 0.5440590219224298 0.023007528659142344 0.01873524451939294 23-015671
0 0.41131365935920144 0.5813726812816182 0.032610671056001864 0.025969645868465393 23-009038
0 0.4952546374367718 0.5980590219224283 0.033410932922406704 0.027639123102866755 23-008360
0 0.6713136593591924 0.7443726812816185 0.023807790525547472 0.016880269814502514 23-016370
0 0.8113136593591788 0.8410000000000011 0.3451129298871358 0.31200674536256323 23-000673
