0 0.7661409401137006 0.3511888701517707 0.03481139118861539 0.029494097807757087 23-007841
0 0.9120000000000061 0.40700000000000003 0.16405368261301526 0.1509949409780776 23-001556
0 0.4563327483491313 0.44037183811129865 1.003932046368089 0.968818043844857 23-000044
0 0.6183147284716712 0.5509949409780774 0.029209558123780836 0.024485666104553282 23-010183
0 0.6956579008317021 0.7182799325463743 0.02200720132613622 0.017065767284991575 23-017085
0 0.7839999999999918 0.7699999999999996 0.06262049104618754 0.048971332209106176 23-004122
0 0.8448566610455313 0.6205733558178752 0.023608768971332208 0.026981450252951095 
0 0.06070826306914001 0.515177065767285 0.023608768971332208 0.021922428330522766 
0 0.2571669477234402 0.9721753794266442 0.01854974704890388 0.01854974704890388 
0 0.615514333895447 0.5978077571669477 0.023608768971332208 0.01854974704890388 
