0 0.5026273187183813 0.9918752107925807 0.029744947333600214 0.016249578414838692 17-003038
0 0.037313659359192036 0.9056273187183801 0.024189733689058787 0.023946037099494104 17-004169
0 0.1363136593591958 0.8983136593591892 0.02328034520450771 0.023271500843170315 17-003793
0 0.3321568296795937 0.7786863406408104 0.026338712460923605 0.025969645868465393 17-005041
0 0.34562731871838487 0.3998431703204056 0.02237095671995655 0.024114671163574967 17-004814
0 0.7249999999999943 0.3865295109612146 0.023924861032473405 0.023946037099494173 17-005578
0 0.33831365935919394 0.25947048903878633 0.02210608406337118 0.022091062394603747 17-005587
0 0.9489409780775652 0.21047048903878685 0.060680043585896765 0.05227655986509256 17-000952
0 0.8681568296795951 0.14284317032040417 0.03525071960952422 0.03170320404721746 17-002241
0 0.7980000000000018 0.12800000000000022 0.06903052986620713 0.05801011804384491 17-000665
0 0.2503136593591859 0.10731365935919235 0.06613637449320334 0.05716694772344029 17-000798
0 0.3979763912310287 0.7900505902192243 0.02023608768971332 0.021922428330522766 
