0 0.47100000000000364 0.010370994940978078 0.05219292943048373 0.02281618887015177 23-004746
0 0.17300000000000182 0.08699999999999974 0.032444253429760164 0.025042158516020225 23-009100
0 0.257000000000005 0.19200000000000017 0.04131100591988102 0.033760539629005076 23-006432
0 0.5049999999999955 0.19399999999999906 0.14549534767880035 0.12929173693086002 23-001811
0 0.7330000000000041 0.36599999999999966 0.022771432531446627 0.017993254637436694 23-016515
0 0.47499999999999437 0.39099999999999824 0.022771432531446627 0.02003372681281618 23-014719
0 0.8979999999999961 0.5519999999999996 0.030429082409278316 0.021517706576728485 23-010766
0 0.9310000000000116 0.7280000000000015 0.12413453486169103 0.11185497470489046 23-002101
0 0.710000000000008 0.7789999999999999 0.020957778613012637 0.018364249578414815 23-017206
0 0.17799999999999727 0.7860000000000014 0.034459424450242214 0.030050590219224366 23-007814
0 0.03899999999998727 0.838000000000001 0.0233759838375912 0.01762225969645876 23-016022
0 0.06499999999999773 0.8670000000000009 0.0467519676751824 0.03895446880269828 23-005442
0 0.9269999999999925 0.937999999999999 0.021763847021205606 0.017993254637436885 23-016702
0 0.6568296795952783 0.9342327150084317 0.01854974704890388 0.016863406408094434 
0 0.00927487352445194 0.918212478920742 0.01854974704890388 0.01854974704890388 
0 0.403035413153457 0.8431703204047217 0.016863406408094434 0.02023608768971332 
