0 0.5109999999999957 0.056999999999998614 0.02639874036831423 0.019106239460371 23-013371
0 0.9130000000000109 0.13500000000000156 0.06529154106361681 0.054907251264755486 23-003874
0 0.4379999999999882 0.25700000000000145 0.1688713315163917 0.14913996627318718 23-001550
0 0.6852806928962863 0.46724283305227654 0.055215685961206795 0.043591905564924156 23-004701
0 0.8606233911533988 0.4736930860033726 0.08886904200325622 0.07790893760539637 23-002905
0 0.7513127781035729 0.49158516020236087 0.02539115485807321 0.021888701517706607 23-012448
0 0.4039320664522045 0.5130944350758853 0.038892800695302786 0.03283305227655991 23-006758
0 0.8970433830703537 0.540193929173693 0.026801774572410605 0.019106239460371065 23-013032
0 0.9238764256744572 0.550362563237774 0.033250321837953 0.02912310286677906 23-008140
0 0.7517056386471997 0.5663237774030355 0.06327637004313477 0.05453625632377727 23-003950
0 0.8899999999999864 0.8419999999999987 0.03828824938915801 0.032091062394603666 23-006927
0 0.24873524451939288 0.11720067453625632 0.4974704890387858 0.23440134907251264 
0 0.7419898819561551 0.8844856661045531 0.026981450252951095 0.021922428330522766 
