0 0.4890000000000044 0.9430000000000014 0.02639874036831423 0.019106239460371 23-013371
0 0.08699999999998909 0.8649999999999984 0.06529154106361681 0.054907251264755486 23-003874
0 0.5620000000000118 0.7429999999999986 0.1688713315163917 0.14913996627318718 23-001550
0 0.31471930710371365 0.5327571669477235 0.055215685961206795 0.043591905564924156 23-004701
0 0.13937660884660122 0.5263069139966274 0.08886904200325622 0.07790893760539637 23-002905
0 0.24868722189642714 0.5084148397976391 0.02539115485807321 0.021888701517706607 23-012448
0 0.5960679335477955 0.48690556492411474 0.038892800695302786 0.03283305227655991 23-006758
0 0.10295661692964629 0.459806070826307 0.026801774572410605 0.019106239460371065 23-013032
0 0.0761235743255429 0.449637436762226 0.033250321837953 0.02912310286677906 23-008140
0 0.24829436135280022 0.4336762225969645 0.06327637004313477 0.05453625632377727 23-003950
0 0.11000000000001364 0.15800000000000125 0.03828824938915801 0.032091062394603666 23-006927
0 0.7512647554806071 0.8827993254637436 0.4974704890387858 0.23440134907251264 
0 0.2580101180438449 0.11551433389544685 0.026981450252951095 0.021922428330522766 
