0 0.5146863406408146 0.963470489038787 0.03239299373300855 0.029679595278246197 17-003226
0 0.5821568296795937 0.8021568296795961 0.0920448305739494 0.08128161888701516 17-000491
0 0.1843726812816162 0.6968431703204062 0.050163138186349945 0.04064080944350753 17-001274
0 0.5833726812816171 0.6773136593591891 0.02671387540255942 0.027487352445193947 17-005132
0 0.7619021922428333 0.6768431703204031 0.028141889975222146 0.025969645868465393 17-004310
0 0.42805902192243017 0.5834704890387844 0.0219836838598035 0.02293423271500847 17-004484
0 0.02721585160201978 0.41000000000000014 0.025210732127248378 0.024114671163574967 17-005092
0 0.6310000000000002 0.36599999999999966 0.03825530942895628 0.03440134907251261 17-002116
0 0.26637268128162417 0.3233136593591899 0.05382708549631723 0.05075885328836429 17-001072
0 0.11521585160202774 0.28647048903878725 0.022937235038619525 0.02242833052276552 17-004871
0 0.5052158516020283 0.14162731871838075 0.07668919183228853 0.06947723440134905 17-000578
0 0.9685295109612081 0.10584317032040513 0.03730175825014033 0.03389544688026966 17-002185
0 0.4340590219224303 0.021509274873524276 0.05254470393782879 0.0430185497470485 17-001128
0 0.1399662731871838 0.8237774030354131 0.02023608768971332 0.021922428330522766 
0 0.04721753794266437 0.7639123102866779 0.016863406408094434 0.016863406408094434 
