0 0.8382276910491638 0.9043338954468803 0.023375983837591357 0.02114671163575042 23-013755
0 0.7680000000000007 0.8470000000000013 0.021763847021205606 0.01854974704890388 23-016692
0 0.44800000000000745 0.8460000000000001 0.02377901804168765 0.018178752107925803 23-015486
0 0.5339999999999918 0.7759999999999998 0.054208100450965774 0.04674536256323782 23-004570
0 0.8414973726289056 0.7704384485666105 0.21582481629362227 0.15470489038785837 23-001244
0 0.9503759842007377 0.7319999999999993 0.10917283475837732 0.157487352445194 23-001473
0 0.7609999999999957 0.7310000000000016 0.19788979421133232 0.1734401349072513 23-001322
0 0.6829999999999927 0.6430000000000007 0.05138686102229095 0.04303541315345706 23-004899
0 0.5420000000000016 0.5859999999999985 0.04473679665470048 0.039510961214165224 23-005553
0 0.010923286057804339 0.5549999999999997 0.02403122932716955 0.030978077571669486 23-007615
0 0.6409999999999911 0.495000000000001 0.022569915429398384 0.02003372681281618 23-014756
0 0.4699999999999989 0.3960000000000008 0.04493831375674853 0.03969645868465424 23-005544
0 0.6430000000000007 0.26099999999999923 0.042721625634218434 0.03765598650927475 23-005894
0 0.7460000000000093 0.24299999999999855 0.022569915429398384 0.018920741989882 23-015580
0 0.020327608340010954 0.08399999999999963 0.044720738348024106 0.053237774030354026 23-004131
0 0.9595278246205734 0.17200674536256322 0.08094435075885328 0.15177065767284992 
0 0.6188870151770658 0.5278246205733559 0.023608768971332208 0.023608768971332208 
