0 0.6779245716212428 0.9419139966273187 0.023577500939639215 0.018735244519392916 23-015083
0 0.9850000000000136 0.8659999999999997 0.027607842980603304 0.020590219224283317 23-012177
0 0.6009999999999991 0.8079999999999998 0.35990954425808513 0.3075548060708263 23-000659
0 0.7566256795309656 0.6694350758853288 0.03143666791951914 0.026897133220910606 23-008935
0 0.9701652952363968 0.60464586846543 0.02256991542939858 0.018735244519392843 23-015568
0 0.33192246460223446 0.4933473861720068 0.024182052245784038 0.01873524451939294 23-014341
0 0.8701142952203187 0.43560708263069126 0.030429082409278316 0.024671163575041958 23-009687
0 0.19150004775775373 0.3828499156829679 0.03183970212361561 0.02708263069139957 23-008868
0 0.30433646304313877 0.3211382799325464 0.02539115485807321 0.021703204047217546 23-012397
0 0.6215169111641619 0.3254384485666105 0.03183970212361563 0.023558178752107972 23-009738
0 0.0739409780775794 0.14362731871837942 0.03647459547072421 0.03209106239460376 23-007156
0 0.06594097807756963 0.030313659359190503 0.04715500187927879 0.03802698145025287 23-005462
0 0.2536273187183861 0.014627318718381854 0.02458508644988043 0.01966273187183825 23-013856
0 0.16462731871838748 0.010576728499156363 0.025794189062169598 0.01955885328836324 23-012555
0 0.8229342327150084 0.3811129848229342 0.35075885328836426 0.7048903878583473 
0 0.21163575042158517 0.09190556492411472 0.01854974704890388 0.021922428330522766 
