0 0.4853136593591853 0.03652951096121308 0.03239299373300855 0.029679595278246197 17-003226
0 0.4178431703204063 0.1978431703204039 0.0920448305739494 0.08128161888701516 17-000491
0 0.8156273187183838 0.3031568296795938 0.050163138186349945 0.04064080944350753 17-001274
0 0.4166273187183828 0.3226863406408109 0.02671387540255942 0.027487352445193947 17-005132
0 0.2380978077571667 0.3231568296795969 0.028141889975222146 0.025969645868465393 17-004310
0 0.5719409780775698 0.4165295109612156 0.0219836838598035 0.02293423271500847 17-004484
0 0.9727841483979802 0.5899999999999999 0.025210732127248378 0.024114671163574967 17-005092
0 0.3689999999999998 0.6340000000000003 0.03825530942895628 0.03440134907251261 17-002116
0 0.7336273187183758 0.6766863406408101 0.05382708549631723 0.05075885328836429 17-001072
0 0.8847841483979723 0.7135295109612128 0.022937235038619525 0.02242833052276552 17-004871
0 0.4947841483979717 0.8583726812816193 0.07668919183228853 0.06947723440134905 17-000578
0 0.03147048903879186 0.8941568296795949 0.03730175825014033 0.03389544688026966 17-002185
0 0.5659409780775697 0.9784907251264757 0.05254470393782879 0.0430185497470485 17-001128
0 0.8600337268128162 0.17622259696458684 0.02023608768971332 0.021922428330522766 
0 0.9527824620573356 0.23608768971332209 0.016863406408094434 0.016863406408094434 
