0 0.21547048903878938 0.9900919055649234 0.028325087340720527 0.019816188870153222 17-004036
0 0.13247048903879094 0.9854780775716698 0.038292873780280484 0.029043844856660277 17-002305
0 0.527000000000001 0.9860000000000007 0.021617289128806887 0.019730185497470493 17-004909
0 0.6599409780775779 0.8610000000000007 0.029645033250533283 0.026138279932546374 17-004020
0 0.8486273187183849 0.6205295109612128 0.06023899328876007 0.057504215851602064 17-000848
0 0.3644704890387903 0.5371568296795955 0.044779910275371544 0.03962900505902192 17-002014
0 0.17162731871837827 0.45899999999999963 0.02986117057623327 0.02883642495784152 17-002611
0 0.09762731871838021 0.3262158516020228 0.038255309428956316 0.03507588532883635 17-002161
0 0.7996273187183783 0.26962731871838086 0.026746815362761002 0.02647554806070834 17-003355
0 0.25162731871837657 0.24752951096121512 0.03202659900201194 0.02934232715008428 17-003301
0 0.3130978077571696 0.14631365935919016 0.027517169176078722 0.027487352445193947 17-003235
0 0.03029206990431722 0.09952951096121543 0.06058413980863444 0.07571669477234416 17-000623
0 0.2956273187183877 0.06568634064080947 0.023890786217435647 0.023102866779089452 17-005198
0 0.7309999999999945 0.06137268128161866 0.02821239428674803 0.027655986509274644 17-002934
