0 0.40518335780694026 0.14614671163575044 0.02115929571506088 0.017993254637436742 23-017413
0 0.38873913566568663 0.19175151770657664 0.4975457249570057 0.3835030354131533 23-000397
0 0.7239999999999895 0.21799999999999994 0.04110948881783278 0.03543001686340642 23-006289
0 0.1810000000000116 0.2300000000000004 0.0697249173086772 0.05935919055649239 23-003617
0 0.21299999999999386 0.29299999999999926 0.04473679665470048 0.04006745362563246 23-005508
0 0.15000000000000568 0.3979999999999997 0.033854873144097485 0.028937605396290093 23-008167
0 0.12399999999999523 0.5019999999999989 0.05642478857349596 0.04655986509274876 23-004493
0 0.3195710166084704 0.39904721753794276 0.6391420332169409 0.6386677908937604 23-000217
0 0.48699999999999477 0.5139999999999993 0.0253911548580734 0.018920741989882 23-013609
0 0.7519438841363177 0.5469730185497471 0.03002604820518183 0.02578414839797633 23-009552
0 0.6959509256443714 0.6314418212478919 0.1136556455551848 0.09293423271500864 23-002435
0 0.5200000000000102 0.7310000000000016 0.15859395931193343 0.13337268128161894 23-001760
0 0.2330000000000041 0.7399999999999984 0.049774724205905396 0.04396290050590208 23-004954
0 0.5440000000000111 0.7590000000000003 0.05138686102229095 0.043591905564924156 23-004905
0 0.5130000000000052 0.7609999999999992 0.02720480877650701 0.023743676222597033 23-011030
0 0.8739999999999952 0.7759999999999998 0.04151252302192918 0.036172006745362445 23-006113
0 0.018000000000000682 0.815999999999999 0.022771432531446627 0.01984822934232731 23-014789
0 0.9199999999999875 0.8689999999999998 0.04010190330759181 0.033204047217537745 23-006558
0 0.24399999999999977 0.8819603709949405 0.44656189813881103 0.2596871838111313 23-000475
0 0.5629999999999882 0.8900000000000006 0.1745138103737412 0.14524451939291727 23-001557
0 0.592000000000013 0.9639999999999985 0.034459424450242214 0.027639123102866564 23-008187
0 0.636593591905565 0.28920741989881954 0.021922428330522766 0.025295109612141653 
0 0.45278246205733563 0.10792580101180438 0.021922428330522766 0.02023608768971332 
0 0.04131534569983142 0.32040472175379425 0.021922428330522766 0.023608768971332208 
