0 0.3632529136153526 0.9643929173693087 0.024988120653976723 0.019848229342327155 23-013560
0 0.6674729840916209 0.8590978077571669 0.02297294963349487 0.018364249578414864 23-015799
0 0.18835072499969074 0.7824704890387858 0.022569915429398384 0.016880269814502514 23-017227
0 0.6759999999999877 0.6789999999999985 0.1325982531477156 0.11426644182124787 23-002024
0 0.06200000000001182 0.17999999999999972 0.05501416885915855 0.04767284991568313 23-004472
0 0.835000000000008 0.08899999999999852 0.03183970212361558 0.02634064080944371 23-008947
0 0.3480000000000132 0.027000000000001134 0.032041219225663685 0.027268128161888824 23-008752
0 0.7630000000000052 0.020581787521078976 0.05501416885915858 0.04527993254637379 23-004558
0 0.4620573355817875 0.24198988195615512 0.023608768971332208 0.025295109612141653 
0 0.09612141652613826 0.627318718381113 0.02023608768971332 0.023608768971332208 
0 0.6045531197301854 0.40472175379426645 0.021922428330522766 0.02023608768971332 
