0 0.6367470863846474 0.0356070826306914 0.024988120653976723 0.019848229342327155 23-013560
0 0.332527015908379 0.14090219224283304 0.02297294963349487 0.018364249578414864 23-015799
0 0.8116492750003093 0.21752951096121417 0.022569915429398384 0.016880269814502514 23-017227
0 0.3240000000000123 0.3210000000000015 0.1325982531477156 0.11426644182124787 23-002024
0 0.9379999999999882 0.8200000000000003 0.05501416885915855 0.04767284991568313 23-004472
0 0.16499999999999204 0.9110000000000015 0.03183970212361558 0.02634064080944371 23-008947
0 0.6519999999999868 0.9729999999999989 0.032041219225663685 0.027268128161888824 23-008752
0 0.23699999999999477 0.979418212478921 0.05501416885915858 0.04527993254637379 23-004558
0 0.5379426644182125 0.7580101180438449 0.023608768971332208 0.025295109612141653 
0 0.9038785834738617 0.37268128161888703 0.02023608768971332 0.023608768971332208 
0 0.3954468802698145 0.5952782462057336 0.021922428330522766 0.02023608768971332 
