0 0.5370000000000061 0.9814241146711639 0.049371690001809104 0.04086694772343955 23-004945
0 0.2750000000000057 0.8530000000000015 0.08685387098277418 0.07345699831365936 23-003023
0 0.9541563533846033 0.8208178752107926 0.03647459547072421 0.02949409780775718 23-007652
0 0.6920000000000073 0.7899999999999991 0.4507937572818236 0.3986340640809443 23-000456
0 0.8029371375646974 0.5998313659359191 0.030832116613374563 0.025969645868465487 23-009438
0 0.46999999999999886 0.6039999999999992 0.05239444653253217 0.04563237774030354 23-004730
0 0.10200000000000387 0.5820000000000007 0.12937397951494428 0.11204047217537938 23-002063
0 0.43899999999999295 0.5629999999999988 0.029018462694940808 0.025784148397976377 23-009882
0 0.9896796908903016 0.5330000000000013 0.02270468004133655 0.020775716694772427 23-011789
0 0.8279776206215903 0.45428330522765603 0.02357750093963941 0.018178752107925945 23-015616
0 0.4429405126640932 0.4512478920741989 0.02921997979698905 0.025598650927487268 23-009885
0 0.47999235766407733 0.4162816188870152 0.03587004416457953 0.029865092748735306 23-007690
0 0.44135493057430775 0.4045868465430017 0.029421496899037104 0.02671163575042164 23-009510
0 0.22233216437112846 0.39559865092748736 0.02982453110313378 0.025598650927487268 23-009679
0 0.9882112495301802 0.37717537942664425 0.023577500939639395 0.019106239460371065 23-014872
0 0.796999999999997 0.35800000000000054 0.38590525042230295 0.33816188870151764 23-000586
0 0.2336593108282743 0.2911382799325464 0.032242736327712115 0.02578414839797633 23-009000
0 0.9451997630542122 0.21453625632377737 0.045542865062893206 0.037841483979763814 23-005645
0 0.382205694868353 0.19026981450252956 0.025794189062169695 0.01966273187183825 23-013674
0 0.6189999999999998 0.1529999999999987 0.02458508644988043 0.02003372681281637 23-013811
0 0.2347676548895392 0.07104553119730184 0.03445942445024202 0.03079258010118042 23-007712
0 0.8710000000000093 0.06662310286677897 0.20836868351783874 0.14657082630691368 23-001273
0 0.08684654300168637 0.5893760539629005 0.025295109612141653 0.021922428330522766 
