0 0.32207542837875724 0.05808600337268128 0.023577500939639215 0.018735244519392916 23-015083
0 0.014999999999986358 0.13400000000000034 0.027607842980603304 0.020590219224283317 23-012177
0 0.3990000000000009 0.19200000000000017 0.35990954425808513 0.3075548060708263 23-000659
0 0.2433743204690344 0.3305649241146712 0.03143666791951914 0.026897133220910606 23-008935
0 0.02983470476360317 0.39535413153457 0.02256991542939858 0.018735244519392843 23-015568
0 0.6680775353977655 0.5066526138279932 0.024182052245784038 0.01873524451939294 23-014341
0 0.1298857047796813 0.5643929173693087 0.030429082409278316 0.024671163575041958 23-009687
0 0.8084999522422462 0.6171500843170321 0.03183970212361561 0.02708263069139957 23-008868
0 0.6956635369568612 0.6788617200674536 0.02539115485807321 0.021703204047217546 23-012397
0 0.37848308883583814 0.6745615514333895 0.03183970212361563 0.023558178752107972 23-009738
0 0.9260590219224206 0.8563726812816206 0.03647459547072421 0.03209106239460376 23-007156
0 0.9340590219224304 0.9696863406408095 0.04715500187927879 0.03802698145025287 23-005462
0 0.7463726812816138 0.9853726812816181 0.02458508644988043 0.01966273187183825 23-013856
0 0.8353726812816125 0.9894232715008436 0.025794189062169598 0.01955885328836324 23-012555
0 0.17706576728499157 0.6188870151770658 0.35075885328836426 0.7048903878583473 
0 0.7883642495784149 0.9080944350758853 0.01854974704890388 0.021922428330522766 
