0 0.6779245716212428 0.05808600337268128 0.023577500939639215 0.018735244519392916 23-015083
0 0.9850000000000136 0.13400000000000034 0.027607842980603304 0.020590219224283317 23-012177
0 0.6009999999999991 0.19200000000000017 0.35990954425808513 0.3075548060708263 23-000659
0 0.7566256795309656 0.3305649241146712 0.03143666791951914 0.026897133220910606 23-008935
0 0.9701652952363968 0.39535413153457 0.02256991542939858 0.018735244519392843 23-015568
0 0.33192246460223446 0.5066526138279932 0.024182052245784038 0.01873524451939294 23-014341
0 0.8701142952203187 0.5643929173693087 0.030429082409278316 0.024671163575041958 23-009687
0 0.19150004775775373 0.6171500843170321 0.03183970212361561 0.02708263069139957 23-008868
0 0.30433646304313877 0.6788617200674536 0.02539115485807321 0.021703204047217546 23-012397
0 0.6215169111641619 0.6745615514333895 0.03183970212361563 0.023558178752107972 23-009738
0 0.0739409780775794 0.8563726812816206 0.03647459547072421 0.03209106239460376 23-007156
0 0.06594097807756963 0.9696863406408095 0.04715500187927879 0.03802698145025287 23-005462
0 0.2536273187183861 0.9853726812816181 0.02458508644988043 0.01966273187183825 23-013856
0 0.16462731871838748 0.9894232715008436 0.025794189062169598 0.01955885328836324 23-012555
0 0.8229342327150084 0.6188870151770658 0.35075885328836426 0.7048903878583473 
0 0.21163575042158517 0.9080944350758853 0.01854974704890388 0.021922428330522766 
