0 0.16177230895083616 0.9043338954468803 0.023375983837591357 0.02114671163575042 23-013755
0 0.23199999999999932 0.8470000000000013 0.021763847021205606 0.01854974704890388 23-016692
0 0.5519999999999925 0.8460000000000001 0.02377901804168765 0.018178752107925803 23-015486
0 0.4660000000000082 0.7759999999999998 0.054208100450965774 0.04674536256323782 23-004570
0 0.15850262737109444 0.7704384485666105 0.21582481629362227 0.15470489038785837 23-001244
0 0.049624015799262344 0.7319999999999993 0.10917283475837732 0.157487352445194 23-001473
0 0.23900000000000432 0.7310000000000016 0.19788979421133232 0.1734401349072513 23-001322
0 0.3170000000000073 0.6430000000000007 0.05138686102229095 0.04303541315345706 23-004899
0 0.4579999999999984 0.5859999999999985 0.04473679665470048 0.039510961214165224 23-005553
0 0.9890767139421957 0.5549999999999997 0.02403122932716955 0.030978077571669486 23-007615
0 0.35900000000000887 0.495000000000001 0.022569915429398384 0.02003372681281618 23-014756
0 0.5300000000000011 0.3960000000000008 0.04493831375674853 0.03969645868465424 23-005544
0 0.3569999999999993 0.26099999999999923 0.042721625634218434 0.03765598650927475 23-005894
0 0.2539999999999907 0.24299999999999855 0.022569915429398384 0.018920741989882 23-015580
0 0.9796723916599891 0.08399999999999963 0.044720738348024106 0.053237774030354026 23-004131
0 0.0404721753794266 0.17200674536256322 0.08094435075885328 0.15177065767284992 
0 0.3811129848229342 0.5278246205733559 0.023608768971332208 0.023608768971332208 
