0 0.3129999999999882 0.9810000000000016 0.03405639024614573 0.02949409780775717 23-007921
0 0.42900000000000205 0.8730000000000011 0.022368398327350145 0.018364249578414864 23-015964
0 0.6779999999999973 0.8200000000000003 0.041714040123977315 0.03672849915682968 23-006050
0 0.6740000000000066 0.8170000000000002 0.2216688122530199 0.19458684654300165 23-001167
0 0.5420000000000016 0.629999999999999 0.21985515833458616 0.17492411467116356 23-001231
0 0.804000000000002 0.23699999999999832 0.02680177457241062 0.02207419898819567 23-011830
0 0.5490000000000066 0.2029999999999994 0.043124659838314774 0.037470489038785686 23-005878
0 0.8940000000000055 0.19699999999999918 0.020957778613012817 0.018178752107925945 23-017222
0 0.6279999999999859 0.17299999999999827 0.03143666791951914 0.02689713322091051 23-008981
0 0.8530000000000086 0.16600000000000037 0.037683698083013424 0.0319055649241146 23-007016
0 0.5130000000000052 0.13700000000000057 0.050580792614098175 0.041180438448566635 23-005107
0 0.7309999999999945 0.10526981450253015 0.2793027034388051 0.23159359190556653 23-000895
0 0.2293423271500843 0.8490725126475548 0.023608768971332208 0.01854974704890388 
