0 0.5289999999999964 0.989629005059022 0.05219292943048373 0.02281618887015177 23-004746
0 0.8269999999999982 0.9130000000000003 0.032444253429760164 0.025042158516020225 23-009100
0 0.742999999999995 0.8079999999999998 0.04131100591988102 0.033760539629005076 23-006432
0 0.49500000000000455 0.8060000000000009 0.14549534767880035 0.12929173693086002 23-001811
0 0.2669999999999959 0.6340000000000003 0.022771432531446627 0.017993254637436694 23-016515
0 0.5250000000000057 0.6090000000000018 0.022771432531446627 0.02003372681281618 23-014719
0 0.10200000000000387 0.4480000000000004 0.030429082409278316 0.021517706576728485 23-010766
0 0.0689999999999884 0.27199999999999847 0.12413453486169103 0.11185497470489046 23-002101
0 0.28999999999999204 0.22100000000000009 0.020957778613012637 0.018364249578414815 23-017206
0 0.8220000000000027 0.21399999999999864 0.034459424450242214 0.030050590219224366 23-007814
0 0.9610000000000127 0.16199999999999903 0.0233759838375912 0.01762225969645876 23-016022
0 0.9350000000000023 0.13299999999999912 0.0467519676751824 0.03895446880269828 23-005442
0 0.0730000000000075 0.062000000000001054 0.021763847021205606 0.017993254637436885 23-016702
0 0.34317032040472173 0.06576728499156825 0.01854974704890388 0.016863406408094434 
0 0.9907251264755481 0.08178752107925802 0.01854974704890388 0.01854974704890388 
0 0.596964586846543 0.15682967959527827 0.016863406408094434 0.02023608768971332 
