0 0.6970000000000027 0.024695615514333736 0.06408243845132765 0.054330354131534225 23-003805
0 0.2980901799299289 0.1201264755480607 0.026197223266265987 0.02281618887015177 23-011760
0 0.5892225594838181 0.2385413153456998 0.024988120653976723 0.02207419898819567 23-012531
0 0.23043503719550307 0.4518381112984823 0.025794189062169695 0.017065767284991575 23-015465
0 0.4270690577503934 0.4589966273187184 0.0548126517571105 0.04322091062394603 23-004753
0 0.42253556437999407 0.5118575042158517 0.9295782416359875 1.0739134907251262 23-000058
0 0.7389093026671392 0.8396711635750421 0.037683698083013424 0.030607082630691552 23-007240
0 0.2669999999999959 0.8619999999999983 0.03607156126662777 0.02912310286677906 23-007718
0 0.4579999999999984 0.9540000000000005 0.02921997979698905 0.024856661045531213 23-010086
0 0.2779999999999916 0.9649999999999999 0.0253911548580734 0.021888701517706607 23-012264
0 0.4329999999999927 0.9819999999999993 0.04473679665470048 0.03617200674536264 23-005807
0 0.12225969645868462 0.5168634064080945 0.01854974704890388 0.01517706576728499 
0 0.11467116357504215 0.8010118043844857 0.02023608768971332 0.016863406408094434 
0 0.018549747048903886 0.23018549747048903 0.023608768971332208 0.025295109612141653 
0 0.01770657672849918 0.209106239460371 0.01854974704890388 0.016863406408094434 
