0 0.44300000000001205 0.07000000000000028 0.03675245919908153 0.02967959527824622 23-007505
0 0.41900000000001114 0.16199999999999903 0.06375840988127979 0.05212478920741994 23-004048
0 0.7340000000000089 0.16499999999999915 0.24549018326900368 0.20052276559865098 23-001103
0 0.3439999999999941 0.19000000000000128 0.03309751850525023 0.027082630691399667 23-008660
0 0.9639999999999986 0.1980000000000004 0.03289446624448188 0.027268128161888727 23-008600
0 0.7090000000000032 0.3099999999999987 0.02456932355297719 0.01576728499156824 23-016583
0 0.5840000000000032 0.4299999999999997 0.024163219031440378 0.020404721753794305 23-013894
0 0.15100000000001046 0.468 0.25361227369974 0.21554806070826296 23-001022
0 0.3789999999999907 0.5090000000000003 0.2359467270128884 0.19291736930860034 23-001143
0 0.257000000000005 0.6580000000000013 0.031879204940639796 0.024856661045531022 23-009468
0 0.46999999999999886 0.9720000000000013 0.0464989677159652 0.04155143338954485 23-005337
0 0.5505902192242833 0.5834738617200674 0.021922428330522766 0.023608768971332208 
0 0.784991568296796 0.7824620573355818 0.4300168634064081 0.4350758853288364 
0 0.6905564924114671 0.49409780775716694 0.021922428330522766 0.016863406408094434 
0 0.8507588532883643 0.26138279932546377 0.025295109612141653 0.023608768971332208 
0 0.34401349072512644 0.05733558178752108 0.023608768971332208 0.02023608768971332 
