0 0.4454704890387791 0.01252951096121573 0.028317735428627654 0.023271500843170315 17-004180
0 0.46831365935918945 0.12715682967959538 0.04749039975766356 0.04131534569983136 17-001241
0 0.34878414839797084 0.14168634064081 0.05360697154251103 0.050252951096121434 17-000996
0 0.4393136593591931 0.40943170320404704 0.023124128465454825 0.02344013490725132 17-005461
0 0.20994097807757509 0.4218431703204041 0.026446801823483326 0.023440134907251227 17-004243
0 0.7443136593591857 0.5156863406408088 0.04878255050800798 0.04620573355817871 17-001139
0 0.7011568296795935 0.6400000000000006 0.04013168514606208 0.0387858347386172 17-001855
0 0.5454704890387877 0.7032158516020253 0.040181693069652684 0.038279932546374254 17-002178
0 0.885627318718377 0.7471568296795964 0.03664942278549386 0.0344013490725128 17-002323
0 0.8876273187183864 0.7852158516020225 0.025339244037473986 0.023271500843170437 17-004440
0 0.493784148397981 0.9655295109612151 0.030952044852906903 0.03035413153456998 17-004288
