0 0.12399999999999523 0.911999999999999 0.02314795772759835 0.02040472175379428 23-014294
0 0.3079999999999927 0.8550000000000004 0.02538153259605081 0.0224451939291737 23-012301
0 0.41800000000000637 0.8290000000000006 0.03553414563447124 0.02949409780775718 23-007741
0 0.13999999999998636 0.7890000000000015 0.06030652144821679 0.04730185497470493 23-004307
0 0.4379999999999882 0.7439999999999998 0.09807424195114045 0.08217537942664414 23-002701
0 0.8309999999999889 0.7029999999999994 0.17056389904546157 0.13504215851602022 23-001658
0 0.6100000000000136 0.5949999999999989 0.15107088201169463 0.12836424957841489 23-001792
0 0.8300000000000125 0.5199999999999996 0.03370667528755554 0.028566610455311874 23-008295
0 0.6479999999999961 0.4299999999999997 0.029036473289882115 0.025598650927487268 23-009955
0 0.8089999999999975 0.3949999999999996 0.05563631945054336 0.04952782462057336 23-004391
0 0.32200000000000273 0.3780000000000001 0.045077601890586266 0.037841483979763814 23-005687
0 0.6279999999999859 0.3069999999999986 0.19208743868691258 0.15989881956155133 23-001395
0 0.3689999999999998 0.04299999999999926 0.02720900294296656 0.021703204047217737 23-011984
