0 0.3499999999999943 0.10887183811129807 0.28731894898729543 0.23951804384485578 23-000879
0 0.5800000000000125 0.16900000000000048 0.023554062249135258 0.016694772344013502 23-016879
0 0.6119999999999948 0.2029999999999994 0.2361497792736569 0.20237774030354136 23-001100
0 0.37700000000000955 0.3810000000000002 0.03370667528755554 0.028381112984823004 23-008332
0 0.8549999999999898 0.40500000000000114 0.02456932355297738 0.02003372681281618 23-013651
0 0.07499999999998863 0.41600000000000037 0.02375711450990359 0.018178752107925755 23-015744
0 0.9941468040342851 0.4349999999999987 0.012877031124572655 0.02003372681281618 23-014453
0 0.3844795772759893 0.6976483979763917 0.8458550700071766 0.6651735244519383 23-000099
0 0.5910000000000082 0.7270000000000003 0.025178480335282312 0.018178752107925945 23-014648
0 0.6469999999999914 0.7379999999999995 0.02761510746450337 0.0209612141652613 23-011933
0 0.49799999999999045 0.7439999999999998 0.07106829126894239 0.057875210792580185 23-003621
0 0.06700000000000728 0.971 0.04731117675903875 0.03747048903878588 23-005619
0 0.5084317032040472 0.321247892074199 0.01854974704890388 0.021922428330522766 
0 0.21163575042158517 0.9055649241146712 0.021922428330522766 0.023608768971332208 
0 0.5337268128161888 0.9308600337268128 0.021922428330522766 0.016863406408094434 
