0 0.8632501752418539 0.06587689713322091 0.04690507223750196 0.040252951096121425 23-005399
0 0.43199999999998795 0.1732023608768974 0.6848952755718355 0.3810451939291743 23-000238
0 0.2189999999999941 0.24399999999999977 0.04081350441444984 0.03505902192242827 23-006366
0 0.05299999999999727 0.25 0.024366271292208686 0.018364249578414815 23-015489
0 0.5699999999999932 0.2699999999999996 0.12995344689178023 0.10814502529510961 23-002104
0 0.6410247459829805 0.2794772344013491 0.027412055203734964 0.02114671163575036 23-012195
0 0.34499999999999886 0.38500000000000156 0.02477237581374569 0.019477234401349092 23-013797
0 0.7599999999999909 0.4600000000000008 0.07127134352971069 0.06399662731871832 23-003484
0 0.5629999999999882 0.5300000000000011 0.030254786854492597 0.026155143338954454 23-009546
0 0.6966739871296921 0.5569645868465429 0.027412055203734964 0.019291736930860125 23-012686
0 0.9521039347592194 0.597999999999999 0.10537134352971723 0.11575042158516018 23-001950
0 0.4099960781920866 0.6727824620573355 0.02741205520373487 0.023743676222597033 23-011038
0 0.382000000000005 0.7079999999999984 0.3786924663330783 0.32035413153457004 23-000635
0 0.09000000000000341 0.9672833052276565 0.13056260367408545 0.07197672849915601 23-002049
0 0.6618887015177066 0.5784148397976391 0.025295109612141653 0.023608768971332208 
