0 0.8593136593591806 0.9829409780775712 0.031066995897566365 0.021517706576728496 23-010639
0 0.9453136593591933 0.9703136593591919 0.03248836172294492 0.027082630691399667 23-008793
0 0.7719409780775585 0.9653136593591893 0.023554062249135258 0.019106239460370992 23-015038
0 0.15131365935918215 0.9586273187183808 0.022538800945293133 0.018178752107925803 23-016519
0 0.6703136593591876 0.8829409780775733 0.045077601890586266 0.03580101180438447 23-005927
0 0.9253136593591831 0.8769999999999989 0.03289446624448192 0.024300168634064076 23-009475
0 0.6416273187183913 0.8670000000000009 0.02964563007218743 0.023929173693086 23-010249
0 0.061313659359178735 0.8423136593591918 0.10761769820725553 0.09330522765598653 23-002463
0 0.44315682967958364 0.813568296795952 0.02544345515071301 0.023220910623946055 23-014529
0 0.2919409780775687 0.7526863406408106 0.023351009988366755 0.018364249578414815 23-015555
0 0.02194097807755848 0.7413726812816184 0.03106699589756622 0.024671163575042152 23-009623
0 0.8836273187183815 0.7109409780775728 0.07533238874507872 0.06399662731871836 23-003412
0 0.46056829679594685 0.7078431703204054 0.02538153259605081 0.02435075885328836 23-013662
0 0.1992546374367511 0.32768634064081004 0.025990689378356052 0.02114671163575036 23-012556
0 0.7283136593591804 0.20856829679595146 0.02538153259605081 0.021888701517706607 23-012525
0 0.8458027163075155 0.21000000000000085 0.339234024123466 0.32128161888701534 23-000631
