0 0.5112931459175125 0.9265514333895447 0.022944905466829944 0.01836424957841484 23-016066
0 0.7520000000000095 0.9130000000000003 0.02538153259605081 0.01762225969645869 23-014897
0 0.4280410475209211 0.9183558178752108 0.051169169713638434 0.045817875210792586 23-004788
0 0.7181038879547689 0.8811129848229342 0.024163219031440378 0.01854974704890388 23-015014
0 0.4907128762609246 0.8523355817875211 0.02700595068219806 0.021703204047217498 23-011976
0 0.28999999999999204 0.8069999999999986 0.38336266833075183 0.33222596964586854 23-000601
0 0.4413409706012517 0.7577150084317033 0.02456932355297719 0.02133220910623942 23-013282
0 0.8169319408077169 0.7453794266441821 0.03898603406753409 0.03376053962900503 23-006693
0 0.8756442504627365 0.6433389544688026 0.02274185320606144 0.01854974704890388 23-015867
0 0.3423148998696935 0.4689629005059023 0.027005950682198153 0.023929173693086097 23-011108
0 0.20395816290723504 0.3780000000000001 0.44870795839591704 0.5731871838111298 23-000246
0 0.07400000000001228 0.25900000000000034 0.0339097275483239 0.026155143338954454 23-008744
