0 0.5060000000000002 0.8590000000000018 0.1301564991525487 0.11222596964586848 23-002061
0 0.2365898492899211 0.8102124789207427 0.4731796985798422 0.3795750421585146 23-000313
0 0.76400000000001 0.6439999999999984 0.022335748684524728 0.018178752107925755 23-016571
0 0.3170000000000073 0.5779999999999994 0.026193741639124437 0.020404721753794257 23-013021
0 0.9619999999999891 0.5289999999999999 0.03106699589756622 0.026340640809443514 23-009326
0 0.11699999999999022 0.5249999999999986 0.09705898064729841 0.0827318718381112 23-002702
0 0.8439999999999941 0.36599999999999966 0.31635542227717756 0.2851096121416527 23-000755
0 0.48099999999999454 0.33500000000000085 0.025990689378355934 0.02114671163575036 23-012572
0 0.8859999999999957 0.16900000000000048 0.028833421029113744 0.023001686340640787 23-010998
0 0.7350000000000136 0.13599999999999923 0.02781815972527168 0.02170320404721764 23-011709
0 0.9780000000000086 0.08899999999999852 0.03411277980909232 0.02708263069139957 23-008566
0 0.054000000000002046 0.0710000000000015 0.02192964416298782 0.018920741989882 23-016208
0 0.4509999999999934 0.06913575042158582 0.1888386025146183 0.1520986509274889 23-001398
0 0.8431703204047217 0.7639123102866779 0.026981450252951095 0.023608768971332208 
0 0.4578414839797639 0.17453625632377745 0.021922428330522766 0.01854974704890388 
