0 0.8760000000000048 0.911999999999999 0.02314795772759835 0.02040472175379428 23-014294
0 0.6920000000000073 0.8550000000000004 0.02538153259605081 0.0224451939291737 23-012301
0 0.5819999999999936 0.8290000000000006 0.03553414563447124 0.02949409780775718 23-007741
0 0.8600000000000136 0.7890000000000015 0.06030652144821679 0.04730185497470493 23-004307
0 0.5620000000000118 0.7439999999999998 0.09807424195114045 0.08217537942664414 23-002701
0 0.16900000000001114 0.7029999999999994 0.17056389904546157 0.13504215851602022 23-001658
0 0.38999999999998636 0.5949999999999989 0.15107088201169463 0.12836424957841489 23-001792
0 0.1699999999999875 0.5199999999999996 0.03370667528755554 0.028566610455311874 23-008295
0 0.35200000000000387 0.4299999999999997 0.029036473289882115 0.025598650927487268 23-009955
0 0.1910000000000025 0.3949999999999996 0.05563631945054336 0.04952782462057336 23-004391
0 0.6779999999999973 0.3780000000000001 0.045077601890586266 0.037841483979763814 23-005687
0 0.3720000000000141 0.3069999999999986 0.19208743868691258 0.15989881956155133 23-001395
0 0.6310000000000002 0.04299999999999926 0.02720900294296656 0.021703204047217737 23-011984
