0 0.6690000000000111 0.9029999999999987 0.051981378756712056 0.04507588532883643 23-004776
0 0.4890000000000044 0.7850000000000001 0.09401319673577234 0.07939291736930865 23-002817
0 0.30913532128114773 0.7356239460370995 0.022538800945293036 0.01762225969645876 23-016680
0 0.7952744872926248 0.6724789207419899 0.04182876571829158 0.036357504215851606 23-006106
0 0.09200000000001296 0.6069999999999993 0.05218443101748051 0.04396290050590218 23-004884
0 0.4107218642512511 0.5685834738617201 0.02172659190221951 0.0174367622259697 23-017322
0 0.5020000000000095 0.5620000000000012 0.025584584856819314 0.023001686340640787 23-011954
0 0.012214386912908612 0.4690000000000012 0.02687165120839895 0.03153456998313648 23-007363
0 0.31061860966118876 0.32443507588532894 0.022944905466829944 0.018178752107925945 23-016164
0 0.5458940903314371 0.19784991568296795 0.02456932355297738 0.02133220910623942 23-013016
0 0.9310000000000116 0.0990000000000002 0.039595190849839215 0.031349072512647416 23-006896
0 0.7319999999999993 0.05600000000000094 0.03228530946217661 0.027639123102866564 23-008689
