0 0.556999999999988 0.9299999999999997 0.03675245919908153 0.02967959527824622 23-007505
0 0.5809999999999889 0.838000000000001 0.06375840988127979 0.05212478920741994 23-004048
0 0.26599999999999113 0.8350000000000009 0.24549018326900368 0.20052276559865098 23-001103
0 0.6560000000000059 0.8099999999999987 0.03309751850525023 0.027082630691399667 23-008660
0 0.036000000000001364 0.8019999999999996 0.03289446624448188 0.027268128161888727 23-008600
0 0.2909999999999968 0.6900000000000013 0.02456932355297719 0.01576728499156824 23-016583
0 0.4159999999999968 0.5700000000000003 0.024163219031440378 0.020404721753794305 23-013894
0 0.8489999999999895 0.532 0.25361227369974 0.21554806070826296 23-001022
0 0.6210000000000093 0.49099999999999966 0.2359467270128884 0.19291736930860034 23-001143
0 0.742999999999995 0.34199999999999875 0.031879204940639796 0.024856661045531022 23-009468
0 0.5300000000000011 0.027999999999998693 0.0464989677159652 0.04155143338954485 23-005337
0 0.4494097807757167 0.41652613827993257 0.021922428330522766 0.023608768971332208 
0 0.21500843170320405 0.21753794266441817 0.4300168634064081 0.4350758853288364 
0 0.3094435075885329 0.5059021922428331 0.021922428330522766 0.016863406408094434 
0 0.14924114671163574 0.7386172006745362 0.025295109612141653 0.023608768971332208 
0 0.6559865092748736 0.9426644182124789 0.023608768971332208 0.02023608768971332 
