0 0.49399999999999983 0.14099999999999824 0.1301564991525487 0.11222596964586848 23-002061
0 0.7634101507100789 0.1897875210792573 0.4731796985798422 0.3795750421585146 23-000313
0 0.23599999999999 0.35600000000000165 0.022335748684524728 0.018178752107925755 23-016571
0 0.6829999999999927 0.42200000000000054 0.026193741639124437 0.020404721753794257 23-013021
0 0.038000000000010914 0.4710000000000001 0.03106699589756622 0.026340640809443514 23-009326
0 0.8830000000000098 0.4750000000000015 0.09705898064729841 0.0827318718381112 23-002702
0 0.1560000000000059 0.6340000000000003 0.31635542227717756 0.2851096121416527 23-000755
0 0.5190000000000055 0.6649999999999991 0.025990689378355934 0.02114671163575036 23-012572
0 0.11400000000000432 0.8309999999999995 0.028833421029113744 0.023001686340640787 23-010998
0 0.26499999999998636 0.8640000000000008 0.02781815972527168 0.02170320404721764 23-011709
0 0.02199999999999136 0.9110000000000015 0.03411277980909232 0.02708263069139957 23-008566
0 0.945999999999998 0.9289999999999985 0.02192964416298782 0.018920741989882 23-016208
0 0.5490000000000066 0.9308642495784142 0.1888386025146183 0.1520986509274889 23-001398
0 0.15682967959527824 0.23608768971332209 0.026981450252951095 0.023608768971332208 
0 0.5421585160202361 0.8254637436762225 0.021922428330522766 0.01854974704890388 
