0 0.13674982475814615 0.06587689713322091 0.04690507223750196 0.040252951096121425 23-005399
0 0.568000000000012 0.1732023608768974 0.6848952755718355 0.3810451939291743 23-000238
0 0.7810000000000059 0.24399999999999977 0.04081350441444984 0.03505902192242827 23-006366
0 0.9470000000000027 0.25 0.024366271292208686 0.018364249578414815 23-015489
0 0.4300000000000068 0.2699999999999996 0.12995344689178023 0.10814502529510961 23-002104
0 0.3589752540170195 0.2794772344013491 0.027412055203734964 0.02114671163575036 23-012195
0 0.6550000000000011 0.38500000000000156 0.02477237581374569 0.019477234401349092 23-013797
0 0.2400000000000091 0.4600000000000008 0.07127134352971069 0.06399662731871832 23-003484
0 0.4370000000000118 0.5300000000000011 0.030254786854492597 0.026155143338954454 23-009546
0 0.3033260128703079 0.5569645868465429 0.027412055203734964 0.019291736930860125 23-012686
0 0.04789606524078056 0.597999999999999 0.10537134352971723 0.11575042158516018 23-001950
0 0.5900039218079134 0.6727824620573355 0.02741205520373487 0.023743676222597033 23-011038
0 0.617999999999995 0.7079999999999984 0.3786924663330783 0.32035413153457004 23-000635
0 0.9099999999999966 0.9672833052276565 0.13056260367408545 0.07197672849915601 23-002049
0 0.33811129848229343 0.5784148397976391 0.025295109612141653 0.023608768971332208 
