0 0.5545295109612209 0.9874704890387843 0.028317735428627654 0.023271500843170315 17-004180
0 0.5316863406408106 0.8728431703204046 0.04749039975766356 0.04131534569983136 17-001241
0 0.6512158516020292 0.85831365935919 0.05360697154251103 0.050252951096121434 17-000996
0 0.5606863406408069 0.5905682967959529 0.023124128465454825 0.02344013490725132 17-005461
0 0.7900590219224249 0.5781568296795959 0.026446801823483326 0.023440134907251227 17-004243
0 0.2556863406408143 0.48431365935919124 0.04878255050800798 0.04620573355817871 17-001139
0 0.2988431703204065 0.35999999999999943 0.04013168514606208 0.0387858347386172 17-001855
0 0.4545295109612123 0.29678414839797473 0.040181693069652684 0.038279932546374254 17-002178
0 0.11437268128162303 0.2528431703204036 0.03664942278549386 0.0344013490725128 17-002323
0 0.1123726812816136 0.21478414839797755 0.025339244037473986 0.023271500843170437 17-004440
0 0.506215851602019 0.03447048903878491 0.030952044852906903 0.03035413153456998 17-004288
