0 0.39400000000000546 0.8099999999999987 0.02923952555065052 0.024300168634064125 23-010283
0 0.4159999999999968 0.7920000000000016 0.04365623606520747 0.035986509274873554 23-006007
0 0.4159999999999968 0.7590000000000003 0.05218443101748056 0.041180438448566635 23-005035
0 0.4089999999999918 0.7220000000000013 0.047717281280575494 0.039881956155143394 23-005369
0 0.4900000000000091 0.6750000000000007 0.04365623606520752 0.036357504215851606 23-005958
0 0.39400000000000546 0.6670000000000016 0.061321782752058816 0.051011804384485666 23-004140
0 0.5749999999999886 0.6340000000000003 0.028833421029113612 0.024114671163574967 23-010424
0 0.7082968694204133 0.46770657672849925 0.5834062611591735 0.8106239460370995 23-000111
0 0.9509999999999934 0.4319999999999986 0.059697364665911475 0.04841483979763899 23-004276
0 0.1810000000000116 0.31099999999999994 0.06497672344589012 0.057875210792580185 23-003803
0 0.40100000000001046 0.07400000000000162 0.03878298180676568 0.03283305227655991 23-006819
0 0.7069999999999936 0.03500000000000014 0.02132048738068289 0.01762225969645876 23-017602
0 0.41399999999998727 0.030000000000001137 0.028427316507576898 0.021703204047217737 23-011677
0 0.8811129848229342 0.781618887015177 0.025295109612141653 0.021922428330522766 
0 0.96964586846543 0.05480607082630695 0.02023608768971332 0.01854974704890388 
0 0.03625632377740304 0.1306913996627319 0.01854974704890388 0.01854974704890388 
