0 0.14068634064081942 0.017059021922428787 0.031066995897566365 0.021517706576728496 23-010639
0 0.054686340640806685 0.029686340640808138 0.03248836172294492 0.027082630691399667 23-008793
0 0.22805902192244154 0.03468634064081069 0.023554062249135258 0.019106239460370992 23-015038
0 0.8486863406408178 0.041372681281619146 0.022538800945293133 0.018178752107925803 23-016519
0 0.32968634064081237 0.11705902192242665 0.045077601890586266 0.03580101180438447 23-005927
0 0.07468634064081692 0.12300000000000111 0.03289446624448192 0.024300168634064076 23-009475
0 0.3583726812816087 0.13299999999999912 0.02964563007218743 0.023929173693086 23-010249
0 0.9386863406408212 0.15768634064080825 0.10761769820725553 0.09330522765598653 23-002463
0 0.5568431703204164 0.18643170320404803 0.02544345515071301 0.023220910623946055 23-014529
0 0.7080590219224313 0.24731365935918934 0.023351009988366755 0.018364249578414815 23-015555
0 0.9780590219224415 0.25862731871838157 0.03106699589756622 0.024671163575042152 23-009623
0 0.11637268128161848 0.2890590219224272 0.07533238874507872 0.06399662731871836 23-003412
0 0.5394317032040532 0.29215682967959455 0.02538153259605081 0.02435075885328836 23-013662
0 0.8007453625632489 0.67231365935919 0.025990689378356052 0.02114671163575036 23-012556
0 0.27168634064081965 0.7914317032040485 0.02538153259605081 0.021888701517706607 23-012525
0 0.15419728369248453 0.7899999999999991 0.339234024123466 0.32128161888701534 23-000631
