0 0.9462347488305518 0.06599999999999895 0.11828355257278612 0.1266947723440135 23-001855
0 0.5416940968602696 0.344114671163575 0.024366271292208686 0.02003372681281618 23-013929
0 0.36600000000001387 0.36599999999999966 0.5336213412993729 0.4444519392917368 23-000371
0 0.8374747883388897 0.40200674536256326 0.022335748684524728 0.018920741989881907 23-015824
0 0.5568488436486145 0.5638195615514333 0.031066995897566174 0.022445193929173792 23-010542
0 0.7220000000000084 0.6509999999999998 0.02274185320606154 0.018920741989882 23-015508
0 0.242999999999995 0.718 0.16914253322008266 0.14116357504215857 23-001602
0 0.5900000000000034 0.7439999999999998 0.05441800588593298 0.045817875210792704 23-004634
0 0.09700000000000841 0.7719999999999985 0.02132048738068289 0.018920741989882 23-016617
0 0.030000000000001137 0.8099999999999987 0.0359402501560081 0.02912310286677906 23-007719
0 0.027999999999991587 0.8490000000000002 0.0351280411129341 0.029308600337268023 23-007878
0 0.02600000000001057 0.875 0.02538153259605062 0.020404721753794115 23-013370
0 0.13700000000000034 0.8949999999999997 0.025178480335282406 0.021332209106239612 23-012863
0 0.11400000000000432 0.9814721753794263 0.049747803888259695 0.040761214165262065 23-005121
0 0.6509274873524452 0.7799325463743676 0.026981450252951095 0.021922428330522766 
0 0.34569983136593596 0.5202360876897133 0.02023608768971332 0.025295109612141653 
0 0.41315345699831363 0.41989881956155145 0.023608768971332208 0.02023608768971332 
0 0.07757166947723437 0.36930860033726814 0.02023608768971332 0.026981450252951095 
0 0.050590219224283306 0.9435075885328836 0.016863406408094434 0.01517706576728499 
