0 0.9130000000000109 0.027000000000001023 0.04934169936672269 0.0439629005059022 23-004986
0 0.3429999999999893 0.12700505902192247 0.42234870239828576 0.27941112984822947 23-000544
0 0.6839999999999975 0.26699999999999946 0.042844027022133704 0.03394603709949409 23-006290
0 0.5289999999999964 0.42399999999999943 0.023147957727598444 0.01725126475548059 23-016788
0 0.9550000000000125 0.463000000000001 0.04040739989291284 0.031163575042158546 23-006784
0 0.7390000000000043 0.5919999999999987 0.03350362302678704 0.028752107925801126 23-008313
0 0.33799999999999386 0.7250000000000014 0.04406234058674433 0.03709949409780776 23-005848
0 0.4559999999999889 0.7970000000000006 0.03370667528755554 0.028381112984823004 23-008353
0 0.9850000000000136 0.8069999999999986 0.02720900294296656 0.02225969645868473 23-011654
0 0.235810464683268 0.8247217537942664 0.024163219031440378 0.02003372681281637 23-013876
0 0.01612209043073183 0.8550000000000003 0.03546859894761003 0.029123102866778963 23-007853
0 0.6589999999999918 0.8739999999999988 0.029036473289882115 0.025969645868465487 23-009926
0 0.3608768971332209 0.40556492411467115 0.02023608768971332 0.021922428330522766 
0 0.2411467116357504 0.40472175379426645 0.016863406408094434 0.016863406408094434 
