0 0.05376525116944823 0.934000000000001 0.11828355257278612 0.1266947723440135 23-001855
0 0.4583059031397304 0.655885328836425 0.024366271292208686 0.02003372681281618 23-013929
0 0.6339999999999861 0.6340000000000003 0.5336213412993729 0.4444519392917368 23-000371
0 0.1625252116611103 0.5979932546374367 0.022335748684524728 0.018920741989881907 23-015824
0 0.4431511563513855 0.4361804384485667 0.031066995897566174 0.022445193929173792 23-010542
0 0.2779999999999916 0.3490000000000002 0.02274185320606154 0.018920741989882 23-015508
0 0.757000000000005 0.28200000000000003 0.16914253322008266 0.14116357504215857 23-001602
0 0.40999999999999664 0.2560000000000002 0.05441800588593298 0.045817875210792704 23-004634
0 0.9029999999999916 0.22800000000000153 0.02132048738068289 0.018920741989882 23-016617
0 0.9699999999999989 0.19000000000000128 0.0359402501560081 0.02912310286677906 23-007719
0 0.9720000000000084 0.1509999999999998 0.0351280411129341 0.029308600337268023 23-007878
0 0.9739999999999894 0.125 0.02538153259605062 0.020404721753794115 23-013370
0 0.8629999999999997 0.10500000000000032 0.025178480335282406 0.021332209106239612 23-012863
0 0.8859999999999957 0.018527824620573674 0.049747803888259695 0.040761214165262065 23-005121
0 0.3490725126475548 0.2200674536256324 0.026981450252951095 0.021922428330522766 
0 0.654300168634064 0.4797639123102867 0.02023608768971332 0.025295109612141653 
0 0.5868465430016864 0.5801011804384486 0.023608768971332208 0.02023608768971332 
0 0.9224283305227656 0.6306913996627319 0.02023608768971332 0.026981450252951095 
0 0.9494097807757167 0.056492411467116366 0.016863406408094434 0.01517706576728499 
