0 0.39400000000000546 0.19000000000000128 0.02923952555065052 0.024300168634064125 23-010283
0 0.4159999999999968 0.2079999999999984 0.04365623606520747 0.035986509274873554 23-006007
0 0.4159999999999968 0.24099999999999963 0.05218443101748056 0.041180438448566635 23-005035
0 0.4089999999999918 0.2779999999999987 0.047717281280575494 0.039881956155143394 23-005369
0 0.4900000000000091 0.3249999999999993 0.04365623606520752 0.036357504215851606 23-005958
0 0.39400000000000546 0.3329999999999984 0.061321782752058816 0.051011804384485666 23-004140
0 0.5749999999999886 0.36599999999999966 0.028833421029113612 0.024114671163574967 23-010424
0 0.7082968694204133 0.5322934232715008 0.5834062611591735 0.8106239460370995 23-000111
0 0.9509999999999934 0.5680000000000014 0.059697364665911475 0.04841483979763899 23-004276
0 0.1810000000000116 0.6890000000000001 0.06497672344589012 0.057875210792580185 23-003803
0 0.40100000000001046 0.9259999999999984 0.03878298180676568 0.03283305227655991 23-006819
0 0.7069999999999936 0.9649999999999999 0.02132048738068289 0.01762225969645876 23-017602
0 0.41399999999998727 0.9699999999999989 0.028427316507576898 0.021703204047217737 23-011677
0 0.8811129848229342 0.21838111298482293 0.025295109612141653 0.021922428330522766 
0 0.96964586846543 0.945193929173693 0.02023608768971332 0.01854974704890388 
0 0.03625632377740304 0.8693086003372681 0.01854974704890388 0.01854974704890388 
