0 0.1349999999999909 0.9549999999999983 0.030863943636797814 0.026526138279932554 23-009218
0 0.5441062235602435 0.922141652613828 0.02477237581374569 0.01966273187183813 23-013855
0 0.21600000000000819 0.9170000000000016 0.04142266119675496 0.035615514333895454 23-006241
0 0.06821398088510586 0.9184738617200674 0.028833421029113758 0.0224451939291737 23-010909
0 0.14099999999999113 0.9039999999999999 0.04325013154367061 0.03802698145025297 23-005851
0 0.07930768245808253 0.8866188870151771 0.030254786854492597 0.02281618887015177 23-010532
0 0.9819400477733093 0.661999999999999 0.03973189489871972 0.04526138279932552 23-004474
0 0.7479999999999905 0.657 0.023351009988366755 0.019291736930860028 23-014921
0 0.27299999999999613 0.5960000000000001 0.047717281280575535 0.043406408094434995 23-005135
0 0.632000000000005 0.5569999999999986 0.039798243110607714 0.030421585160202443 23-007040
0 0.19999999999998863 0.43700000000000117 0.0391890863283025 0.03153456998313648 23-006926
0 0.9439999999999884 0.2740000000000009 0.021117435119914197 0.017993254637436885 23-017523
0 0.9170000000000016 0.06899999999999906 0.0284273165075768 0.020775716694772236 23-012010
0 0.06661045531197302 0.4519392917369308 0.021922428330522766 0.023608768971332208 
0 0.1475548060708263 0.6323777403035413 0.01854974704890388 0.02023608768971332 
0 0.9460370994940978 0.16526138279932545 0.016863406408094434 0.013490725126475547 
0 0.1399662731871838 0.14502529510961215 0.023608768971332208 0.023608768971332208 
0 0.08263069139966273 0.03962900505902189 0.016863406408094434 0.021922428330522766 
