0 0.11899999999999977 0.02400000000000091 0.031315093383033274 0.0248566610455312 23-009787
0 0.936000000000007 0.0990000000000002 0.037455307771863164 0.029679595278246197 23-007423
0 0.8697339105783697 0.26534569983136586 0.25715949756164175 0.22816188870151782 23-000961
0 0.1980000000000075 0.34299999999999997 0.05219182230505552 0.042849915682968004 23-004896
0 0.4029999999999916 0.3670000000000009 0.0323384624478383 0.025598650927487365 23-009177
0 0.28700000000000614 0.4269999999999996 0.02415150992939826 0.01613827993254636 23-017058
0 0.9563154508295391 0.5049831365935918 0.06713301065120852 0.059173693086003426 23-003719
0 0.13700000000000045 0.5839999999999996 0.07286387741411669 0.05954468802698136 23-003490
0 0.18199999999998795 0.6140000000000008 0.09353593252317786 0.07419898819561552 23-002890
0 0.554000000000002 0.6290000000000013 0.08555365381769867 0.0717875210792581 23-003091
0 0.3669999999999902 0.6370000000000005 0.1930074056222248 0.1650927487352445 23-001368
0 0.3790529367966113 0.6897976391231029 0.02435618374235919 0.016694772344013453 23-016012
0 0.5320000000000107 0.7010000000000005 0.06938442259377961 0.04989881956155149 23-004262
0 0.5349999999999966 0.7379999999999995 0.06160681770126161 0.04952782462057336 23-004065
0 0.21299999999999386 0.8180000000000014 0.327887448363525 0.2762057335581789 23-000758
0 0.9480000000000075 0.843 0.024970205181242364 0.01873524451939294 23-014176
0 0.4190000000000111 0.8629999999999995 0.04646095554214744 0.0398819561551433 23-005449
0 0.4989999999999953 0.8829999999999991 0.023742162303476214 0.01854974704890388 23-015625
