0 0.15899999999999181 0.17099999999999937 0.03418052676448729 0.02541315345699835 23-008925
0 0.3919999999999959 0.379999999999999 0.08985180388987984 0.07642495784148406 23-002938
0 0.4989999999999953 0.4310000000000009 0.03950204590147341 0.030978077571669437 23-006992
0 0.375 0.49299999999999855 0.0259935742460472 0.019106239460371065 23-013812
0 0.5 0.49695109612141636 1.1000000000000003 1.093292411467116 23-000062
0 0.16900000000001114 0.7289999999999992 0.021695424173866204 0.01854974704890388 23-016892
0 0.9894757455194538 0.7729999999999997 0.023153359857201815 0.03320404721753784 23-006708
0 0.8019999999999925 0.8129999999999988 0.02353748849051538 0.020404721753794115 23-014121
0 0.11099999999999 0.9029999999999987 0.053624538995782504 0.0448903878583472 23-004727
0 0.2400000000000091 0.9393912310286674 0.26525726159745844 0.13333929173693182 23-000994
0 0.33473861720067455 0.7470489038785835 0.025295109612141653 0.02023608768971332 
0 0.5539629005059022 0.1736930860033727 0.021922428330522766 0.023608768971332208 
0 0.7588532883642496 0.7344013490725126 0.02023608768971332 0.01854974704890388 
0 0.6374367622259697 0.40387858347386174 0.023608768971332208 0.01854974704890388 
0 0.35581787521079256 0.016020236087689713 0.026981450252951095 0.025295109612141653 
0 0.13490725126475547 0.01770657672849916 0.023608768971332208 0.01854974704890388 
0 0.022765598650927487 0.224283305227656 0.01517706576728499 0.016863406408094434 
0 0.4131534569983137 0.2706576728499157 0.02023608768971332 0.01517706576728499 
