0 0.11899999999999977 0.9759999999999991 0.031315093383033274 0.0248566610455312 23-009787
0 0.936000000000007 0.9009999999999998 0.037455307771863164 0.029679595278246197 23-007423
0 0.8697339105783697 0.7346543001686341 0.25715949756164175 0.22816188870151782 23-000961
0 0.1980000000000075 0.657 0.05219182230505552 0.042849915682968004 23-004896
0 0.4029999999999916 0.6329999999999991 0.0323384624478383 0.025598650927487365 23-009177
0 0.28700000000000614 0.5730000000000004 0.02415150992939826 0.01613827993254636 23-017058
0 0.9563154508295391 0.49501686340640816 0.06713301065120852 0.059173693086003426 23-003719
0 0.13700000000000045 0.41600000000000037 0.07286387741411669 0.05954468802698136 23-003490
0 0.18199999999998795 0.38599999999999923 0.09353593252317786 0.07419898819561552 23-002890
0 0.554000000000002 0.37099999999999866 0.08555365381769867 0.0717875210792581 23-003091
0 0.3669999999999902 0.36299999999999955 0.1930074056222248 0.1650927487352445 23-001368
0 0.3790529367966113 0.3102023608768971 0.02435618374235919 0.016694772344013453 23-016012
0 0.5320000000000107 0.2989999999999995 0.06938442259377961 0.04989881956155149 23-004262
0 0.5349999999999966 0.26200000000000045 0.06160681770126161 0.04952782462057336 23-004065
0 0.21299999999999386 0.1819999999999986 0.327887448363525 0.2762057335581789 23-000758
0 0.9480000000000075 0.15700000000000003 0.024970205181242364 0.01873524451939294 23-014176
0 0.4190000000000111 0.13700000000000045 0.04646095554214744 0.0398819561551433 23-005449
0 0.4989999999999953 0.11700000000000088 0.023742162303476214 0.01854974704890388 23-015625
