0 0.314372681281626 0.8633726812816183 0.026817136220788206 0.026138279932546374 17-003937
0 0.4401568296795978 0.8111568296795965 0.04392357295185256 0.041989881956155155 17-001284
0 0.8076863406408068 0.7551568296795955 0.03128274668539189 0.02934232715008428 17-003008
0 0.20531365935918422 0.6933136593591909 0.07707872738074573 0.07200674536256321 17-000596
0 0.3801568296795954 0.5013136593591907 0.0720197054583174 0.06846543001686345 17-000620
0 0.8926863406408148 0.4812546374367618 0.025142532296561812 0.025969645868465393 17-004359
0 0.7733524451939305 0.28452951096121415 0.029992013683132188 0.024789207419898898 17-003648
0 0.810843170320407 0.19409780775716623 0.024596067705069415 0.024789207419898898 17-005693
0 0.40668634064081055 0.13299999999999912 0.02644500201540454 0.02563237774030352 17-004153
0 0.048060708263069185 0.7672849915682968 0.025295109612141653 0.023608768971332208 
0 0.016863406408094472 0.6450252951096122 0.03372681281618887 0.07588532883642496 
