0 0.06856829679595096 0.9633735244519395 0.1322937100138839 0.0732529510961211 17-000276
0 0.9856846346107059 0.8964704890387868 0.028630730778588295 0.034401349072512646 17-002358
0 0.6548431703204011 0.785372681281619 0.03241088601812584 0.02951096121416526 17-002850
0 0.851156829679599 0.7601568296795945 0.025154269013144766 0.022259696458684634 17-005333
0 0.9923539172528784 0.6816273187183799 0.015292165494243391 0.024957841483979785 17-005631
0 0.21547048903878938 0.5350000000000001 0.03129448340197492 0.02782462057335582 17-003782
0 0.42262731871838305 0.5240000000000009 0.040609575253148976 0.03625632377740304 17-002069
0 0.16984317032040167 0.4269999999999996 0.1786596287338963 0.15767284991568298 17-000156
0 0.40031365935919155 0.13415682967959697 0.03311994427914392 0.032209106239460314 17-002072
0 0.6925885328836447 0.11762731871837984 0.03927189538455705 0.03389544688026966 17-001670
0 0.49596121416526084 0.07900000000000051 0.0919523588795083 0.07689713322091048 17-000448
0 0.4131534569983137 0.7875210792580101 0.023608768971332208 0.023608768971332208 
