0 0.5740000000000123 0.08800000000000097 0.03049639813118927 0.0257841483979764 23-009593
0 0.5819999999999936 0.6090000000000018 0.03684128633298047 0.029679595278246245 23-007568
0 0.6419999999999959 0.7029999999999994 0.05608062475131451 0.04878583473861712 23-004425
0 0.18799999999998818 0.8270000000000017 0.023742162303476262 0.018364249578414815 23-015798
0 0.6519999999999868 0.8490000000000002 0.03090574575711132 0.023929173693086097 23-010066
0 0.01314043574276257 0.937000000000001 0.02890895863407766 0.02763912310286695 23-008050
0 0.028999999999996362 0.9499999999999993 0.04646095554214742 0.03969645868465424 23-005434
0 0.3524451939291737 0.8541315345699831 0.023608768971332208 0.01854974704890388 
0 0.4763912310286678 0.836424957841484 0.021922428330522766 0.02023608768971332 
0 0.5581787521079258 0.7032040472175379 0.02023608768971332 0.02023608768971332 
0 0.321247892074199 0.04384485666104553 0.021922428330522766 0.02023608768971332 
0 0.56070826306914 0.008431703204047217 0.03204047217537943 0.016863406408094434 
0 0.5227655986509275 0.007588532883642495 0.023608768971332208 0.01517706576728499 
