0 0.16599999999999682 0.9259999999999984 0.0264029218719692 0.02263069139966271 23-011913
0 0.04853017119796036 0.8635075885328837 0.024356183742359223 0.017065767284991575 23-016485
0 0.7489999999999952 0.8309999999999995 0.0425721530958884 0.035615514333895405 23-006136
0 0.23900000000000432 0.745000000000001 0.10110886360273492 0.07104553119730185 23-002881
0 0.679000000000002 0.7360000000000007 0.029063681440462286 0.023187183811129847 23-010782
0 0.5029999999999859 0.7330000000000005 0.03397585295152631 0.024856661045531213 23-009126
0 0.31800000000001205 0.7240000000000002 0.0323384624478383 0.02522765598650924 23-009336
0 0.9509999999999934 0.7119999999999997 0.036227264894097395 0.027639123102866755 23-008063
0 0.10699999999999932 0.7010000000000005 0.038683350649629356 0.033018549747048875 23-006888
0 0.46399999999999864 0.6159999999999997 0.07020311784562357 0.05973018549747042 23-003604
0 0.14699999999999136 0.6060000000000016 0.02292346705163221 0.019291736930860028 23-015445
0 0.4970000000000141 0.5019999999999989 0.030291724318228245 0.024856661045531213 23-009915
0 0.4000000000000057 0.35800000000000054 0.042367479282927376 0.03543001686340639 23-006216
0 0.710000000000008 0.2970000000000006 0.03888802446259053 0.032091062394603666 23-006934
0 0.8810000000000002 0.2469999999999999 0.03520389582929246 0.02708263069139957 23-008237
0 0.8629999999999995 0.08545699831365938 0.26791802116595137 0.18800539629005064 23-000942
0 0.1812816188870152 0.4308600337268128 0.01854974704890388 0.01854974704890388 
0 0.3246205733558179 0.6037099494097808 0.021922428330522766 0.016863406408094434 
