0 0.685627318718374 0.13662731871838169 0.026817136220788206 0.026138279932546374 17-003937
0 0.5598431703204022 0.18884317032040357 0.04392357295185256 0.041989881956155155 17-001284
0 0.19231365935919317 0.2448431703204045 0.03128274668539189 0.02934232715008428 17-003008
0 0.7946863406408158 0.3066863406408092 0.07707872738074573 0.07200674536256321 17-000596
0 0.6198431703204046 0.49868634064080936 0.0720197054583174 0.06846543001686345 17-000620
0 0.10731365935918522 0.5187453625632382 0.025142532296561812 0.025969645868465393 17-004359
0 0.22664755480606946 0.7154704890387859 0.029992013683132188 0.024789207419898898 17-003648
0 0.189156829679593 0.8059021922428338 0.024596067705069415 0.024789207419898898 17-005693
0 0.5933136593591894 0.8670000000000009 0.02644500201540454 0.02563237774030352 17-004153
0 0.9519392917369308 0.2327150084317032 0.025295109612141653 0.023608768971332208 
0 0.9831365935919055 0.35497470489038785 0.03372681281618887 0.07588532883642496 
