0 0.6150000000000091 0.09206492411467138 0.2998471359878677 0.20254283305227705 23-000865
0 0.6724138010811127 0.15153456998313658 0.036227264894097395 0.027453625632377743 23-008164
0 0.4197608424146624 0.23561551433389544 0.023332814677554162 0.017807757166947727 23-016557
0 0.20300000000000296 0.24200000000000085 0.03172444100895523 0.02263069139966276 23-010491
0 0.21600000000000819 0.26699999999999946 0.02763096474973511 0.02337268128161891 23-011127
0 0.21803173348536276 0.3328920741989882 0.05157780086617235 0.042478920741989876 23-005001
0 0.9269999999999925 0.33999999999999986 0.025993574246047223 0.01984822934232712 23-013300
0 0.10300000000000875 0.41600000000000037 0.06365355583087168 0.041551433389544666 23-004478
0 0.7990000000000066 0.43799999999999883 0.10274625410642294 0.08718381112984816 23-002592
0 0.367999999999995 0.44800000000000034 0.040525414966278345 0.026155143338954454 23-007979
0 0.4689999999999941 0.4559999999999996 0.052191822305055424 0.03747048903878588 23-005362
0 0.09200000000001296 0.5749999999999993 0.041139436405161225 0.025969645868465393 23-007460
0 0.6779999999999973 0.5829999999999984 0.057103993816119546 0.049342327150084304 23-004374
0 0.0689999999999884 0.5829999999999984 0.024560857555320312 0.0174367622259697 23-015515
0 0.18199999999998795 0.6260000000000012 0.03745530777186335 0.02671163575042164 23-007989
0 0.06200000000001182 0.6600000000000001 0.027221617123813446 0.017993254637436885 23-013783
0 0.1490000000000009 0.6810000000000009 0.030291724318228342 0.026340640809443514 23-009498
0 0.07499999999998874 0.6990000000000016 0.03377117913856548 0.027268128161888634 23-008498
0 0.48699999999999477 0.8109999999999999 0.023742162303476214 0.020219224283305436 23-014286
0 0.45699999999999363 0.9819999999999993 0.043595522160693526 0.03821247892074213 23-005832
0 0.6467116357504216 0.5337268128161888 0.021922428330522766 0.021922428330522766 
0 0.6854974704890389 0.5396290050590219 0.01854974704890388 0.02023608768971332 
0 0.21753794266441817 0.4139966273187184 0.02023608768971332 0.025295109612141653 
0 0.06408094435075884 0.8887015177065767 0.02023608768971332 0.023608768971332208 
