0 0.931431703204049 0.03662647554806055 0.1322937100138839 0.0732529510961211 17-000276
0 0.014315365389294121 0.10352951096121325 0.028630730778588295 0.034401349072512646 17-002358
0 0.34515682967959893 0.21462731871838106 0.03241088601812584 0.02951096121416526 17-002850
0 0.14884317032040095 0.2398431703204055 0.025154269013144766 0.022259696458684634 17-005333
0 0.007646082747121641 0.31837268128162016 0.015292165494243391 0.024957841483979785 17-005631
0 0.7845295109612106 0.4649999999999998 0.03129448340197492 0.02782462057335582 17-003782
0 0.5773726812816169 0.4759999999999991 0.040609575253148976 0.03625632377740304 17-002069
0 0.8301568296795984 0.5730000000000004 0.1786596287338963 0.15767284991568298 17-000156
0 0.5996863406408084 0.865843170320403 0.03311994427914392 0.032209106239460314 17-002072
0 0.30741146711635525 0.8823726812816202 0.03927189538455705 0.03389544688026966 17-001670
0 0.5040387858347392 0.9209999999999995 0.0919523588795083 0.07689713322091048 17-000448
0 0.5868465430016863 0.21247892074198987 0.023608768971332208 0.023608768971332208 
