0 0.4259999999999877 0.08800000000000097 0.03049639813118927 0.0257841483979764 23-009593
0 0.41800000000000637 0.6090000000000018 0.03684128633298047 0.029679595278246245 23-007568
0 0.3580000000000041 0.7029999999999994 0.05608062475131451 0.04878583473861712 23-004425
0 0.8120000000000118 0.8270000000000017 0.023742162303476262 0.018364249578414815 23-015798
0 0.3480000000000132 0.8490000000000002 0.03090574575711132 0.023929173693086097 23-010066
0 0.9868595642572374 0.937000000000001 0.02890895863407766 0.02763912310286695 23-008050
0 0.9710000000000036 0.9499999999999993 0.04646095554214742 0.03969645868465424 23-005434
0 0.6475548060708263 0.8541315345699831 0.023608768971332208 0.01854974704890388 
0 0.5236087689713322 0.836424957841484 0.021922428330522766 0.02023608768971332 
0 0.4418212478920742 0.7032040472175379 0.02023608768971332 0.02023608768971332 
0 0.678752107925801 0.04384485666104553 0.021922428330522766 0.02023608768971332 
0 0.43929173693086 0.008431703204047217 0.03204047217537943 0.016863406408094434 
0 0.47723440134907247 0.007588532883642495 0.023608768971332208 0.01517706576728499 
