0 0.4259999999999877 0.911999999999999 0.03049639813118927 0.0257841483979764 23-009593
0 0.41800000000000637 0.39099999999999824 0.03684128633298047 0.029679595278246245 23-007568
0 0.3580000000000041 0.2970000000000006 0.05608062475131451 0.04878583473861712 23-004425
0 0.8120000000000118 0.17299999999999827 0.023742162303476262 0.018364249578414815 23-015798
0 0.3480000000000132 0.1509999999999998 0.03090574575711132 0.023929173693086097 23-010066
0 0.9868595642572374 0.06299999999999895 0.02890895863407766 0.02763912310286695 23-008050
0 0.9710000000000036 0.05000000000000071 0.04646095554214742 0.03969645868465424 23-005434
0 0.6475548060708263 0.14586846543001686 0.023608768971332208 0.01854974704890388 
0 0.5236087689713322 0.16357504215851604 0.021922428330522766 0.02023608768971332 
0 0.4418212478920742 0.29679595278246207 0.02023608768971332 0.02023608768971332 
0 0.678752107925801 0.9561551433389545 0.021922428330522766 0.02023608768971332 
0 0.43929173693086 0.9915682967959528 0.03204047217537943 0.016863406408094434 
0 0.47723440134907247 0.9924114671163575 0.023608768971332208 0.01517706576728499 
