0 0.5829999999999984 0.04100000000000037 0.02435618374235919 0.02133220910623946 23-013328
0 0.5689999999999884 0.05540893760539615 0.1434763428856623 0.12189966273187153 23-001953
0 0.5757111857318431 0.46430016863406404 0.8485776285363137 0.7037774030354133 23-000153
0 0.30000000000001137 0.45899999999999963 0.07736670129925881 0.06919055649241142 23-003270
0 0.05000000000001126 0.536999999999999 0.10663505655268193 0.09274873524451939 23-002484
0 0.9439999999999884 0.5599999999999987 0.042367479282927376 0.03394603709949409 23-006409
0 0.0519999999999925 0.6060000000000016 0.0702031178456237 0.05954468802698136 23-003619
0 0.42199999999999704 0.7300000000000004 0.25093009469018823 0.2083136593591907 23-001050
0 0.7599999999999909 0.7519999999999989 0.026812269497891204 0.020775716694772236 23-012842
0 0.09299999999998931 0.7609999999999992 0.025788900433086077 0.020775716694772236 23-013180
0 0.818000000000012 0.7860000000000014 0.029677702879345267 0.017993254637436885 23-012599
0 0.04400000000001114 0.7860000000000014 0.025788900433086077 0.020775716694772236 23-012896
0 0.5310000000000059 0.8129999999999988 0.08186952518440074 0.06919055649241161 23-003190
0 0.7870000000000061 0.8419999999999987 0.023332814677554187 0.017993254637436885 23-015884
0 0.18999999999999773 0.8969999999999986 0.022104771799788203 0.01854974704890388 23-016476
0 0.539999999999992 0.9209999999999995 0.03151976719599439 0.02671163575042183 23-009162
0 0.3849999999999909 0.9310000000000009 0.028244986188618378 0.023001686340640596 23-011300
0 0.21299999999999386 0.937000000000001 0.040525414966278345 0.03246205733558179 23-006680
0 0.17099999999999227 0.9821231028667795 0.05464790806058734 0.03932917369308535 23-004536
