0 0.7069999999999936 0.2190000000000012 0.2630058496548874 0.20070826306913994 23-001007
0 0.8419409780775801 0.4873136593591913 0.029063681440462286 0.021517706576728485 23-011192
0 0.03268569722243329 0.5446205733558178 0.02906368144046226 0.023743676222597033 23-010511
0 0.6482546374367634 0.5396273187183804 0.030291724318228436 0.025969645868465393 23-009620
0 0.27194097807755846 0.6468043844856677 0.033157157699682305 0.02801011804384488 23-008505
0 0.09757646356056088 0.6792074198988195 0.040934762592200344 0.03450252951096128 23-006440
0 0.3169409780775744 0.7360000000000007 0.02865433381454033 0.023187183811129847 23-010879
0 0.9236273187183737 0.9196863406408087 0.04912171511064024 0.042849915682968094 23-005112
0 0.848254637436752 0.950372681281618 0.02251411942571035 0.018920741989882 23-016005
0 0.3591905564924115 0.0733558178752108 0.03035413153456998 0.01854974704890388 
