0 0.4170000000000016 0.9589999999999996 0.02435618374235919 0.02133220910623946 23-013328
0 0.4310000000000116 0.9445910623946039 0.1434763428856623 0.12189966273187153 23-001953
0 0.42428881426815684 0.535699831365936 0.8485776285363137 0.7037774030354133 23-000153
0 0.6999999999999886 0.5410000000000004 0.07736670129925881 0.06919055649241142 23-003270
0 0.9499999999999887 0.46300000000000097 0.10663505655268193 0.09274873524451939 23-002484
0 0.056000000000011596 0.4400000000000013 0.042367479282927376 0.03394603709949409 23-006409
0 0.9480000000000075 0.39399999999999835 0.0702031178456237 0.05954468802698136 23-003619
0 0.578000000000003 0.2699999999999996 0.25093009469018823 0.2083136593591907 23-001050
0 0.2400000000000091 0.2480000000000011 0.026812269497891204 0.020775716694772236 23-012842
0 0.9070000000000107 0.23900000000000077 0.025788900433086077 0.020775716694772236 23-013180
0 0.18199999999998795 0.21399999999999864 0.029677702879345267 0.017993254637436885 23-012599
0 0.9559999999999889 0.21399999999999864 0.025788900433086077 0.020775716694772236 23-012896
0 0.4689999999999941 0.18700000000000117 0.08186952518440074 0.06919055649241161 23-003190
0 0.21299999999999386 0.15800000000000125 0.023332814677554187 0.017993254637436885 23-015884
0 0.8100000000000023 0.10300000000000142 0.022104771799788203 0.01854974704890388 23-016476
0 0.460000000000008 0.07900000000000051 0.03151976719599439 0.02671163575042183 23-009162
0 0.6150000000000091 0.06899999999999906 0.028244986188618378 0.023001686340640596 23-011300
0 0.7870000000000061 0.06299999999999895 0.040525414966278345 0.03246205733558179 23-006680
0 0.8290000000000077 0.017876897133220493 0.05464790806058734 0.03932917369308535 23-004536
