0 0.6150000000000091 0.9079350758853286 0.2998471359878677 0.20254283305227705 23-000865
0 0.6724138010811127 0.8484654300168635 0.036227264894097395 0.027453625632377743 23-008164
0 0.4197608424146624 0.7643844856661046 0.023332814677554162 0.017807757166947727 23-016557
0 0.20300000000000296 0.7579999999999991 0.03172444100895523 0.02263069139966276 23-010491
0 0.21600000000000819 0.7330000000000005 0.02763096474973511 0.02337268128161891 23-011127
0 0.21803173348536276 0.6671079258010117 0.05157780086617235 0.042478920741989876 23-005001
0 0.9269999999999925 0.6600000000000001 0.025993574246047223 0.01984822934232712 23-013300
0 0.10300000000000875 0.5839999999999996 0.06365355583087168 0.041551433389544666 23-004478
0 0.7990000000000066 0.5620000000000012 0.10274625410642294 0.08718381112984816 23-002592
0 0.367999999999995 0.5519999999999996 0.040525414966278345 0.026155143338954454 23-007979
0 0.4689999999999941 0.5440000000000005 0.052191822305055424 0.03747048903878588 23-005362
0 0.09200000000001296 0.4250000000000007 0.041139436405161225 0.025969645868465393 23-007460
0 0.6779999999999973 0.4170000000000016 0.057103993816119546 0.049342327150084304 23-004374
0 0.0689999999999884 0.4170000000000016 0.024560857555320312 0.0174367622259697 23-015515
0 0.18199999999998795 0.3739999999999988 0.03745530777186335 0.02671163575042164 23-007989
0 0.06200000000001182 0.33999999999999986 0.027221617123813446 0.017993254637436885 23-013783
0 0.1490000000000009 0.31899999999999906 0.030291724318228342 0.026340640809443514 23-009498
0 0.07499999999998874 0.3009999999999984 0.03377117913856548 0.027268128161888634 23-008498
0 0.48699999999999477 0.18900000000000006 0.023742162303476214 0.020219224283305436 23-014286
0 0.45699999999999363 0.018000000000000682 0.043595522160693526 0.03821247892074213 23-005832
0 0.6467116357504216 0.46627318718381117 0.021922428330522766 0.021922428330522766 
0 0.6854974704890389 0.4603709949409781 0.01854974704890388 0.02023608768971332 
0 0.21753794266441817 0.5860033726812817 0.02023608768971332 0.025295109612141653 
0 0.06408094435075884 0.11129848229342332 0.02023608768971332 0.023608768971332208 
