0 0.5740000000000123 0.911999999999999 0.03049639813118927 0.0257841483979764 23-009593
0 0.5819999999999936 0.39099999999999824 0.03684128633298047 0.029679595278246245 23-007568
0 0.6419999999999959 0.2970000000000006 0.05608062475131451 0.04878583473861712 23-004425
0 0.18799999999998818 0.17299999999999827 0.023742162303476262 0.018364249578414815 23-015798
0 0.6519999999999868 0.1509999999999998 0.03090574575711132 0.023929173693086097 23-010066
0 0.01314043574276257 0.06299999999999895 0.02890895863407766 0.02763912310286695 23-008050
0 0.028999999999996362 0.05000000000000071 0.04646095554214742 0.03969645868465424 23-005434
0 0.3524451939291737 0.14586846543001686 0.023608768971332208 0.01854974704890388 
0 0.4763912310286678 0.16357504215851604 0.021922428330522766 0.02023608768971332 
0 0.5581787521079258 0.29679595278246207 0.02023608768971332 0.02023608768971332 
0 0.321247892074199 0.9561551433389545 0.021922428330522766 0.02023608768971332 
0 0.56070826306914 0.9915682967959528 0.03204047217537943 0.016863406408094434 
0 0.5227655986509275 0.9924114671163575 0.023608768971332208 0.01517706576728499 
