0 0.33099999999998886 0.8810430016863413 0.520076158733906 0.26170539629004924 23-000379
0 0.9709517123928253 0.6720000000000006 0.06390623273578433 0.06251264755480615 23-003546
0 0.4689999999999941 0.6679999999999993 0.022104771799788203 0.0174367622259697 23-017084
0 0.9029999999999916 0.5130000000000017 0.027835638562696247 0.023187183811129847 23-011186
0 0.26599999999999113 0.46799999999999997 0.026402921871969347 0.020404721753794115 23-012773
0 0.27899999999999636 0.4559999999999995 0.03049639813118927 0.025227655986509143 23-009559
0 0.960000000000008 0.15500000000000114 0.03377117913856531 0.028381112984823004 23-008363
0 0.2681281618887015 0.627318718381113 0.023608768971332208 0.023608768971332208 
0 0.3322091062394603 0.16441821247892074 0.03035413153456998 0.025295109612141653 
0 0.8844856661045531 0.387858347386172 0.021922428330522766 0.016863406408094434 
0 0.19561551433389546 0.5438448566610455 0.016863406408094434 0.01854974704890388 
