0 0.33099999999998886 0.11895699831365873 0.520076158733906 0.26170539629004924 23-000379
0 0.9709517123928253 0.3279999999999994 0.06390623273578433 0.06251264755480615 23-003546
0 0.4689999999999941 0.33200000000000074 0.022104771799788203 0.0174367622259697 23-017084
0 0.9029999999999916 0.4869999999999984 0.027835638562696247 0.023187183811129847 23-011186
0 0.26599999999999113 0.532 0.026402921871969347 0.020404721753794115 23-012773
0 0.27899999999999636 0.5440000000000005 0.03049639813118927 0.025227655986509143 23-009559
0 0.960000000000008 0.8449999999999989 0.03377117913856531 0.028381112984823004 23-008363
0 0.2681281618887015 0.37268128161888703 0.023608768971332208 0.023608768971332208 
0 0.3322091062394603 0.8355817875210793 0.03035413153456998 0.025295109612141653 
0 0.8844856661045531 0.612141652613828 0.021922428330522766 0.016863406408094434 
0 0.19561551433389546 0.45615514333895446 0.016863406408094434 0.01854974704890388 
