0 0.5459999999999923 0.9942782462057341 0.025788900433086077 0.012587858347384955 23-012888
0 0.8230000000000075 0.9559999999999995 0.03888802446259053 0.0300505902192243 23-007276
0 0.09899999999998954 0.8829999999999991 0.022718793238671233 0.01873524451939293 23-015902
0 0.3959999999999866 0.8730000000000011 0.12648841640989916 0.10684654300168632 23-002137
0 0.26599999999999113 0.7620000000000005 0.04912171511064043 0.04266441821247894 23-005134
0 0.046999999999997044 0.7540000000000013 0.057718015255002524 0.048971332209106176 23-004353
0 0.6129999999999995 0.6380000000000017 0.22821130145151697 0.18327150084317034 23-001189
0 0.22100000000000364 0.597999999999999 0.0417534578440444 0.03134907251264761 23-006678
0 0.22639909215944926 0.3150000000000013 0.4980780027507884 0.5449915682967961 23-000283
0 0.49799999999999045 0.2530000000000001 0.24949737799946126 0.19996627318718369 23-001080
0 0.45400000000000773 0.2519999999999989 0.022104771799788203 0.01854974704890388 23-016585
0 0.8789999999999907 0.1559999999999988 0.024356183742359094 0.020219224283305436 23-013959
0 0.30699999999998795 0.015999999999998127 0.0315197671959943 0.02652613827993258 23-009237
0 0.6087689713322091 0.290893760539629 0.02023608768971332 0.021922428330522766 
0 0.6264755480607083 0.34401349072512644 0.021922428330522766 0.02023608768971332 
0 0.31703204047217537 0.35328836424957843 0.026981450252951095 0.021922428330522766 
