0 0.6690000000000111 0.11895699831365873 0.520076158733906 0.26170539629004924 23-000379
0 0.0290482876071747 0.3279999999999994 0.06390623273578433 0.06251264755480615 23-003546
0 0.5310000000000059 0.33200000000000074 0.022104771799788203 0.0174367622259697 23-017084
0 0.09700000000000841 0.4869999999999984 0.027835638562696247 0.023187183811129847 23-011186
0 0.7340000000000089 0.532 0.026402921871969347 0.020404721753794115 23-012773
0 0.7210000000000036 0.5440000000000005 0.03049639813118927 0.025227655986509143 23-009559
0 0.03999999999999204 0.8449999999999989 0.03377117913856531 0.028381112984823004 23-008363
0 0.7318718381112985 0.37268128161888703 0.023608768971332208 0.023608768971332208 
0 0.6677908937605397 0.8355817875210793 0.03035413153456998 0.025295109612141653 
0 0.11551433389544688 0.612141652613828 0.021922428330522766 0.016863406408094434 
0 0.8043844856661045 0.45615514333895446 0.016863406408094434 0.01854974704890388 
