0 0.19900000000001228 0.0470000000000006 0.07634333223445369 0.06640809443507589 23-003346
0 0.8309999999999889 0.07499999999999929 0.033361831512643235 0.028010118043844855 23-008533
0 0.6469999999999914 0.0779999999999994 0.19505414375183494 0.1665767284991569 23-001350
0 0.7566909034314461 0.13115514333895448 0.024560857555320312 0.017622259696458666 23-015754
0 0.9399999999999978 0.22400000000000017 0.11461733525816095 0.09089376053962898 23-002424
0 0.6587274225886588 0.22636593591905568 0.028244986188618378 0.022816188870151747 23-011297
0 0.9425877210568537 0.23400000000000176 0.12630701367492206 0.1873524451939292 23-001228
0 0.17799999999999727 0.3240000000000016 0.02763096474973521 0.024856661045531213 23-010594
0 0.06499999999999773 0.3689999999999998 0.02333281467755421 0.019662731871838153 23-014939
0 0.5282546374367588 0.5603136593591918 0.03520389582929246 0.030050590219224366 23-007827
0 0.7655682967959537 0.5710000000000015 0.02353748849051538 0.01762225969645876 23-015913
0 0.9662546374367753 0.6306863406408109 0.024765531368281146 0.020404721753794115 23-013472
0 0.8809409780775673 0.7103726812816196 0.02190009798682718 0.018178752107925945 23-017009
0 0.7929409780775735 0.8363726812816172 0.024560857555320312 0.018920741989882 23-014500
0 0.2844000243841158 0.9264502529510961 0.12259961396364015 0.11000000000000003 23-002145
0 0.7288863212944133 0.9689291736930861 0.032952483886721375 0.025042158516020083 23-009328
0 0.4350758853288364 0.23946037099494097 0.023608768971332208 0.023608768971332208 
0 0.5168634064080945 0.22175379426644182 0.01854974704890388 0.01854974704890388 
0 0.6762225969645869 0.2596964586846543 0.02023608768971332 0.02023608768971332 
0 0.3962900505902192 0.9418212478920742 0.11804384485666104 0.10623946037099494 
0 0.24957841483979765 0.8372681281618887 0.023608768971332208 0.021922428330522766 
