0 0.20400000000000773 0.22400000000000017 0.025993574246047296 0.019477234401349092 23-013722
0 0.5720000000000027 0.3359999999999985 0.08412093712697187 0.07123102866779081 23-003123
0 0.717000000000013 0.35300000000000153 0.023537488490515186 0.018364249578414815 23-015780
0 0.30699999999998795 0.3619999999999983 0.19055131986669296 0.14672849915682976 23-001470
0 0.4099999999999966 0.44800000000000034 0.028244986188618378 0.023187183811129847 23-010955
0 0.7739991505233637 0.48083473861720066 0.030291724318228245 0.02652613827993258 23-009466
0 0.7764997497837796 0.5326138279932547 0.025174878994203266 0.020775716694772236 23-013382
0 0.3259999999999934 0.5700000000000003 0.03233846244783811 0.02671163575042164 23-008937
0 0.23099999999999454 0.8339999999999996 0.0345898743904092 0.02671163575042164 23-008512
0 0.21332209106239464 0.7166947723440135 0.025295109612141653 0.026981450252951095 
0 0.44603709949409776 0.7015177065767285 0.02866779089376054 0.026981450252951095 
0 0.09696458684654297 0.05396290050590219 0.021922428330522766 0.023608768971332208 
0 0.0202360876897133 0.05311973018549747 0.016863406408094434 0.01517706576728499 
