0 0.20400000000000773 0.7759999999999998 0.025993574246047296 0.019477234401349092 23-013722
0 0.5720000000000027 0.6640000000000015 0.08412093712697187 0.07123102866779081 23-003123
0 0.717000000000013 0.6469999999999985 0.023537488490515186 0.018364249578414815 23-015780
0 0.30699999999998795 0.6380000000000017 0.19055131986669296 0.14672849915682976 23-001470
0 0.4099999999999966 0.5519999999999996 0.028244986188618378 0.023187183811129847 23-010955
0 0.7739991505233637 0.5191652613827993 0.030291724318228245 0.02652613827993258 23-009466
0 0.7764997497837796 0.46738617200674526 0.025174878994203266 0.020775716694772236 23-013382
0 0.3259999999999934 0.4299999999999997 0.03233846244783811 0.02671163575042164 23-008937
0 0.23099999999999454 0.16600000000000037 0.0345898743904092 0.02671163575042164 23-008512
0 0.21332209106239464 0.28330522765598654 0.025295109612141653 0.026981450252951095 
0 0.44603709949409776 0.2984822934232715 0.02866779089376054 0.026981450252951095 
0 0.09696458684654297 0.9460370994940979 0.021922428330522766 0.023608768971332208 
0 0.0202360876897133 0.9468802698145026 0.016863406408094434 0.01517706576728499 
