0 0.1774884248076265 0.9382630691399663 0.02108140273498308 0.018178752107925803 23-017255
0 0.16200000000000614 0.8500000000000014 0.06713301065120852 0.05639123102866779 23-003801
0 0.6910000000000025 0.7735834738617197 0.6254831724088217 0.4981163575042168 23-000280
0 0.6854417918123072 0.7110370994940978 0.03192911482191635 0.025784148397976426 23-009279
0 0.5952025290926789 0.5980185497470489 0.04032074115331727 0.03246205733558179 23-006775
0 0.24863061570554001 0.5718887015177065 0.03520389582929246 0.03079258010118042 23-007698
0 0.8629999999999995 0.5350000000000001 0.044414217412537434 0.03450252951096128 23-006217
0 0.791708503525483 0.5330000000000013 0.4582412922439373 0.4121753794266441 23-000404
0 0.9908597856111698 0.38899999999999935 0.020108471655426376 0.02207419898819567 23-011949
0 0.13645561475867585 0.3076644182124789 0.023332814677554162 0.018364249578414815 23-015757
0 0.12899999999999068 0.18900000000000006 0.12464635209325022 0.0972006745362565 23-002264
0 0.31055804838797063 0.16806913996627326 0.02415150992939826 0.019106239460371065 23-014859
0 0.6970000000000027 0.16000000000000014 0.07900409180294672 0.0658516020236087 23-003311
0 0.19300000000001205 0.09499999999999886 0.14552308101527237 0.1196458684654301 23-001904
0 0.02613827993254636 0.9713322091062394 0.021922428330522766 0.02023608768971332 
0 0.3473861720067454 0.6821247892074199 0.016863406408094434 0.01517706576728499 
0 0.16441821247892074 0.7445193929173692 0.01854974704890388 0.01517706576728499 
0 0.7959527824620574 0.20404721753794264 0.02023608768971332 0.016863406408094434 
