0 0.7959999999999923 0.7759999999999998 0.025993574246047296 0.019477234401349092 23-013722
0 0.42799999999999727 0.6640000000000015 0.08412093712697187 0.07123102866779081 23-003123
0 0.28299999999998704 0.6469999999999985 0.023537488490515186 0.018364249578414815 23-015780
0 0.693000000000012 0.6380000000000017 0.19055131986669296 0.14672849915682976 23-001470
0 0.5900000000000034 0.5519999999999996 0.028244986188618378 0.023187183811129847 23-010955
0 0.2260008494766363 0.5191652613827993 0.030291724318228245 0.02652613827993258 23-009466
0 0.22350025021622044 0.46738617200674526 0.025174878994203266 0.020775716694772236 23-013382
0 0.6740000000000066 0.4299999999999997 0.03233846244783811 0.02671163575042164 23-008937
0 0.7690000000000055 0.16600000000000037 0.0345898743904092 0.02671163575042164 23-008512
0 0.7866779089376054 0.28330522765598654 0.025295109612141653 0.026981450252951095 
0 0.5539629005059022 0.2984822934232715 0.02866779089376054 0.026981450252951095 
0 0.903035413153457 0.9460370994940979 0.021922428330522766 0.023608768971332208 
0 0.9797639123102867 0.9468802698145026 0.016863406408094434 0.01517706576728499 
