0 0.15899999999999181 0.8290000000000006 0.03418052676448729 0.02541315345699835 23-008925
0 0.3919999999999959 0.620000000000001 0.08985180388987984 0.07642495784148406 23-002938
0 0.4989999999999953 0.5689999999999991 0.03950204590147341 0.030978077571669437 23-006992
0 0.375 0.5070000000000014 0.0259935742460472 0.019106239460371065 23-013812
0 0.5 0.5030489038785837 1.1000000000000003 1.093292411467116 23-000062
0 0.16900000000001114 0.2710000000000008 0.021695424173866204 0.01854974704890388 23-016892
0 0.9894757455194538 0.2270000000000003 0.023153359857201815 0.03320404721753784 23-006708
0 0.8019999999999925 0.18700000000000117 0.02353748849051538 0.020404721753794115 23-014121
0 0.11099999999999 0.09700000000000131 0.053624538995782504 0.0448903878583472 23-004727
0 0.2400000000000091 0.060608768971332605 0.26525726159745844 0.13333929173693182 23-000994
0 0.33473861720067455 0.25295109612141653 0.025295109612141653 0.02023608768971332 
0 0.5539629005059022 0.8263069139966273 0.021922428330522766 0.023608768971332208 
0 0.7588532883642496 0.26559865092748736 0.02023608768971332 0.01854974704890388 
0 0.6374367622259697 0.5961214165261383 0.023608768971332208 0.01854974704890388 
0 0.35581787521079256 0.9839797639123102 0.026981450252951095 0.025295109612141653 
0 0.13490725126475547 0.9822934232715008 0.023608768971332208 0.01854974704890388 
0 0.022765598650927487 0.775716694772344 0.01517706576728499 0.016863406408094434 
0 0.4131534569983137 0.7293423271500843 0.02023608768971332 0.01517706576728499 
