0 0.29300000000000637 0.7809999999999988 0.2630058496548874 0.20070826306913994 23-001007
0 0.15805902192241994 0.5126863406408086 0.029063681440462286 0.021517706576728485 23-011192
0 0.9673143027775667 0.4553794266441822 0.02906368144046226 0.023743676222597033 23-010511
0 0.35174536256323663 0.46037268128161957 0.030291724318228436 0.025969645868465393 23-009620
0 0.7280590219224415 0.3531956155143323 0.033157157699682305 0.02801011804384488 23-008505
0 0.9024235364394391 0.3207925801011805 0.040934762592200344 0.03450252951096128 23-006440
0 0.6830590219224256 0.26399999999999935 0.02865433381454033 0.023187183811129847 23-010879
0 0.07637268128162633 0.08031365935919133 0.04912171511064024 0.042849915682968094 23-005112
0 0.151745362563248 0.049627318718381996 0.02251411942571035 0.018920741989882 23-016005
0 0.6408094435075885 0.9266441821247892 0.03035413153456998 0.01854974704890388 
