0 0.8225115751923735 0.06173693086003373 0.02108140273498308 0.018178752107925803 23-017255
0 0.8379999999999939 0.14999999999999858 0.06713301065120852 0.05639123102866779 23-003801
0 0.3089999999999975 0.22641652613828034 0.6254831724088217 0.4981163575042168 23-000280
0 0.31455820818769276 0.2889629005059022 0.03192911482191635 0.025784148397976426 23-009279
0 0.4047974709073211 0.4019814502529511 0.04032074115331727 0.03246205733558179 23-006775
0 0.75136938429446 0.42811129848229346 0.03520389582929246 0.03079258010118042 23-007698
0 0.13700000000000045 0.4649999999999998 0.044414217412537434 0.03450252951096128 23-006217
0 0.20829149647451692 0.46699999999999875 0.4582412922439373 0.4121753794266441 23-000404
0 0.00914021438883017 0.6110000000000007 0.020108471655426376 0.02207419898819567 23-011949
0 0.8635443852413242 0.6923355817875211 0.023332814677554162 0.018364249578414815 23-015757
0 0.8710000000000093 0.8109999999999999 0.12464635209325022 0.0972006745362565 23-002264
0 0.6894419516120294 0.8319308600337267 0.02415150992939826 0.019106239460371065 23-014859
0 0.30299999999999727 0.8399999999999999 0.07900409180294672 0.0658516020236087 23-003311
0 0.806999999999988 0.9050000000000011 0.14552308101527237 0.1196458684654301 23-001904
0 0.9738617200674536 0.02866779089376054 0.021922428330522766 0.02023608768971332 
0 0.6526138279932546 0.3178752107925801 0.016863406408094434 0.01517706576728499 
0 0.8355817875210793 0.2554806070826307 0.01854974704890388 0.01517706576728499 
0 0.20404721753794267 0.7959527824620574 0.02023608768971332 0.016863406408094434 
