0 0.7549999999999955 0.03500000000000014 0.07675267986037554 0.0678920741989882 23-003316
0 0.4370000000000118 0.08170067453625664 0.23680760159587924 0.1797414839797646 23-001164
0 0.24799999999999045 0.1529999999999987 0.05976475338461258 0.04971332209106238 23-004255
0 0.6450000000000102 0.21099999999999852 0.028859007627501262 0.02522765598650929 23-010210
0 0.8319999999999936 0.245000000000001 0.14654645008007738 0.12001686340640812 23-001898
0 0.09999999999999432 0.3249999999999993 0.03704596014594135 0.030236087689713333 23-007484
0 0.21700000000001296 0.3719999999999999 0.03336183151264333 0.02782462057335582 23-008558
0 0.9039999999999964 0.5249999999999986 0.14859318820968737 0.11278246205733558 23-001940
0 0.014999999999986358 0.527000000000001 0.02476553136828123 0.021888701517706607 23-012856
0 0.40299999999999164 0.5479999999999983 0.24990672562538335 0.21795952782462058 23-001025
0 0.7740000000000009 0.5850000000000009 0.14818384058376521 0.11927487352445197 23-001859
0 0.38125463743676746 0.5949999999999989 0.02640292187196925 0.0209612141652613 23-012371
0 0.6475682967959587 0.6950000000000003 0.03438520057744817 0.027639123102866755 23-008279
0 0.7609409780775628 0.7010590219224299 0.056489972377236373 0.045817875210792704 23-004535
0 0.9482546374367747 0.8013726812816172 0.024560857555320312 0.020219224283305436 23-013613
0 0.47056829679596623 0.8373726812816186 0.0425721530958884 0.03524451939291752 23-006265
0 0.35425463743675223 0.8339999999999996 0.027630964749735303 0.023743676222597033 23-011034
0 0.7875210792580101 0.6340640809443507 0.023608768971332208 0.02023608768971332 
0 0.4839797639123103 0.8136593591905565 0.023608768971332208 0.01854974704890388 
