0 0.25649281097558796 0.1019308600337268 0.023946836116437237 0.01873524451939293 23-015088
0 0.27284453285127985 0.13237774030354132 0.02292346705163211 0.01854974704890388 23-016055
0 0.7355627552882265 0.18570910623946008 0.581761938365902 0.4085600337268121 23-000226
0 0.32099999999999795 0.24099999999999963 0.04154878403108347 0.033389544688027004 23-006549
0 0.183419528751258 0.4876391231028667 0.02619824805900832 0.01966273187183825 23-013286
0 0.48500000000001364 0.6069999999999993 0.027016943310852227 0.02021922428330524 23-013005
0 0.9209999999999923 0.6400000000000006 0.059560079571651554 0.05193929173693097 23-004173
0 0.10599914631762553 0.7134991568296796 0.02312814086459333 0.01650927487352439 23-016945
0 0.16867399377108327 0.7961888701517706 0.060788122449417614 0.04674536256323782 23-004301
0 0.3919999999999959 0.8689999999999998 0.026402921871969347 0.020775716694772236 23-012759
