0 0.10478414839797105 0.04852951096121354 0.046331465763235796 0.041989881956155134 17-001679
0 0.848156829679599 0.1634704890387862 0.02476391883279072 0.02175379426644183 17-004523
0 0.9050000000000011 0.17794097807757148 0.04858972473094777 0.04468802698145025 17-001192
0 0.23094097807757585 0.4109021922428342 0.05403530503488269 0.051096121416526155 17-000890
0 0.7293136593591851 0.4156273187183816 0.027392897691294743 0.026644182124789226 17-002838
0 0.16631365935919692 0.42452951096121483 0.10187906470118505 0.08752107925801013 17-000371
0 0.42331365935918774 0.6573726812816187 0.03845357975384598 0.03355817875210789 17-002192
0 0.7474704890387859 0.7208431703204037 0.023075315550450445 0.020573355817875286 17-005538
0 0.34562731871838487 0.9167841483979758 0.026454784756661257 0.025463743676222828 17-003274
0 0.38195615514333897 0.23102866779089376 0.021922428330522766 0.02023608768971332 
