0 0.02662731871838225 0.9412546374367626 0.0241470269374632 0.01984822934232716 23-014519
0 0.6586273187183873 0.90262731871838 0.03178326622537881 0.025446880269814485 23-010673
0 0.42762731871839277 0.7633136593591912 0.04561105088187497 0.039881956155143394 23-005538
0 0.8019999999999925 0.722999999999999 0.2519958965012188 0.1988532883642496 23-001086
0 0.6472546374367586 0.6275295109612142 0.023734257246224622 0.02153456998313656 23-014536
0 0.7598819561551535 0.6042158516020251 0.029306648077946824 0.02264755480607074 23-011978
0 0.9632927635048024 0.5560000000000009 0.0807559202894343 0.09998313659359184 23-002159
0 0.6490000000000009 0.43299999999999983 0.20452738200876955 0.17529510961214173 23-001298
0 0.0325964823922628 0.3460000000000001 0.07171226126297815 0.0972006745362565 23-002272
0 0.7076273187183938 0.3346863406408078 0.02311510270936658 0.01725126475548064 23-016925
0 0.7729409780775633 0.23668634064080885 0.03467265406404987 0.027268128161888634 23-008420
0 0.02331365935919624 0.20831365935919133 0.02641726023927599 0.021888701517706607 23-012369
0 0.6433136593592007 0.20899999999999963 0.02806833900423074 0.02207419898819567 23-011630
0 0.4066273187183777 0.1966863406408097 0.03632373282900446 0.027453625632377694 23-008088
0 0.45500000000001256 0.16157588532883582 0.42453362743898976 0.3554669477234387 23-000521
0 0.7327150084317032 0.5581787521079258 0.025295109612141653 0.02023608768971332 
0 0.7715008431703204 0.4317032040472175 0.01854974704890388 0.016863406408094434 
0 0.5733558178752108 0.4780775716694773 0.023608768971332208 0.01854974704890388 
0 0.2411467116357504 0.5666104553119731 0.023608768971332208 0.02023608768971332 
