0 0.7379999999999995 0.11315682967959605 0.054589122229540224 0.050927487352445185 17-001044
0 0.3883136593591911 0.3064704890387869 0.031520594603681604 0.028161888701517687 17-002467
0 0.3403136593591893 0.4643726812816174 0.023635920669699897 0.023440134907251227 17-005395
0 0.11758853288364193 0.4716273187183826 0.054966630044924164 0.047723440134907175 17-001093
0 0.7023524451939326 0.6337268128161904 0.47059591291812447 0.44435075885328834 17-000024
0 0.35831365935919 0.7357841483979748 0.09024646431173106 0.08094435075885309 17-000452
0 0.07162731871838396 0.7522158516020248 0.020450861975007707 0.023946037099494173 17-005722
0 0.81109780775716 0.8593136593591912 0.08985990593022465 0.07301854974704902 17-000516
0 0.014240412406141349 0.9213726812816182 0.028480824812282698 0.03962900505902192 17-001765
0 0.27847048903879174 0.9789072512647552 0.054033042393352056 0.04218549747048955 17-000954
0 0.4839797639123103 0.18802698145025296 0.02023608768971332 0.01854974704890388 
