0 0.27899999999999636 0.03399999999999892 0.025385336011179406 0.020033726812816184 23-013785
0 0.835000000000008 0.09799999999999898 0.1748079642395841 0.14505902192242834 23-001559
0 0.4890000000000043 0.11100000000000065 0.03198965107099815 0.02522765598650929 23-009453
0 0.21000000000000796 0.5309999999999988 0.023321487554985736 0.017993254637436885 23-016131
0 0.3540000000000134 0.5339999999999989 0.02311510270936658 0.0174367622259697 23-016696
0 0.9420000000000073 0.5700000000000003 0.04808766902930708 0.03876897133220912 23-005471
0 0.08500000000000796 0.6810000000000009 0.046436590264352505 0.040252951096121425 23-005472
0 0.3120000000000118 0.7759999999999998 0.14096084955801172 0.11649241146711643 23-001973
0 0.6229999999999905 0.8060000000000009 0.0922540259918466 0.0803204047217536 23-002849
0 0.9739999999999895 0.8739999999999988 0.049532362948642474 0.0413659359190557 23-005225
0 0.08600000000001273 0.940999999999999 0.03405349952719163 0.028752107925800935 23-008290
0 0.7700000000000102 0.9740000000000002 0.022908717863747135 0.01650927487352439 23-017608
