0 0.9412158516020213 0.9293136593591915 0.031326184092162986 0.025969645868465438 17-003485
0 0.08284317032039834 0.8986863406408079 0.051017505153341434 0.046543001686340645 17-001538
0 0.46915682967959416 0.8180590219224272 0.02869946787518951 0.02866779089376054 17-004083
0 0.6305295109612142 0.7411568296795961 0.029454483505957484 0.02883642495784152 17-003086
0 0.3859021922428285 0.6499999999999986 0.042020671546983676 0.036930860033726774 17-001726
0 0.9346863406408163 0.5413726812816191 0.05290956951332265 0.05480607082630692 17-001111
0 0.5545295109612209 0.4549999999999983 0.05929100011036024 0.056492411467116165 17-000763
0 0.4374704890387836 0.44031365935919076 0.18816509091368036 0.1639123102866778 17-000163
0 0.44199999999999307 0.3974502529510965 0.3774966448964723 0.33642495784148396 17-000057
0 0.465999999999994 0.1287639123102876 0.31670692673222905 0.2532883642495785 17-000084
0 0.7745295109612197 0.14147048903878423 0.027390635049764078 0.025969645868465296 17-003343
0 0.8583726812816228 0.08478414839797488 0.06341190909815518 0.0581787521079258 17-000750
