0 0.4130000000000109 0.26000000000000156 0.1455013161616372 0.12780775716694767 23-001851
0 0.9250000000000114 0.3200000000000003 0.025178951165559914 0.018364249578414815 23-015257
0 0.95474879994432 0.5030000000000001 0.09955264012249584 0.09330522765598658 23-002421
0 0.4590000000000032 0.5859999999999985 0.03384711468157248 0.02782462057335582 23-008543
0 0.48400000000000887 0.6380000000000017 0.06707507482628672 0.05305227655986496 23-003932
0 0.011550828428383064 0.652000000000001 0.025411822542442942 0.018920741989882 23-013659
0 0.39500000000001023 0.7169999999999987 0.03425988437281098 0.030050590219224366 23-007970
0 0.011238451015307405 0.9469999999999991 0.02472459223367632 0.023558178752107972 23-011257
0 0.532999999999987 0.9510000000000005 0.02373425724622443 0.01780775716694763 23-016077
0 0.1509274873524452 0.5733558178752108 0.025295109612141653 0.023608768971332208 
