0 0.6479999999999961 0.04200000000000159 0.027449184467372694 0.022074198988195622 23-011874
0 0.49799999999999045 0.14099999999999824 0.24497881175016076 0.2148060708263069 23-001051
0 0.13300000000000978 0.19699999999999918 0.05427921439788734 0.04340640809443509 23-004835
0 0.41800000000000637 0.25700000000000145 0.027036414776134 0.02114671163575036 23-012513
0 0.6370000000000005 0.30600000000000094 0.2897643232495583 0.2526475548060708 23-000875
0 0.6709999999999923 0.3500000000000014 0.02352787240060518 0.02021922428330524 23-014301
0 0.7460000000000093 0.4280000000000008 0.04375358727130089 0.036172006745362494 23-006040
0 0.18000000000000682 0.6020000000000003 0.024147026937463126 0.02114671163575036 23-013537
0 0.7040000000000077 0.652000000000001 0.03240242076223695 0.024856661045531022 23-009331
0 0.40399999999999636 0.7259999999999991 0.03364072983595294 0.025413153456998207 23-009050
0 0.19826019404752215 0.8771795952782464 0.4361724269045488 0.2702048903878581 23-000425
