0 0.10478414839797105 0.9514704890387865 0.046331465763235796 0.041989881956155134 17-001679
0 0.848156829679599 0.8365295109612139 0.02476391883279072 0.02175379426644183 17-004523
0 0.9050000000000011 0.8220590219224285 0.04858972473094777 0.04468802698145025 17-001192
0 0.23094097807757585 0.5890978077571658 0.05403530503488269 0.051096121416526155 17-000890
0 0.7293136593591851 0.5843726812816183 0.027392897691294743 0.026644182124789226 17-002838
0 0.16631365935919692 0.5754704890387852 0.10187906470118505 0.08752107925801013 17-000371
0 0.42331365935918774 0.34262731871838126 0.03845357975384598 0.03355817875210789 17-002192
0 0.7474704890387859 0.2791568296795963 0.023075315550450445 0.020573355817875286 17-005538
0 0.34562731871838487 0.08321585160202416 0.026454784756661257 0.025463743676222828 17-003274
0 0.38195615514333897 0.7689713322091063 0.021922428330522766 0.02023608768971332 
