0 0.6069021922428322 0.018000000000000682 0.02757373235362942 0.0239460370994941 17-005774
0 0.7489999999999952 0.0873136593591892 0.11255092574069923 0.10101180438448568 17-000383
0 0.939156829679593 0.18984317032040476 0.029825203396749572 0.02934232715008433 17-004072
0 0.5125885328836379 0.2584114671163557 0.3185492129785364 0.26897133220910613 17-000089
0 0.986215851602023 0.29321585160202507 0.026452522115130675 0.02731871838111306 17-003866
0 0.6195885328836372 0.3600590219224287 0.03151380667908959 0.03288364249578415 17-003544
0 0.35174536256323663 0.3898431703204041 0.03282490214604564 0.031197301854974706 17-003047
0 0.30143170320405355 0.44215682967959663 0.032454182255253525 0.03220910623946041 17-002586
0 0.3130590219224353 0.5670000000000002 0.025891916995881354 0.02647554806070834 17-003473
0 0.5964317032040412 0.5903136593591893 0.03508089847222709 0.03389544688026985 17-002371
0 0.6315885328836377 0.7994704890387855 0.06734519549902357 0.059190556492411506 17-000824
0 0.8667453625632372 0.8370590219224291 0.02570429440895461 0.027655986509274835 17-003323
0 0.36424957841483985 0.9384485666104553 0.03372681281618887 0.02866779089376054 
