0 0.39309780775716785 0.9819999999999993 0.02757373235362942 0.0239460370994941 17-005774
0 0.2510000000000048 0.9126863406408108 0.11255092574069923 0.10101180438448568 17-000383
0 0.060843170320406995 0.8101568296795952 0.029825203396749572 0.02934232715008433 17-004072
0 0.4874114671163621 0.7415885328836442 0.3185492129785364 0.26897133220910613 17-000089
0 0.013784148397977073 0.7067841483979749 0.026452522115130675 0.02731871838111306 17-003866
0 0.38041146711636276 0.6399409780775713 0.03151380667908959 0.03288364249578415 17-003544
0 0.6482546374367634 0.6101568296795958 0.03282490214604564 0.031197301854974706 17-003047
0 0.6985682967959465 0.5578431703204034 0.032454182255253525 0.03220910623946041 17-002586
0 0.6869409780775647 0.43299999999999983 0.025891916995881354 0.02647554806070834 17-003473
0 0.4035682967959589 0.40968634064081066 0.03508089847222709 0.03389544688026985 17-002371
0 0.3684114671163623 0.20052951096121452 0.06734519549902357 0.059190556492411506 17-000824
0 0.1332546374367628 0.1629409780775709 0.02570429440895461 0.027655986509274835 17-003323
0 0.6357504215851602 0.06155143338954472 0.03372681281618887 0.02866779089376054 
