0 0.5869999999999891 0.7399999999999984 0.1455013161616372 0.12780775716694767 23-001851
0 0.07499999999998863 0.6799999999999997 0.025178951165559914 0.018364249578414815 23-015257
0 0.045251200055679924 0.4969999999999999 0.09955264012249584 0.09330522765598658 23-002421
0 0.5409999999999968 0.4140000000000015 0.03384711468157248 0.02782462057335582 23-008543
0 0.5159999999999911 0.3619999999999983 0.06707507482628672 0.05305227655986496 23-003932
0 0.9884491715716169 0.347999999999999 0.025411822542442942 0.018920741989882 23-013659
0 0.6049999999999898 0.28300000000000125 0.03425988437281098 0.030050590219224366 23-007970
0 0.9887615489846926 0.053000000000000935 0.02472459223367632 0.023558178752107972 23-011257
0 0.4670000000000129 0.04899999999999949 0.02373425724622443 0.01780775716694763 23-016077
0 0.8490725126475548 0.42664418212478916 0.025295109612141653 0.023608768971332208 
