0 0.058784148397978776 0.07068634064080852 0.031326184092162986 0.025969645868465438 17-003485
0 0.9171568296796017 0.10131365935919211 0.051017505153341434 0.046543001686340645 17-001538
0 0.5308431703204058 0.18194097807757284 0.02869946787518951 0.02866779089376054 17-004083
0 0.36947048903878577 0.2588431703204039 0.029454483505957484 0.02883642495784152 17-003086
0 0.6140978077571715 0.3500000000000014 0.042020671546983676 0.036930860033726774 17-001726
0 0.06531365935918362 0.45862731871838086 0.05290956951332265 0.05480607082630692 17-001111
0 0.4454704890387791 0.5450000000000017 0.05929100011036024 0.056492411467116165 17-000763
0 0.5625295109612164 0.5596863406408092 0.18816509091368036 0.1639123102866778 17-000163
0 0.5580000000000069 0.6025497470489035 0.3774966448964723 0.33642495784148396 17-000057
0 0.534000000000006 0.8712360876897124 0.31670692673222905 0.2532883642495785 17-000084
0 0.22547048903878028 0.8585295109612158 0.027390635049764078 0.025969645868465296 17-003343
0 0.14162731871837714 0.9152158516020251 0.06341190909815518 0.0581787521079258 17-000750
