0 0.8259999999999934 0.08999999999999986 0.1378650768737214 0.10146711635750419 23-002122
0 0.47200000000000836 0.15974536256323646 0.02311510270936658 0.019106239460370968 23-015464
0 0.5213136593591867 0.33800000000000097 0.0373556570571012 0.029308600337268217 23-007666
0 0.5 0.47666104553119804 1.1000000000000003 1.0486543001686357 23-000060
0 0.8009409780775834 0.5396273187183804 0.03384711468157248 0.027453625632377694 23-008655
0 0.5500000000000114 0.5646863406408082 0.022908717863747232 0.017993254637436885 23-016501
0 0.2809369883408729 0.722504215851602 0.024972566319940614 0.01873524451939294 23-014554
0 0.6483136593591962 0.7856863406408083 0.04148335396948816 0.03227655986509272 23-006685
0 0.9806706028341581 0.8420590219224281 0.031394825535510026 0.025227655986509143 23-009494
0 0.6750000000000114 0.8900000000000006 0.07656877772477653 0.05861720067453634 23-003537
0 0.3672499382905835 0.8974198988195615 0.02435341178308257 0.01966273187183825 23-014275
