0 0.9733726812816178 0.058745362563237376 0.0241470269374632 0.01984822934232716 23-014519
0 0.3413726812816127 0.09737268128162008 0.03178326622537881 0.025446880269814485 23-010673
0 0.5723726812816072 0.2366863406408089 0.04561105088187497 0.039881956155143394 23-005538
0 0.1980000000000075 0.277000000000001 0.2519958965012188 0.1988532883642496 23-001086
0 0.3527453625632414 0.3724704890387858 0.023734257246224622 0.02153456998313656 23-014536
0 0.24011804384484647 0.395784148397975 0.029306648077946824 0.02264755480607074 23-011978
0 0.03670723649519758 0.4439999999999991 0.0807559202894343 0.09998313659359184 23-002159
0 0.3509999999999991 0.5670000000000002 0.20452738200876955 0.17529510961214173 23-001298
0 0.9674035176077372 0.6539999999999999 0.07171226126297815 0.0972006745362565 23-002272
0 0.2923726812816062 0.6653136593591922 0.02311510270936658 0.01725126475548064 23-016925
0 0.22705902192243665 0.7633136593591912 0.03467265406404987 0.027268128161888634 23-008420
0 0.9766863406408037 0.7916863406408087 0.02641726023927599 0.021888701517706607 23-012369
0 0.3566863406407993 0.7910000000000004 0.02806833900423074 0.02207419898819567 23-011630
0 0.5933726812816222 0.8033136593591903 0.03632373282900446 0.027453625632377694 23-008088
0 0.5449999999999875 0.8384241146711642 0.42453362743898976 0.3554669477234387 23-000521
0 0.26728499156829677 0.4418212478920742 0.025295109612141653 0.02023608768971332 
0 0.22849915682967958 0.5682967959527825 0.01854974704890388 0.016863406408094434 
0 0.42664418212478916 0.5219224283305227 0.023608768971332208 0.01854974704890388 
0 0.7588532883642496 0.433389544688027 0.023608768971332208 0.02023608768971332 
