0 0.058784148397978776 0.9293136593591915 0.031326184092162986 0.025969645868465438 17-003485
0 0.9171568296796017 0.8986863406408079 0.051017505153341434 0.046543001686340645 17-001538
0 0.5308431703204058 0.8180590219224272 0.02869946787518951 0.02866779089376054 17-004083
0 0.36947048903878577 0.7411568296795961 0.029454483505957484 0.02883642495784152 17-003086
0 0.6140978077571715 0.6499999999999986 0.042020671546983676 0.036930860033726774 17-001726
0 0.06531365935918362 0.5413726812816191 0.05290956951332265 0.05480607082630692 17-001111
0 0.4454704890387791 0.4549999999999983 0.05929100011036024 0.056492411467116165 17-000763
0 0.5625295109612164 0.44031365935919076 0.18816509091368036 0.1639123102866778 17-000163
0 0.5580000000000069 0.3974502529510965 0.3774966448964723 0.33642495784148396 17-000057
0 0.534000000000006 0.1287639123102876 0.31670692673222905 0.2532883642495785 17-000084
0 0.22547048903878028 0.14147048903878423 0.027390635049764078 0.025969645868465296 17-003343
0 0.14162731871837714 0.08478414839797488 0.06341190909815518 0.0581787521079258 17-000750
