0 0.9086487737658965 0.6963827993254638 0.0815220140196405 0.07067453625632382 23-003173
0 0.982508303433962 0.6475632377740304 0.021492668005600395 0.016880269814502514 23-015084
0 0.6030332371449855 0.5552698145025294 0.04519828119063623 0.03802698145025287 23-005740
0 0.1980000000000075 0.38700000000000045 0.02435341178308257 0.02003372681281618 23-014277
0 0.1839999999999975 0.27199999999999847 0.03962589035891398 0.03264755480607085 23-006865
0 0.18000000000000682 0.23699999999999832 0.04416635696253954 0.03524451939291752 23-006057
0 0.3410000000000082 0.20899999999999963 0.03983227520453338 0.030607082630691552 23-007113
0 0.10200000000000387 0.19500000000000028 0.028274723849850084 0.024114671163575158 23-010703
0 0.33899999999999864 0.17999999999999972 0.04024504489577198 0.033575042158515964 23-006734
0 0.07800000000000296 0.1769999999999996 0.03797481159395925 0.03283305227655991 23-007026
0 0.38800000000000523 0.1739999999999995 0.05427921439788734 0.04414839797639115 23-004745
0 0.09600000000000364 0.12399999999999878 0.04416635696253957 0.03765598650927475 23-005845
0 0.7652615913974669 0.09807757166947717 0.02765556931299204 0.020775716694772236 23-012121
0 0.07900000000000773 0.07700000000000184 0.024766181474321244 0.018178752107925755 23-015424
0 0.7284742677728425 0.017988954468803664 0.03714927221148185 0.029232546374369645 23-007532
0 0.5396290050590219 0.04131534569983142 0.026981450252951095 0.021922428330522766 
0 0.5978077571669477 0.05902192242833049 0.01854974704890388 0.02023608768971332 
0 0.6163575042158516 0.08263069139966273 0.01854974704890388 0.016863406408094434 
