0 0.1740000000000066 0.9100000000000001 0.1378650768737214 0.10146711635750419 23-002122
0 0.5279999999999916 0.8402546374367635 0.02311510270936658 0.019106239460370968 23-015464
0 0.4786863406408133 0.661999999999999 0.0373556570571012 0.029308600337268217 23-007666
0 0.5 0.523338954468802 1.1000000000000003 1.0486543001686357 23-000060
0 0.19905902192241665 0.46037268128161957 0.03384711468157248 0.027453625632377694 23-008655
0 0.44999999999998863 0.43531365935919175 0.022908717863747232 0.017993254637436885 23-016501
0 0.7190630116591271 0.27749578414839804 0.024972566319940614 0.01873524451939294 23-014554
0 0.35168634064080384 0.21431365935919167 0.04148335396948816 0.03227655986509272 23-006685
0 0.01932939716584192 0.1579409780775719 0.031394825535510026 0.025227655986509143 23-009494
0 0.32499999999998863 0.10999999999999943 0.07656877772477653 0.05861720067453634 23-003537
0 0.6327500617094165 0.10258010118043848 0.02435341178308257 0.01966273187183825 23-014275
