0 0.8035682967959646 0.9605295109612125 0.02517895116556006 0.023608768971332208 23-014765
0 0.8186273187183838 0.6546273187183824 0.11020950756072947 0.09553119730185503 23-002428
0 0.24556168996448366 0.44634064080944347 0.03838758128519794 0.03264755480607085 23-006980
0 0.8836273187183815 0.41600000000000037 0.02600449054803745 0.021517706576728485 23-012420
0 0.649313659359201 0.4086273187183801 0.056136678008461664 0.04841483979763899 23-004458
0 0.8322546374367609 0.28999999999999915 0.02806833900423074 0.022816188870151726 23-011366
0 0.6786273187183691 0.2883726812816191 0.04127696912386862 0.03580101180438452 23-006334
0 0.9442546374367556 0.2839999999999989 0.02476618147432136 0.018364249578414815 23-015053
0 0.7389409780775715 0.20400000000000063 0.023527872400605082 0.018364249578414815 23-015864
0 0.5155447222590048 0.18698988195615518 0.024559796628702016 0.01984822934232731 23-014038
0 0.36699999999999017 0.1529999999999987 0.16510787649547481 0.14394603709949422 23-001623
0 0.2539409780775578 0.04668634064081112 0.03102306418510212 0.025193929173693178 23-007616
0 0.3634064080944351 0.37605396290050586 0.021922428330522766 0.02023608768971332 
0 0.9763912310286678 0.4671163575042159 0.023608768971332208 0.02023608768971332 
