0 0.19643170320403536 0.9605295109612125 0.02517895116556006 0.023608768971332208 23-014765
0 0.1813726812816162 0.6546273187183824 0.11020950756072947 0.09553119730185503 23-002428
0 0.7544383100355163 0.44634064080944347 0.03838758128519794 0.03264755480607085 23-006980
0 0.11637268128161848 0.41600000000000037 0.02600449054803745 0.021517706576728485 23-012420
0 0.35068634064079895 0.4086273187183801 0.056136678008461664 0.04841483979763899 23-004458
0 0.16774536256323913 0.28999999999999915 0.02806833900423074 0.022816188870151726 23-011366
0 0.3213726812816309 0.2883726812816191 0.04127696912386862 0.03580101180438452 23-006334
0 0.05574536256324436 0.2839999999999989 0.02476618147432136 0.018364249578414815 23-015053
0 0.26105902192242847 0.20400000000000063 0.023527872400605082 0.018364249578414815 23-015864
0 0.48445527774099517 0.18698988195615518 0.024559796628702016 0.01984822934232731 23-014038
0 0.6330000000000098 0.1529999999999987 0.16510787649547481 0.14394603709949422 23-001623
0 0.7460590219224422 0.04668634064081112 0.03102306418510212 0.025193929173693178 23-007616
0 0.636593591905565 0.37605396290050586 0.021922428330522766 0.02023608768971332 
0 0.02360876897133224 0.4671163575042159 0.023608768971332208 0.02023608768971332 
