0 0.8035682967959646 0.03947048903878743 0.02517895116556006 0.023608768971332208 23-014765
0 0.8186273187183838 0.34537268128161763 0.11020950756072947 0.09553119730185503 23-002428
0 0.24556168996448366 0.5536593591905565 0.03838758128519794 0.03264755480607085 23-006980
0 0.8836273187183815 0.5839999999999996 0.02600449054803745 0.021517706576728485 23-012420
0 0.649313659359201 0.5913726812816199 0.056136678008461664 0.04841483979763899 23-004458
0 0.8322546374367609 0.7100000000000009 0.02806833900423074 0.022816188870151726 23-011366
0 0.6786273187183691 0.7116273187183809 0.04127696912386862 0.03580101180438452 23-006334
0 0.9442546374367556 0.7160000000000011 0.02476618147432136 0.018364249578414815 23-015053
0 0.7389409780775715 0.7959999999999994 0.023527872400605082 0.018364249578414815 23-015864
0 0.5155447222590048 0.8130101180438448 0.024559796628702016 0.01984822934232731 23-014038
0 0.36699999999999017 0.8470000000000013 0.16510787649547481 0.14394603709949422 23-001623
0 0.2539409780775578 0.9533136593591889 0.03102306418510212 0.025193929173693178 23-007616
0 0.3634064080944351 0.6239460370994941 0.021922428330522766 0.02023608768971332 
0 0.9763912310286678 0.5328836424957841 0.023608768971332208 0.02023608768971332 
