0 0.6730000000000018 0.005589376053962957 0.02435341178308257 0.012296627318718509 23-015925
0 0.7119048794046506 0.053026981450252954 0.024147026937463126 0.018735244519392916 23-014776
0 0.40500000000000114 0.22400000000000017 0.04623020541873297 0.039325463743676285 23-005561
0 0.37700000000000955 0.5919999999999987 0.021670408790031143 0.01854974704890388 23-017021
0 0.10800000000000398 0.6170000000000009 0.02662364508489511 0.02133220910623942 23-012402
0 0.9070000000000107 0.7220000000000013 0.03364072983595304 0.027453625632377694 23-008554
0 0.11199999999999477 0.8309999999999995 0.05572390831722278 0.04340640809443509 23-004761
0 0.46399999999999864 0.8659999999999997 0.02517895116556006 0.02133220910623952 23-012920
0 0.8480000000000132 0.8990000000000009 0.02352787240060518 0.019106239460370874 23-015252
0 0.6879999999999882 0.9589999999999996 0.025798105702418007 0.01780775716694763 23-014822
0 0.4350000000000023 0.9631812816188878 0.14446939193354064 0.08100118043844695 23-001917
0 0.8718381112984823 0.6180438448566611 0.02023608768971332 0.01854974704890388 
0 0.6720067453625632 0.715008431703204 0.025295109612141653 0.02023608768971332 
0 0.01433389544688024 0.23355817875210794 0.02866779089376054 0.04215851602023609 
0 0.03541315345699836 0.25295109612141653 0.03035413153456998 0.026981450252951095 
