0 0.12289017118089351 0.09283726812816231 0.27035837659796585 0.2042419898819571 23-000981
0 0.5459999999999923 0.13980775716694788 0.37473962066037686 0.30757706576728533 23-000651
0 0.4437453625632496 0.16931365935918993 0.024774452699213807 0.017436762225969602 23-015994
0 0.45437268128161235 0.19962731871838052 0.025815396089937055 0.020961214165261394 23-013118
0 0.6763726812816206 0.2303726812816192 0.04059679223820745 0.029679595278246148 23-007194
0 0.29300000000000637 0.3063726812816197 0.02560720741179252 0.019662731871838153 23-013878
0 0.4029999999999916 0.3949999999999996 0.09868143344056578 0.08198988195615506 23-002730
0 0.6419999999999959 0.5219999999999985 0.6555861474775148 0.5136424957841484 23-000281
0 0.18299999999999272 0.9477242833052281 0.190076263146069 0.11500657672849855 23-001490
0 0.09359190556492414 0.5193929173693086 0.18718381112984822 0.3844856661045531 
