0 0.8200590219224261 0.8740067453625632 0.3528723130448276 0.2519865092748736 17-000073
0 0.784313659359192 0.8518431703204038 0.03160682659105207 0.027318718381112966 17-002276
0 0.4393136593591931 0.7546863406408095 0.03422245813396305 0.03305227655986513 17-002291
0 0.7654704890387866 0.6943136593591921 0.0302649682770299 0.030860033726812834 17-002652
0 0.4539021922428263 0.6750387858347386 0.036510628621369674 0.03153456998313658 17-002084
0 0.3953136593591961 0.6266273187183802 0.03122830172169812 0.02715008431703208 17-002476
0 0.7573136593591909 0.5581568296795963 0.026307478420097126 0.023440134907251227 17-003770
0 0.3610000000000042 0.5205295109612149 0.03028198954831329 0.030691399662731947 17-002372
0 0.5983136593591849 0.24594097807757287 0.04561224675714686 0.0387858347386172 17-001264
0 0.7418431703204044 0.13068634064081075 0.11362757434186953 0.09443507588532883 17-000362
0 0.7924704890387876 0.0216863406408091 0.02231594602059796 0.02006745362563215 17-005274
