0 0.929000000000002 0.902000000000001 0.048716150685848995 0.03876897133220912 23-005461
0 0.05699999999998795 0.809000000000001 0.03643301867531465 0.029679595278246148 23-007817
0 0.671999999999997 0.7740000000000009 0.02852184890581754 0.02263069139966276 23-011187
0 0.7342511157382726 0.7330000000000005 0.5846475453758004 0.5512984822934232 23-000268
0 0.5389999999999873 0.46399999999999864 0.023941697986635285 0.01966273187183825 23-014799
0 0.7139999999999986 0.44399999999999906 0.04330324505408793 0.03413153456998315 23-006389
0 0.38399999999998613 0.4319409780775728 0.023941697986635285 0.01873524451939294 23-015216
0 0.8486863406408178 0.37094097807757287 0.026231773446226365 0.017807757166947824 23-014972
0 0.5409999999999968 0.3249999999999993 0.028938226262106993 0.023558178752107972 23-010826
0 0.7054586888474521 0.28376728499156867 0.6479908845356054 0.624288026981451 23-000150
0 0.6568296795952783 0.10118043844856661 0.01854974704890388 0.016863406408094434 
0 0.018549747048903886 0.8381112984822934 0.023608768971332208 0.02023608768971332 
