0 0.1529999999999916 0.8810000000000002 0.14927128222971683 0.12335581787521085 23-001866
0 0.4679999999999893 0.8763111298482301 0.3433031302605341 0.27211551433389375 23-000718
0 0.1560000000000059 0.8500000000000014 0.03726577338789298 0.03153456998313658 23-007349
0 0.6169999999999902 0.7459999999999987 0.214642527167138 0.16657672849915686 23-001269
0 0.3329999999999984 0.7459999999999987 0.08160996183270416 0.07104553119730185 23-003186
0 0.1769999999999925 0.718 0.022067999883333134 0.01854974704890388 23-016586
0 0.05299999999999727 0.5749999999999993 0.03643301867531465 0.027453625632377694 23-008233
0 0.10400000000001342 0.3440000000000012 0.024566264021069272 0.020590219224283175 23-013765
0 0.02451179238403911 0.25400000000000134 0.053925943244885706 0.04544688026981458 23-004582
0 0.7369999999999948 0.1769999999999996 0.023525320630345833 0.01984822934232731 23-014788
0 0.8660000000000139 0.03500000000000014 0.027480905515094294 0.021332209106239612 23-012312
0 0.5952782462057336 0.5522765598650927 0.02023608768971332 0.021922428330522766 
0 0.6205733558178752 0.5387858347386172 0.02023608768971332 0.021922428330522766 
0 0.11551433389544685 0.21753794266441817 0.01854974704890388 0.016863406408094434 
