0 0.9103761233782124 0.9835084317032032 0.037595139415581943 0.03298313659359359 17-002273
0 0.76668634064081 0.9351568296795952 0.08365399612721544 0.06677908937605395 17-000536
0 0.8130590219224353 0.8640000000000008 0.0811935844764149 0.0748735244519393 17-000487
0 0.08778414839797515 0.838000000000001 0.10839631125604741 0.0947723440134907 17-000357
0 0.17394097807757372 0.8131568296795953 0.06166551116212194 0.05345699831365939 17-000828
0 0.03662731871838736 0.7581568296795956 0.03062647187510082 0.028499156829679555 17-002849
0 0.3683136593591951 0.7227841483979767 0.025516386138822924 0.02124789207419893 17-005138
0 0.363588532883637 0.5135480607082634 0.17037226220239052 0.13490725126475547 17-000196
0 0.15000000000000568 0.4768431703204038 0.12850919314565445 0.10674536256323788 17-000267
0 0.4209409780775736 0.4718431703204048 0.1178764542611785 0.09713322091062399 17-000323
0 0.7363136593591901 0.13115682967959674 0.032295791244626997 0.02866779089376054 17-003538
0 0.39394097807757256 0.046544688026981085 0.18257016437813167 0.09308937605396213 17-000181
