0 0.195372681281612 0.9584704890387844 0.043840799759921625 0.041483979763912306 17-001754
0 0.9197585938878816 0.9337259696458692 0.16048281222423683 0.13254806070826167 17-000175
0 0.04399999999999693 0.7454704890387869 0.05583241822970251 0.049747048903878585 17-000902
0 0.23937268128162303 0.6881568296795953 0.0762727611748142 0.06947723440134905 17-000549
0 0.8431568296795894 0.6023136593591898 0.0571061914585918 0.051096121416526065 17-000956
0 0.3740590219224281 0.4488431703204051 0.03990033117427186 0.0387858347386172 17-001907
0 0.6408431703204053 0.42647048903878426 0.08697561359498474 0.0733558178752108 17-000537
0 0.9573136593591938 0.3683136593591916 0.07291912961504037 0.06711635750421578 17-000791
0 0.5791180438448593 0.2176863406408105 0.4129706324651223 0.3382799325463743 17-000039
0 0.7339999999999947 0.15137268128161863 0.09898425333604902 0.08903878583473873 17-000385
0 0.09799999999999887 0.08999999999999986 0.03539207528459121 0.02782462057335582 17-001959
