0 0.8470000000000084 0.8810000000000002 0.14927128222971683 0.12335581787521085 23-001866
0 0.5320000000000107 0.8763111298482301 0.3433031302605341 0.27211551433389375 23-000718
0 0.8439999999999941 0.8500000000000014 0.03726577338789298 0.03153456998313658 23-007349
0 0.3830000000000098 0.7459999999999987 0.214642527167138 0.16657672849915686 23-001269
0 0.6670000000000016 0.7459999999999987 0.08160996183270416 0.07104553119730185 23-003186
0 0.8230000000000075 0.718 0.022067999883333134 0.01854974704890388 23-016586
0 0.9470000000000027 0.5749999999999993 0.03643301867531465 0.027453625632377694 23-008233
0 0.8959999999999866 0.3440000000000012 0.024566264021069272 0.020590219224283175 23-013765
0 0.9754882076159609 0.25400000000000134 0.053925943244885706 0.04544688026981458 23-004582
0 0.26300000000000523 0.1769999999999996 0.023525320630345833 0.01984822934232731 23-014788
0 0.13399999999998613 0.03500000000000014 0.027480905515094294 0.021332209106239612 23-012312
0 0.40472175379426645 0.5522765598650927 0.02023608768971332 0.021922428330522766 
0 0.3794266441821248 0.5387858347386172 0.02023608768971332 0.021922428330522766 
0 0.8844856661045531 0.21753794266441817 0.01854974704890388 0.016863406408094434 
