0 0.7069999999999936 0.9089999999999989 0.02269256591776731 0.018549747048903904 23-016302
0 0.19499999999999318 0.8339999999999996 0.02227618856147805 0.017436762225969602 23-017495
0 0.06800000000001205 0.7929999999999993 0.03268562246871073 0.026711635750421566 23-008942
0 0.5949999999999989 0.6950000000000003 0.026648150802515674 0.018920741989881907 23-013881
0 0.3255789953980477 0.660532040472176 0.7162737898757051 0.746829510961213 23-000116
0 0.033999999999991815 0.6052546374367606 0.029354603618396254 0.02337268128161891 23-010859
0 0.7330000000000041 0.21000000000000085 0.027480905515094387 0.01984822934232731 23-012891
0 0.33199999999999363 0.14399999999999835 0.03164467907798748 0.02300168634064069 23-010245
0 0.12285295393045148 0.12526138279932542 0.02310894327405638 0.01780775716694763 23-016440
0 0.4759999999999991 0.11325463743676312 0.04122135827264144 0.03320404721753784 23-006615
0 0.22637268128163213 0.10668634064080984 0.02664815080251577 0.022445193929173983 23-012084
0 0.9170000000000016 0.056999999999998496 0.027272716836949637 0.01725126475548064 23-014725
0 0.3959999999999866 0.027000000000001134 0.030603735687264037 0.02225969645868473 23-010874
0 0.9865092748735245 0.515177065767285 0.02023608768971332 0.021922428330522766 
