0 0.5749999999999886 0.0779999999999994 0.02414988666477982 0.01762225969645869 23-015849
0 0.036000000000001475 0.1269999999999989 0.022900754595911847 0.017993254637436742 23-016436
0 0.8619999999999948 0.18599999999999994 0.03726577338789298 0.02986509274873521 23-007516
0 0.8230000000000075 0.222999999999999 0.03601664131902515 0.026711635750421566 23-008523
0 0.40799999999998704 0.3180000000000014 0.022484377239622585 0.017807757166947727 23-016954
0 0.7719999999999914 0.3460000000000001 0.04267867901965402 0.03543001686340639 23-006250
0 0.8634889027506467 0.35999999999999943 0.3003244139485774 0.37952782462057344 23-000509
0 0.13700000000000034 0.36799999999999855 0.09264396177437093 0.07512647554806073 23-002940
0 0.7930000000000064 0.379999999999999 0.03934766016933957 0.03450252951096128 23-006660
0 0.561000000000007 0.4250000000000007 0.0918112070617923 0.07568296795952782 23-002949
0 0.6699999999999875 0.46399999999999864 0.026856339480660303 0.0209612141652613 23-012430
0 0.44599999999999795 0.47700000000000026 0.06828588643144647 0.060101180438448545 23-003698
0 0.5010000000000048 0.5309999999999988 0.02373350930849056 0.01725126475548064 23-016832
0 0.4849345424377425 0.6796290050590219 0.7911169769496841 0.6373693086003374 23-000193
0 0.48699999999999477 0.5730000000000004 0.042262301663364685 0.03413153456998315 23-006462
0 0.07273738402269048 0.7390000000000008 0.160022244849919 0.14190556492411482 23-001654
0 0.21000000000000796 0.8369999999999997 0.04705064126069167 0.03524451939291752 23-005888
0 0.43899999999999295 0.971 0.025815396089937055 0.018178752107925755 23-014720
0 0.4822934232715008 0.7462057335581788 0.023608768971332208 0.01854974704890388 
0 0.5328836424957841 0.3178752107925801 0.023608768971332208 0.021922428330522766 
0 0.26391231028667794 0.16526138279932545 0.021922428330522766 0.023608768971332208 
