0 0.31590219224283533 0.934156829679594 0.026858244452845 0.02731871838111299 17-003816
0 0.21531684303686327 0.8951096121416526 0.025911932279460075 0.022934232715008447 17-004216
0 0.732686340640804 0.8033136593591903 0.04967389269234086 0.040809443507588514 17-001605
0 0.8763136593591907 0.6217841483979776 0.027632315462835864 0.026981450252951 17-002969
0 0.2129021922428267 0.3241568296795946 0.04120814694572744 0.03490725126475556 17-001789
0 0.6899021922428306 0.1464704890387868 0.03026496827703009 0.02765598650927474 17-002768
0 0.9046273187183824 0.1086273187183795 0.025361166246712356 0.023946037099494173 17-003521
0 0.46352951096121275 0.03131365935919184 0.025533407410106217 0.023271500843170242 17-003860
0 0.16337268128161542 0.02237268128161729 0.02479337894268151 0.023102866779089452 17-003646
0 0.21669477234401346 0.7377740303541316 0.021922428330522766 0.01854974704890388 
0 0.7335581787521079 0.6306913996627319 0.023608768971332208 0.02023608768971332 
0 0.209106239460371 0.5143338954468804 0.02023608768971332 0.02023608768971332 
