0 0.8771098288191065 0.09283726812816231 0.27035837659796585 0.2042419898819571 23-000981
0 0.45400000000000773 0.13980775716694788 0.37473962066037686 0.30757706576728533 23-000651
0 0.5562546374367504 0.16931365935918993 0.024774452699213807 0.017436762225969602 23-015994
0 0.5456273187183877 0.19962731871838052 0.025815396089937055 0.020961214165261394 23-013118
0 0.3236273187183793 0.2303726812816192 0.04059679223820745 0.029679595278246148 23-007194
0 0.7069999999999936 0.3063726812816197 0.02560720741179252 0.019662731871838153 23-013878
0 0.5970000000000084 0.3949999999999996 0.09868143344056578 0.08198988195615506 23-002730
0 0.3580000000000041 0.5219999999999985 0.6555861474775148 0.5136424957841484 23-000281
0 0.8170000000000073 0.9477242833052281 0.190076263146069 0.11500657672849855 23-001490
0 0.9064080944350759 0.5193929173693086 0.18718381112984822 0.3844856661045531 
