0 0.6840978077571647 0.065843170320406 0.026858244452845 0.02731871838111299 17-003816
0 0.7846831569631367 0.10489038785834738 0.025911932279460075 0.022934232715008447 17-004216
0 0.267313659359196 0.19668634064080973 0.04967389269234086 0.040809443507588514 17-001605
0 0.12368634064080933 0.37821585160202237 0.027632315462835864 0.026981450252951 17-002969
0 0.7870978077571733 0.6758431703204054 0.04120814694572744 0.03490725126475556 17-001789
0 0.31009780775716944 0.8535295109612132 0.03026496827703009 0.02765598650927474 17-002768
0 0.09537268128161763 0.8913726812816205 0.025361166246712356 0.023946037099494173 17-003521
0 0.5364704890387872 0.9686863406408082 0.025533407410106217 0.023271500843170242 17-003860
0 0.8366273187183846 0.9776273187183827 0.02479337894268151 0.023102866779089452 17-003646
0 0.7833052276559865 0.2622259696458685 0.021922428330522766 0.01854974704890388 
0 0.26644182124789206 0.36930860033726814 0.023608768971332208 0.02023608768971332 
0 0.790893760539629 0.4856661045531197 0.02023608768971332 0.02023608768971332 
