0 0.195372681281612 0.04152951096121564 0.043840799759921625 0.041483979763912306 17-001754
0 0.9197585938878816 0.06627403035413083 0.16048281222423683 0.13254806070826167 17-000175
0 0.04399999999999693 0.25452951096121307 0.05583241822970251 0.049747048903878585 17-000902
0 0.23937268128162303 0.31184317032040465 0.0762727611748142 0.06947723440134905 17-000549
0 0.8431568296795894 0.39768634064081027 0.0571061914585918 0.051096121416526065 17-000956
0 0.3740590219224281 0.5511568296795949 0.03990033117427186 0.0387858347386172 17-001907
0 0.6408431703204053 0.5735295109612157 0.08697561359498474 0.0733558178752108 17-000537
0 0.9573136593591938 0.6316863406408084 0.07291912961504037 0.06711635750421578 17-000791
0 0.5791180438448593 0.7823136593591895 0.4129706324651223 0.3382799325463743 17-000039
0 0.7339999999999947 0.8486273187183814 0.09898425333604902 0.08903878583473873 17-000385
0 0.09799999999999887 0.9100000000000001 0.03539207528459121 0.02782462057335582 17-001959
