0 0.08962387662178761 0.9835084317032032 0.037595139415581943 0.03298313659359359 17-002273
0 0.23331365935919002 0.9351568296795952 0.08365399612721544 0.06677908937605395 17-000536
0 0.1869409780775647 0.8640000000000008 0.0811935844764149 0.0748735244519393 17-000487
0 0.9122158516020249 0.838000000000001 0.10839631125604741 0.0947723440134907 17-000357
0 0.8260590219224263 0.8131568296795953 0.06166551116212194 0.05345699831365939 17-000828
0 0.9633726812816127 0.7581568296795956 0.03062647187510082 0.028499156829679555 17-002849
0 0.6316863406408049 0.7227841483979767 0.025516386138822924 0.02124789207419893 17-005138
0 0.636411467116363 0.5135480607082634 0.17037226220239052 0.13490725126475547 17-000196
0 0.8499999999999943 0.4768431703204038 0.12850919314565445 0.10674536256323788 17-000267
0 0.5790590219224264 0.4718431703204048 0.1178764542611785 0.09713322091062399 17-000323
0 0.26368634064080987 0.13115682967959674 0.032295791244626997 0.02866779089376054 17-003538
0 0.6060590219224274 0.046544688026981085 0.18257016437813167 0.09308937605396213 17-000181
