0 0.9905587050030326 0.8889999999999993 0.020770848993328348 0.017065767284991564 23-017165
0 0.88892056638443 0.7220000000000013 0.24437475395425406 0.24893760539629006 23-000887
0 0.820999999999998 0.6990000000000016 0.02414988666477987 0.019477234401349092 23-014760
0 0.561000000000007 0.6709999999999994 0.37952796025770386 0.31887015177065775 23-000645
0 0.046880685890223206 0.6159999999999997 0.10313750895849084 0.11593591905564925 23-001657
0 0.287217112716202 0.6341146711635751 0.5710615441507851 0.47227655986509287 23-000345
0 0.8160000000000025 0.33200000000000074 0.02831366022767291 0.0209612141652613 23-012302
0 0.8249999999999886 0.23699999999999832 0.02519083005550307 0.01650927487352439 23-016650
0 0.6450000000000102 0.17999999999999972 0.030603735687264134 0.023743676222597033 23-010362
0 0.1670000000000016 0.1700000000000017 0.028313660227673006 0.022630691399662662 23-011423
0 0.8600000000000136 0.13599999999999923 0.04725882993883639 0.03450252951096128 23-005946
0 0.40799999999998704 0.07700000000000184 0.025399018733647603 0.01873524451939275 23-015024
0 0.41652613827993257 0.3313659359190556 0.023608768971332208 0.01854974704890388 
