0 0.8700000000000045 0.9879999999999995 0.028105471549528183 0.021703204047217546 23-012005
0 0.8760000000000048 0.9480000000000004 0.02581539608993696 0.01743676222596965 23-015438
0 0.11099999999999 0.9280000000000008 0.04975709407657224 0.0406239460370995 23-005268
0 0.7940000000000111 0.902000000000001 0.025399018733647603 0.01539629005059021 23-017086
0 0.6030000000000086 0.879999999999999 0.026856339480660303 0.02133220910623947 23-012632
0 0.539999999999992 0.879999999999999 0.027480905515094294 0.018178752107925803 23-013955
0 0.3300000000000125 0.8719999999999999 0.030811924365408763 0.022074198988195622 23-010533
0 0.057999999999992724 0.8689999999999998 0.08910475424591181 0.07419898819561552 23-003024
0 0.49799999999999045 0.8309999999999995 0.15843158406808153 0.13114671163575045 23-001761
0 0.6279999999999859 0.7920000000000016 0.026856339480660303 0.017993254637436767 23-014572
0 0.10699999999999932 0.7689999999999984 0.03539207528459116 0.026155143338954454 23-008831
0 0.8389999999999986 0.7489999999999988 0.07682162223537718 0.06251264755480605 23-003424
0 0.9879999999999997 0.6939999999999991 0.024774452699213807 0.017807757166947727 23-015522
0 0.7609999999999957 0.6700000000000017 0.0451769431573899 0.035615514333895454 23-005987
0 0.7090000000000032 0.6419999999999995 0.037682150744182435 0.02819561551433394 23-007904
0 0.7520000000000095 0.5799999999999983 0.02519083005550307 0.020775716694772427 23-013444
0 0.637791201588001 0.5494350758853288 0.14094373510393066 0.11741989881956154 23-001963
0 0.6399999999999864 0.5410000000000004 0.02560720741179252 0.01984822934232712 23-013871
0 0.7842772932152935 0.27525295109612147 0.43144541356941296 0.49991568296795963 23-000332
0 0.9655328131415829 0.2530000000000001 0.07582781108851788 0.06919055649241161 23-003119
0 0.3300000000000125 0.2049999999999983 0.0938930938432388 0.07735244519392918 23-002879
0 0.4426987519953941 0.20582698145025302 0.5041471840361932 0.411653962900506 23-000167
