0 0.36037268128161815 0.9492546374367618 0.026231773446226316 0.0172512647554806 23-016018
0 0.9762454125191024 0.9094097807757167 0.023317131952201225 0.017807757166947703 23-016487
0 0.566173123261654 0.8742580101180438 0.03622482999716973 0.021703204047217546 23-009676
0 0.27000000000001023 0.8569999999999993 0.17737675377924492 0.1470994940978078 23-001547
0 0.42774536256323004 0.8262546374367606 0.031228301721698024 0.027453625632377743 23-009159
0 0.15374536256322913 0.82905902192243 0.023108943274056572 0.017993254637436742 23-016812
0 0.7810000000000059 0.7800000000000011 0.040596792238207474 0.03153456998313658 23-006849
0 0.21100000000001273 0.7349999999999994 0.08639830143003134 0.07512647554806073 23-003045
0 0.3369999999999891 0.722999999999999 0.1419846784946539 0.11723440134907248 23-001979
0 0.6600252955438534 0.697841483979764 0.028313660227673006 0.023001686340640787 23-011396
0 0.22637268128163213 0.6446273187183809 0.051422603501729384 0.04210792580101185 23-005094
0 0.8408176895589852 0.6126138279932547 0.022276188561477953 0.017807757166947727 23-017238
0 0.22999999999998977 0.593 0.12553777292122628 0.09608768971332207 23-002256
0 0.921999999999997 0.5390000000000015 0.026023584768081736 0.017993254637436694 23-014595
0 0.40399999999999636 0.4759999999999991 0.10409433907232675 0.08607082630691412 23-002609
0 0.9587781478138486 0.4389713322091062 0.05246354689245276 0.0448903878583474 23-004845
0 0.31800000000001205 0.3730000000000011 0.11200550884182367 0.09701517706576743 23-002393
0 0.7539999999999907 0.1670000000000016 0.02831366022767291 0.023187183811129847 23-011309
0 0.12100000000000932 0.13299999999999912 0.03580845264088066 0.026711635750421736 23-008430
0 0.23400000000000887 0.06255143338954439 0.1827896594110059 0.13761315345699773 23-001443
0 0.2209106239460371 0.24367622259696464 0.023608768971332208 0.02866779089376054 
