0 0.9905587050030326 0.11100000000000065 0.020770848993328348 0.017065767284991564 23-017165
0 0.88892056638443 0.2779999999999987 0.24437475395425406 0.24893760539629006 23-000887
0 0.820999999999998 0.3009999999999984 0.02414988666477987 0.019477234401349092 23-014760
0 0.561000000000007 0.3290000000000006 0.37952796025770386 0.31887015177065775 23-000645
0 0.046880685890223206 0.38400000000000034 0.10313750895849084 0.11593591905564925 23-001657
0 0.287217112716202 0.3658853288364249 0.5710615441507851 0.47227655986509287 23-000345
0 0.8160000000000025 0.6679999999999993 0.02831366022767291 0.0209612141652613 23-012302
0 0.8249999999999886 0.7630000000000017 0.02519083005550307 0.01650927487352439 23-016650
0 0.6450000000000102 0.8200000000000003 0.030603735687264134 0.023743676222597033 23-010362
0 0.1670000000000016 0.8299999999999983 0.028313660227673006 0.022630691399662662 23-011423
0 0.8600000000000136 0.8640000000000008 0.04725882993883639 0.03450252951096128 23-005946
0 0.40799999999998704 0.9229999999999982 0.025399018733647603 0.01873524451939275 23-015024
0 0.41652613827993257 0.6686340640809444 0.023608768971332208 0.01854974704890388 
