0 0.08962387662178761 0.016491568296796794 0.037595139415581943 0.03298313659359359 17-002273
0 0.23331365935919002 0.06484317032040478 0.08365399612721544 0.06677908937605395 17-000536
0 0.1869409780775647 0.13599999999999923 0.0811935844764149 0.0748735244519393 17-000487
0 0.9122158516020249 0.16199999999999903 0.10839631125604741 0.0947723440134907 17-000357
0 0.8260590219224263 0.18684317032040468 0.06166551116212194 0.05345699831365939 17-000828
0 0.9633726812816127 0.24184317032040437 0.03062647187510082 0.028499156829679555 17-002849
0 0.6316863406408049 0.2772158516020233 0.025516386138822924 0.02124789207419893 17-005138
0 0.636411467116363 0.48645193929173663 0.17037226220239052 0.13490725126475547 17-000196
0 0.8499999999999943 0.5231568296795962 0.12850919314565445 0.10674536256323788 17-000267
0 0.5790590219224264 0.5281568296795952 0.1178764542611785 0.09713322091062399 17-000323
0 0.26368634064080987 0.8688431703204033 0.032295791244626997 0.02866779089376054 17-003538
0 0.6060590219224274 0.9534553119730189 0.18257016437813167 0.09308937605396213 17-000181
