0 0.17994097807757392 0.8740067453625632 0.3528723130448276 0.2519865092748736 17-000073
0 0.21568634064080805 0.8518431703204038 0.03160682659105207 0.027318718381112966 17-002276
0 0.5606863406408069 0.7546863406408095 0.03422245813396305 0.03305227655986513 17-002291
0 0.23452951096121344 0.6943136593591921 0.0302649682770299 0.030860033726812834 17-002652
0 0.5460978077571736 0.6750387858347386 0.036510628621369674 0.03153456998313658 17-002084
0 0.6046863406408038 0.6266273187183802 0.03122830172169812 0.02715008431703208 17-002476
0 0.24268634064080907 0.5581568296795963 0.026307478420097126 0.023440134907251227 17-003770
0 0.6389999999999958 0.5205295109612149 0.03028198954831329 0.030691399662731947 17-002372
0 0.4016863406408151 0.24594097807757287 0.04561224675714686 0.0387858347386172 17-001264
0 0.25815682967959563 0.13068634064081075 0.11362757434186953 0.09443507588532883 17-000362
0 0.20752951096121242 0.0216863406408091 0.02231594602059796 0.02006745362563215 17-005274
