0 0.42500000000001137 0.0779999999999994 0.02414988666477982 0.01762225969645869 23-015849
0 0.9639999999999985 0.1269999999999989 0.022900754595911847 0.017993254637436742 23-016436
0 0.13800000000000523 0.18599999999999994 0.03726577338789298 0.02986509274873521 23-007516
0 0.1769999999999925 0.222999999999999 0.03601664131902515 0.026711635750421566 23-008523
0 0.592000000000013 0.3180000000000014 0.022484377239622585 0.017807757166947727 23-016954
0 0.22800000000000864 0.3460000000000001 0.04267867901965402 0.03543001686340639 23-006250
0 0.13651109724935334 0.35999999999999943 0.3003244139485774 0.37952782462057344 23-000509
0 0.8629999999999997 0.36799999999999855 0.09264396177437093 0.07512647554806073 23-002940
0 0.20699999999999363 0.379999999999999 0.03934766016933957 0.03450252951096128 23-006660
0 0.4389999999999929 0.4250000000000007 0.0918112070617923 0.07568296795952782 23-002949
0 0.3300000000000125 0.46399999999999864 0.026856339480660303 0.0209612141652613 23-012430
0 0.554000000000002 0.47700000000000026 0.06828588643144647 0.060101180438448545 23-003698
0 0.4989999999999953 0.5309999999999988 0.02373350930849056 0.01725126475548064 23-016832
0 0.5150654575622575 0.6796290050590219 0.7911169769496841 0.6373693086003374 23-000193
0 0.5130000000000052 0.5730000000000004 0.042262301663364685 0.03413153456998315 23-006462
0 0.9272626159773095 0.7390000000000008 0.160022244849919 0.14190556492411482 23-001654
0 0.789999999999992 0.8369999999999997 0.04705064126069167 0.03524451939291752 23-005888
0 0.561000000000007 0.971 0.025815396089937055 0.018178752107925755 23-014720
0 0.5177065767284992 0.7462057335581788 0.023608768971332208 0.01854974704890388 
0 0.4671163575042159 0.3178752107925801 0.023608768971332208 0.021922428330522766 
0 0.7360876897133221 0.16526138279932545 0.021922428330522766 0.023608768971332208 
