0 0.009441294996967428 0.11100000000000065 0.020770848993328348 0.017065767284991564 23-017165
0 0.11107943361557003 0.2779999999999987 0.24437475395425406 0.24893760539629006 23-000887
0 0.17900000000000205 0.3009999999999984 0.02414988666477987 0.019477234401349092 23-014760
0 0.4389999999999929 0.3290000000000006 0.37952796025770386 0.31887015177065775 23-000645
0 0.9531193141097768 0.38400000000000034 0.10313750895849084 0.11593591905564925 23-001657
0 0.712782887283798 0.3658853288364249 0.5710615441507851 0.47227655986509287 23-000345
0 0.1839999999999975 0.6679999999999993 0.02831366022767291 0.0209612141652613 23-012302
0 0.17500000000001137 0.7630000000000017 0.02519083005550307 0.01650927487352439 23-016650
0 0.35499999999998977 0.8200000000000003 0.030603735687264134 0.023743676222597033 23-010362
0 0.8329999999999984 0.8299999999999983 0.028313660227673006 0.022630691399662662 23-011423
0 0.13999999999998636 0.8640000000000008 0.04725882993883639 0.03450252951096128 23-005946
0 0.592000000000013 0.9229999999999982 0.025399018733647603 0.01873524451939275 23-015024
0 0.5834738617200674 0.6686340640809444 0.023608768971332208 0.01854974704890388 
