0 0.8909999999999911 0.04094603709949356 0.14031916906949676 0.09008128161888584 23-002075
0 0.44800000000000745 0.3099999999999987 0.3383066019850624 0.2934569983136594 23-000725
0 0.2259999999999991 0.3279999999999994 0.043095056375943304 0.03672849915682973 23-006075
0 0.34600000000000364 0.5139999999999993 0.02852184890581754 0.02207419898819567 23-011644
0 0.5740000000000123 0.536999999999999 0.027064528158805033 0.02133220910623942 23-012282
0 0.12100000000000932 0.5710000000000015 0.022484377239622585 0.01854974704890388 23-016606
0 0.1980000000000075 0.6039999999999992 0.033934754537578556 0.02652613827993258 23-008706
0 0.7189999999999941 0.6170000000000009 0.04996528275471688 0.04210792580101166 23-005174
0 0.41615148509413635 0.6723777403035412 0.024358075342924498 0.017807757166947824 23-015958
0 0.9499999999999887 0.6819999999999986 0.06828588643144647 0.05602023608768976 23-003811
0 0.5601789192456706 0.7229089376053964 0.42095750720849 0.35856661045531185 23-000543
0 0.10599999999999454 0.7310000000000016 0.043719622410377294 0.03413153456998315 23-006303
0 0.11962731871837157 0.8859409780775699 0.03372656585943393 0.028566610455312065 23-008408
0 0.36199999999999477 0.8909999999999981 0.030395547009119405 0.020775716694772236 23-011237
0 0.9796442539193823 0.9520000000000018 0.0447826413773593 0.04118043844856673 23-005233
0 0.01854974704890388 0.9409780775716695 0.023608768971332208 0.023608768971332208 
0 0.7967959527824621 0.1045531197301855 0.40640809443507586 0.209106239460371 
