0 0.7427841483979764 0.9774704890387863 0.023262258193982505 0.020910623946037096 17-005442
0 0.0316273187183777 0.9693136593591907 0.02138665511849624 0.02023608768971332 17-005144
0 0.3935295109612195 0.8663726812816184 0.18661478904204248 0.14907251264755478 17-000174
0 0.6404704890387866 0.8223136593591922 0.021558896281890057 0.019561551433389536 17-005755
0 0.6712748735244581 0.8083136593591893 0.029920485950242628 0.027655986509274883 17-002653
0 0.5639409780775743 0.7052158516020242 0.027443053028158887 0.027150084317031982 17-002974
0 0.21531365935918928 0.6756863406408089 0.031073081829587467 0.02883642495784152 17-002122
0 0.4680000000000035 0.5923136593591918 0.026875265724128006 0.02006745362563234 17-003384
0 0.39227487352444745 0.5439409780775711 0.020869931628314846 0.023608768971332208 17-003985
0 0.4989999999999953 0.5274114671163577 0.16333348112621474 0.15632377740303535 17-000182
0 0.8332546374367656 0.31262731871838 0.043719622410377385 0.04586846543001694 17-001309
0 0.5104704890387911 0.27952951096121514 0.024397832802044456 0.027150084317031888 17-004311
0 0.7473136593591858 0.23047048903878642 0.08456626575803379 0.07706576728499165 17-000525
0 0.4964704890387811 0.22674536256323663 0.02587788973689368 0.02647554806070834 17-005350
0 0.5580000000000069 0.14031365935919005 0.0555410281673265 0.04940978077571671 17-001163
0 0.5891568296795987 0.0998431703204049 0.04752189237519972 0.04131534569983136 17-001246
