0 0.8909999999999911 0.9590539629005065 0.14031916906949676 0.09008128161888584 23-002075
0 0.44800000000000745 0.6900000000000013 0.3383066019850624 0.2934569983136594 23-000725
0 0.2259999999999991 0.6720000000000006 0.043095056375943304 0.03672849915682973 23-006075
0 0.34600000000000364 0.48600000000000065 0.02852184890581754 0.02207419898819567 23-011644
0 0.5740000000000123 0.46300000000000097 0.027064528158805033 0.02133220910623942 23-012282
0 0.12100000000000932 0.4289999999999985 0.022484377239622585 0.01854974704890388 23-016606
0 0.1980000000000075 0.3960000000000008 0.033934754537578556 0.02652613827993258 23-008706
0 0.7189999999999941 0.3829999999999991 0.04996528275471688 0.04210792580101166 23-005174
0 0.41615148509413635 0.32762225969645875 0.024358075342924498 0.017807757166947824 23-015958
0 0.9499999999999887 0.3180000000000014 0.06828588643144647 0.05602023608768976 23-003811
0 0.5601789192456706 0.27709106239460357 0.42095750720849 0.35856661045531185 23-000543
0 0.10599999999999454 0.26899999999999835 0.043719622410377294 0.03413153456998315 23-006303
0 0.11962731871837157 0.11405902192243011 0.03372656585943393 0.028566610455312065 23-008408
0 0.36199999999999477 0.10900000000000187 0.030395547009119405 0.020775716694772236 23-011237
0 0.9796442539193823 0.047999999999998155 0.0447826413773593 0.04118043844856673 23-005233
0 0.01854974704890388 0.05902192242833049 0.023608768971332208 0.023608768971332208 
0 0.7967959527824621 0.8954468802698146 0.40640809443507586 0.209106239460371 
