0 0.6059999999999945 0.8850000000000016 0.04496875447924517 0.03951096121416526 23-005655
0 0.44999999999998863 0.8060000000000009 0.05246354689245283 0.042849915682967955 23-004968
0 0.6220000000000141 0.7630000000000017 0.026023584768081687 0.018178752107925755 23-014867
0 0.31399999999999295 0.7519999999999989 0.028313660227673006 0.01984822934232712 23-012900
0 0.5699999999999932 0.7519924114671168 0.8385839955666655 0.5456166947723429 23-000149
0 0.546999999999997 0.6700000000000017 0.030811924365408763 0.025042158516020274 23-009993
0 0.7760000000000105 0.6340000000000003 0.026856339480660303 0.020590219224283366 23-012905
0 0.06200000000001182 0.6209999999999987 0.02519083005550326 0.01984822934232712 23-014147
0 0.953000000000003 0.6119999999999983 0.045385131835534526 0.03747048903878588 23-005821
0 0.5240000000000009 0.4920000000000009 0.03934766016933967 0.03172006745362554 23-007036
0 0.02151816460198952 0.3829999999999991 0.047339962124377126 0.04229342327150072 23-004993
0 0.5179335592290676 0.4103878583473862 0.4287844877667355 0.40256323777403047 23-000350
0 0.8569999999999993 0.3240000000000016 0.029770980974685515 0.024300168634064218 23-010303
0 0.4730000000000132 0.18499999999999872 0.02456626402106908 0.016694772344013453 23-016564
0 0.7849999999999966 0.12199999999999978 0.16363630102169788 0.1255817875210792 23-001749
0 0.9937006518290404 0.12199999999999978 0.013858565976111117 0.019106239460370874 23-015490
0 0.48500000000001364 0.04899999999999949 0.052047169536163375 0.04025295109612123 23-005111
0 0.3482293423271501 0.35244519392917373 0.025295109612141653 0.023608768971332208 
0 0.7032040472175379 0.7866779089376054 0.016863406408094434 0.01517706576728499 
