0 0.8771098288191065 0.9071627318718377 0.27035837659796585 0.2042419898819571 23-000981
0 0.45400000000000773 0.8601922428330522 0.37473962066037686 0.30757706576728533 23-000651
0 0.5562546374367504 0.83068634064081 0.024774452699213807 0.017436762225969602 23-015994
0 0.5456273187183877 0.8003726812816194 0.025815396089937055 0.020961214165261394 23-013118
0 0.3236273187183793 0.7696273187183809 0.04059679223820745 0.029679595278246148 23-007194
0 0.7069999999999936 0.6936273187183803 0.02560720741179252 0.019662731871838153 23-013878
0 0.5970000000000084 0.6050000000000004 0.09868143344056578 0.08198988195615506 23-002730
0 0.3580000000000041 0.47800000000000153 0.6555861474775148 0.5136424957841484 23-000281
0 0.8170000000000073 0.052275716694771934 0.190076263146069 0.11500657672849855 23-001490
0 0.9064080944350759 0.4806070826306914 0.18718381112984822 0.3844856661045531 
