0 0.04400000000001114 0.08500000000000085 0.0639139241904087 0.0497133220910624 23-004134
0 0.568000000000012 0.18700000000000117 0.023941697986635285 0.019477234401349092 23-015070
0 0.7483136593591906 0.37074536256323853 0.027897282871383555 0.023929173693086 23-011080
0 0.02600000000001046 0.38899999999999935 0.04600969786996848 0.037284991568296816 23-005748
0 0.6516273187183822 0.5260590219224291 0.02456626402106908 0.018920741989882 23-014707
0 0.6816273187183833 0.5380590219224296 0.029770980974685324 0.022816188870151726 23-010898
0 0.16203387603809352 0.6209999999999987 0.3564745272838058 0.3164586846543001 23-000643
0 0.671999999999997 0.6239999999999988 0.19361547067452803 0.16416526138279935 23-001384
0 0.0564853514604092 0.9009999999999998 0.12426777321290022 0.12242833052276574 23-001930
0 0.5186863406408053 0.8989409780775717 0.03851490545676096 0.03023608768971343 23-007392
0 0.12984822934232715 0.13237774030354132 0.2596964586846543 0.26475548060708265 
