0 0.39400000000000546 0.11499999999999844 0.04496875447924517 0.03951096121416526 23-005655
0 0.5500000000000114 0.19399999999999906 0.05246354689245283 0.042849915682967955 23-004968
0 0.3779999999999859 0.23699999999999832 0.026023584768081687 0.018178752107925755 23-014867
0 0.686000000000007 0.24800000000000108 0.028313660227673006 0.01984822934232712 23-012900
0 0.4300000000000068 0.24800758853288313 0.8385839955666655 0.5456166947723429 23-000149
0 0.4530000000000029 0.3299999999999983 0.030811924365408763 0.025042158516020274 23-009993
0 0.22399999999998954 0.36599999999999966 0.026856339480660303 0.020590219224283366 23-012905
0 0.9379999999999882 0.37900000000000134 0.02519083005550326 0.01984822934232712 23-014147
0 0.046999999999997044 0.3880000000000017 0.045385131835534526 0.03747048903878588 23-005821
0 0.4759999999999991 0.5079999999999991 0.03934766016933967 0.03172006745362554 23-007036
0 0.9784818353980105 0.6170000000000009 0.047339962124377126 0.04229342327150072 23-004993
0 0.4820664407709324 0.5896121416526138 0.4287844877667355 0.40256323777403047 23-000350
0 0.14300000000000068 0.6759999999999984 0.029770980974685515 0.024300168634064218 23-010303
0 0.5269999999999868 0.8150000000000013 0.02456626402106908 0.016694772344013453 23-016564
0 0.2150000000000034 0.8780000000000002 0.16363630102169788 0.1255817875210792 23-001749
0 0.006299348170959599 0.8780000000000002 0.013858565976111117 0.019106239460370874 23-015490
0 0.5149999999999864 0.9510000000000005 0.052047169536163375 0.04025295109612123 23-005111
0 0.6517706576728499 0.6475548060708263 0.025295109612141653 0.023608768971332208 
0 0.29679595278246207 0.2133220910623946 0.016863406408094434 0.01517706576728499 
