0 0.10900000000000887 0.04094603709949356 0.14031916906949676 0.09008128161888584 23-002075
0 0.5519999999999925 0.3099999999999987 0.3383066019850624 0.2934569983136594 23-000725
0 0.7740000000000009 0.3279999999999994 0.043095056375943304 0.03672849915682973 23-006075
0 0.6539999999999964 0.5139999999999993 0.02852184890581754 0.02207419898819567 23-011644
0 0.4259999999999877 0.536999999999999 0.027064528158805033 0.02133220910623942 23-012282
0 0.8789999999999907 0.5710000000000015 0.022484377239622585 0.01854974704890388 23-016606
0 0.8019999999999925 0.6039999999999992 0.033934754537578556 0.02652613827993258 23-008706
0 0.2810000000000059 0.6170000000000009 0.04996528275471688 0.04210792580101166 23-005174
0 0.5838485149058636 0.6723777403035412 0.024358075342924498 0.017807757166947824 23-015958
0 0.05000000000001126 0.6819999999999986 0.06828588643144647 0.05602023608768976 23-003811
0 0.43982108075432935 0.7229089376053964 0.42095750720849 0.35856661045531185 23-000543
0 0.8940000000000055 0.7310000000000016 0.043719622410377294 0.03413153456998315 23-006303
0 0.8803726812816284 0.8859409780775699 0.03372656585943393 0.028566610455312065 23-008408
0 0.6380000000000052 0.8909999999999981 0.030395547009119405 0.020775716694772236 23-011237
0 0.020355746080617743 0.9520000000000018 0.0447826413773593 0.04118043844856673 23-005233
0 0.9814502529510961 0.9409780775716695 0.023608768971332208 0.023608768971332208 
0 0.20320404721753793 0.1045531197301855 0.40640809443507586 0.209106239460371 
