0 0.04400000000001114 0.9149999999999991 0.0639139241904087 0.0497133220910624 23-004134
0 0.568000000000012 0.8129999999999988 0.023941697986635285 0.019477234401349092 23-015070
0 0.7483136593591906 0.6292546374367615 0.027897282871383555 0.023929173693086 23-011080
0 0.02600000000001046 0.6110000000000007 0.04600969786996848 0.037284991568296816 23-005748
0 0.6516273187183822 0.47394097807757085 0.02456626402106908 0.018920741989882 23-014707
0 0.6816273187183833 0.4619409780775704 0.029770980974685324 0.022816188870151726 23-010898
0 0.16203387603809352 0.37900000000000134 0.3564745272838058 0.3164586846543001 23-000643
0 0.671999999999997 0.3760000000000012 0.19361547067452803 0.16416526138279935 23-001384
0 0.0564853514604092 0.0990000000000002 0.12426777321290022 0.12242833052276574 23-001930
0 0.5186863406408053 0.10105902192242833 0.03851490545676096 0.03023608768971343 23-007392
0 0.12984822934232715 0.8676222596964587 0.2596964586846543 0.26475548060708265 
