0 0.6396273187183819 0.05074536256323826 0.026231773446226316 0.0172512647554806 23-016018
0 0.0237545874808977 0.09059021922428331 0.023317131952201225 0.017807757166947703 23-016487
0 0.43382687673834597 0.12574198988195615 0.03622482999716973 0.021703204047217546 23-009676
0 0.7299999999999898 0.14300000000000068 0.17737675377924492 0.1470994940978078 23-001547
0 0.57225463743677 0.17374536256323936 0.031228301721698024 0.027453625632377743 23-009159
0 0.8462546374367709 0.17094097807757005 0.023108943274056572 0.017993254637436742 23-016812
0 0.2189999999999941 0.21999999999999886 0.040596792238207474 0.03153456998313658 23-006849
0 0.7889999999999873 0.26500000000000057 0.08639830143003134 0.07512647554806073 23-003045
0 0.6630000000000109 0.277000000000001 0.1419846784946539 0.11723440134907248 23-001979
0 0.33997470445614664 0.3021585160202361 0.028313660227673006 0.023001686340640787 23-011396
0 0.7736273187183679 0.3553726812816192 0.051422603501729384 0.04210792580101185 23-005094
0 0.15918231044101483 0.38738617200674536 0.022276188561477953 0.017807757166947727 23-017238
0 0.7700000000000102 0.407 0.12553777292122628 0.09608768971332207 23-002256
0 0.07800000000000296 0.4609999999999985 0.026023584768081736 0.017993254637436694 23-014595
0 0.5960000000000036 0.5240000000000009 0.10409433907232675 0.08607082630691412 23-002609
0 0.04122185218615136 0.5610286677908938 0.05246354689245276 0.0448903878583474 23-004845
0 0.681999999999988 0.6269999999999989 0.11200550884182367 0.09701517706576743 23-002393
0 0.24600000000000932 0.8329999999999984 0.02831366022767291 0.023187183811129847 23-011309
0 0.8789999999999907 0.8670000000000009 0.03580845264088066 0.026711635750421736 23-008430
0 0.7659999999999911 0.9374485666104556 0.1827896594110059 0.13761315345699773 23-001443
0 0.7790893760539629 0.7563237774030354 0.023608768971332208 0.02866779089376054 
