0 0.11699999999999022 0.125 0.0329839540900501 0.026155143338954454 23-009104
0 0.18592467250566447 0.1462934232715009 0.4090342795124618 0.321845531197302 23-000540
0 0.6730000000000018 0.3930000000000007 0.02331986563054493 0.019291736930860028 23-015485
0 0.2560000000000002 0.42200000000000065 0.03550502064470362 0.027639123102866803 23-008196
0 0.38999999999998636 0.4469999999999992 0.03277386521049565 0.023743676222597033 23-010016
0 0.9720000000000084 0.4969999999999999 0.04327830918821863 0.033575042158515964 23-006467
0 0.8789999999999907 0.5030000000000001 0.039076531597129205 0.03172006745362554 23-007101
0 0.9211337099749942 0.843 0.17350583805501293 0.23483979763912308 23-000915
0 0.4910000000000138 0.8829999999999991 0.0789934187124766 0.06418212478920733 23-003382
0 0.7669999999999959 0.9450000000000004 0.039496709356238495 0.03079258010118042 23-007100
0 0.636593591905565 0.5109612141652614 0.025295109612141653 0.016863406408094434 
