0 0.4939999999999998 0.09199999999999875 0.028151909860297517 0.01984822934232717 23-013090
0 0.2820000000000107 0.12111214165261402 0.5182892658608508 0.2664467116357509 23-000487
0 0.9610000000000127 0.2989999999999995 0.05399284204549601 0.04470489038785833 23-004781
0 0.34499999999999886 0.3150000000000013 0.48761628944589985 0.32573355817875227 23-000618
0 0.7909999999999968 0.36100000000000065 0.046849820140644406 0.04006745362563246 23-005516
0 0.5879999999999939 0.370000000000001 0.07479164112138748 0.06306913996627315 23-003478
0 0.7800000000000011 0.47700000000000026 0.022689598991881575 0.018178752107925755 23-016729
0 0.054614220728714136 0.5940000000000012 0.12015128560317136 0.11389544688026995 23-001965
0 0.1980000000000075 0.5949999999999989 0.1644995926911415 0.13671163575042147 23-001685
0 0.13399999999998613 0.6739999999999995 0.030042709776287584 0.021888701517706607 23-011298
0 0.05699999999998795 0.8850000000000017 0.02689137658297061 0.023187183811129847 23-011706
0 0.8340000000000032 0.8930000000000007 0.23719034501698447 0.19774030354131542 23-001146
0 0.4259999999999877 0.9579999999999984 0.02352995451009938 0.01780775716694763 23-016124
