0 0.9749999999999943 0.9849999999999994 0.031933509692277796 0.023743676222596967 23-009842
0 0.43447747827309124 0.9435160202360877 0.04264804254955508 0.03543001686340642 23-006313
0 0.01129478844728593 0.7638111298482293 0.02258957689457187 0.02003372681281618 23-013478
0 0.036000000000001475 0.5609999999999999 0.02521066554653538 0.0196627318718382 23-014276
0 0.8919503476919727 0.363760539629005 0.07395128560316966 0.05973018549747042 23-003575
0 0.6127099936043798 0.21803541315345698 0.03823617607891159 0.031349072512647416 23-007304
0 0.14273491780868386 0.06858347386172003 0.046009464622426596 0.03598650927487339 23-005891
0 0.10792580101180438 0.715008431703204 0.023608768971332208 0.02023608768971332 
0 0.2681281618887015 0.663575042158516 0.016863406408094434 0.01854974704890388 
0 0.04553119730185495 0.4915682967959528 0.016863406408094434 0.01854974704890388 
0 0.3920741989881956 0.2883642495784149 0.025295109612141653 0.02023608768971332 
0 0.2495784148397976 0.24620573355817876 0.02023608768971332 0.016863406408094434 
