0 0.828000000000003 0.0470000000000006 0.02605102106475295 0.020033726812816195 23-013578
0 0.40399999999999636 0.056999999999998614 0.09306937364262546 0.07679595278246204 23-002917
0 0.9010000000000105 0.11199999999999832 0.02647119882386185 0.020404721753794267 23-013130
0 0.6851944931373171 0.3456998313659359 0.055043286443268225 0.03709949409780776 23-005235
0 0.39500000000001023 0.37099999999999866 0.03277386521049565 0.023929173693086 23-009971
0 0.8360647876871621 0.4519477234401349 0.0262611099443074 0.02021922428330524 23-013486
0 0.19499999999999307 0.4699999999999989 0.18697910280346883 0.1548903878583474 23-001463
0 0.4490000000000123 0.6849999999999987 0.028572087619406418 0.024300168634064218 23-010828
0 0.13514344559725489 0.6620067453625632 0.23656007837832102 0.19032040472175382 23-001169
0 0.9770000000000039 0.7160000000000011 0.02416022114876281 0.01966273187183825 23-014730
0 0.6140000000000043 0.718 0.6680826369831804 0.5622428330522766 23-000257
0 0.16200000000000614 0.8520000000000003 0.09874177339059585 0.08106239460370994 23-002742
0 0.22681281618887017 0.1475548060708263 0.01854974704890388 0.021922428330522766 
