0 0.2980000000000018 0.028999999999999915 0.02773173210118861 0.02318718381112986 23-011414
0 0.5790000000000077 0.07499999999999929 0.034244487367376814 0.028752107925801008 23-008343
0 0.8569999999999993 0.31200000000000117 0.03067297641495113 0.026711635750421542 23-009555
0 0.6949999999999932 0.370000000000001 0.0386563538380205 0.03079258010118042 23-007347
0 0.39799999999999613 0.3810000000000002 0.03655546504247588 0.028937605396290093 23-007895
0 0.3509999999999991 0.5910000000000011 0.048110353417971215 0.03580101180438452 23-005715
0 0.6680000000000064 0.6499999999999986 0.05126168661128819 0.04173693086003392 23-005146
0 0.06800000000001205 0.8530000000000015 0.02815190986029754 0.022445193929173792 23-011535
0 0.06700000000000728 0.9570000000000007 0.06575781930054575 0.05360876897133215 23-003989
0 0.8195615514333895 0.19139966273187184 0.02023608768971332 0.01854974704890388 
