0 0.7642748735244473 0.04068634064081092 0.03332552571702834 0.02782462057335582 17-003026
0 0.42684317032040664 0.0710000000000015 0.09876992141246466 0.08229342327150087 17-000445
0 0.2816273187183777 0.24815682967959404 0.10141563185765258 0.07824620573355821 17-000413
0 0.2740590219224338 0.4289999999999985 0.10141121150579445 0.08347386172006754 17-000473
0 0.5958431703204037 0.513215851602024 0.0356825411505311 0.03220910623946041 17-002082
0 0.10541146711635704 0.628470489038786 0.17375939128124557 0.1411467116357503 17-000206
0 0.5421568296796017 0.6340000000000003 0.03167175344994578 0.02883642495784152 17-002719
0 0.1670000000000016 0.7036863406408111 0.04417938110203236 0.03743676222596953 17-001719
0 0.9093726812816247 0.7866863406408097 0.13795541733952257 0.1239460370994941 17-000250
0 0.6440000000000055 0.857843170320404 0.021581857626958256 0.022091062394603653 17-005107
0 0.11962731871838578 0.920470489038784 0.028010377156641824 0.025463743676222828 17-003687
