0 0.4008331914791846 0.9519139966273187 0.05630381972059522 0.042107925801011796 23-004819
0 0.33574683956564366 0.9218465430016863 0.0273115543420799 0.0224451939291737 23-011994
0 0.938999999999993 0.8260000000000005 0.02647119882386185 0.017622259696458666 23-015168
0 0.8899999999999864 0.690999999999999 0.02752164322163416 0.020775716694772427 23-012512
0 0.13700000000000034 0.6890000000000001 0.04537919798376324 0.038212478920741935 23-005755
0 0.3439999999999941 0.6600000000000001 0.32899918538228323 0.28344013490725123 23-000757
0 0.8192249136350738 0.5030000000000001 0.3977051900028376 0.373406408094435 23-000498
0 0.5349999999999966 0.495000000000001 0.08886759605153623 0.076795952782462 23-002992
0 0.24799999999999045 0.31899999999999906 0.04790026453841657 0.03672849915682963 23-005722
0 0.48799999999999955 0.2950000000000017 0.027311554342079707 0.020404721753794115 23-012819
0 0.3439999999999941 0.245000000000001 0.03361422072871346 0.02689713322091051 23-008889
0 0.813999999999993 0.17999999999999972 0.028151909860297565 0.015767284991568334 23-014960
0 0.8290000000000077 0.13400000000000034 0.03676555392203038 0.01966273187183825 23-010205
