0 0.23572512647555266 0.9593136593591891 0.03332552571702834 0.02782462057335582 17-003026
0 0.5731568296795934 0.9289999999999985 0.09876992141246466 0.08229342327150087 17-000445
0 0.7183726812816222 0.7518431703204059 0.10141563185765258 0.07824620573355821 17-000413
0 0.7259409780775662 0.5710000000000015 0.10141121150579445 0.08347386172006754 17-000473
0 0.4041568296795963 0.486784148397976 0.0356825411505311 0.03220910623946041 17-002082
0 0.8945885328836429 0.371529510961214 0.17375939128124557 0.1411467116357503 17-000206
0 0.45784317032039834 0.36599999999999966 0.03167175344994578 0.02883642495784152 17-002719
0 0.8329999999999984 0.29631365935918885 0.04417938110203236 0.03743676222596953 17-001719
0 0.09062731871837526 0.21331365935919033 0.13795541733952257 0.1239460370994941 17-000250
0 0.35599999999999454 0.14215682967959598 0.021581857626958256 0.022091062394603653 17-005107
0 0.8803726812816142 0.07952951096121597 0.028010377156641824 0.025463743676222828 17-003687
