0 0.22463592773427965 0.7389291736930861 0.04117742039267392 0.030978077571669486 23-006904
0 0.14699999999999136 0.6600000000000001 0.26408172159995524 0.2109106239460371 23-001027
0 0.24435805243385444 0.5953288364249578 0.0334041318491592 0.027082630691399667 23-008852
0 0.7237118870870344 0.5809999999999995 0.6078338484085245 0.6926475548060709 23-000169
0 0.8038029674234808 0.5342495784148398 0.0325637763309412 0.026340640809443514 23-009180
0 0.6680000000000064 0.3550000000000004 0.025840932185198544 0.020775716694772236 23-013219
0 0.13798539960121325 0.1915598650927487 0.050001153333961185 0.042478920741989785 23-005166
0 0.600014587161132 0.07924957841483982 0.06680826369831801 0.057318718381113 23-003837
0 0.9892622125094442 0.06700000000000017 0.023623132479222764 0.022816188870151726 23-008489
0 0.016408949032471254 0.06399999999999995 0.036099687871436345 0.03468802698145015 23-006056
0 0.7032696844266988 0.04355817875210799 0.02374004338965393 0.01966273187183825 23-014865
0 0.0405265533798399 0.027234401349072512 0.030462887535396485 0.024114671163574967 23-010204
0 0.39291736930860033 0.8583473861720068 0.023608768971332208 0.023608768971332208 
