0 0.6066273187183806 0.9774704890387863 0.028392356937649976 0.029510961214165275 17-003468
0 0.10847048903879004 0.9739409780775709 0.025560076953816176 0.025969645868465428 17-004027
0 0.1396273187183818 0.8139409780775707 0.037750861572348596 0.03743676222596967 17-002059
0 0.35894097807757597 0.7747841483979763 0.10141121150579445 0.0851602023608769 17-000436
0 0.9418501298591812 0.7087841483979773 0.11629974028163766 0.13726812816188866 17-000211
0 0.6066273187183806 0.6536863406408104 0.028392356937649976 0.027655986509274835 17-003494
0 0.6809409780775788 0.6140000000000008 0.024572559127568755 0.024957841483979785 17-005698
0 0.5669409780775744 0.5776273187183807 0.0416313757780256 0.03709949409780771 17-002242
0 0.3059409780775787 0.49947048903878477 0.04863728533107963 0.04418212478920731 17-001426
0 0.9369409780775647 0.3953726812816183 0.026864437813617564 0.02731871838111287 17-004409
0 0.15231365935918692 0.3564114671163582 0.1520886692368228 0.13237774030354132 17-000218
0 0.1267841483979766 0.2026273187183807 0.04523203567573372 0.04165261382799333 17-001359
0 0.8924704890387818 0.19699999999999918 0.02957086465440145 0.03086003372681274 17-003104
