0 0.9480000000000075 0.05000000000000071 0.023740043389654027 0.016880269814502528 23-017332
0 0.8309999999999889 0.12399999999999878 0.2018954132518351 0.17362563237774037 23-001318
0 0.13100000000000023 0.14300000000000068 0.024580398907871736 0.017436762225969602 23-016122
0 0.4530000000000029 0.3730000000000011 0.03613528728336688 0.030421585160202394 23-007706
0 0.40500000000000114 0.41600000000000037 0.046429642381535505 0.038212478920741935 23-005673
0 0.49199999999999017 0.6550000000000011 0.06428719714366458 0.0543507588532884 23-003997
0 0.10699999999999932 0.6630000000000003 0.04054715375401061 0.03524451939291752 23-006509
0 0.6069999999999993 0.9119999999999991 0.035505020644703525 0.022445193929173983 23-009690
0 0.9120000000000061 0.9759999999999991 0.028782176498960872 0.023929173693086097 23-010944
0 0.7883642495784149 0.7327150084317032 0.42327150084317033 0.5345699831365935 
0 0.5590219224283305 0.1703204047217538 0.025295109612141653 0.016863406408094434 
0 0.6298482293423272 0.18043844856661045 0.01854974704890388 0.02023608768971332 
