0 0.36437268128162303 0.8073136593591916 0.07098310252005381 0.06273187183811128 17-000672
0 0.2639999999999958 0.6587841483979766 0.024381569237064846 0.02411467116357506 17-005651
0 0.5682158516020165 0.652156829679594 0.02855077845442701 0.026475548060708246 17-004458
0 0.6912158516020213 0.6050000000000004 0.025112960425353985 0.02394603709949408 17-005396
0 0.5941568296795942 0.5286273187183811 0.025112960425353985 0.026138279932546374 17-005777
0 0.12321585160202342 0.5139999999999993 0.037019470384059505 0.03591905564924126 17-002065
0 0.9440590219224213 0.48715682967959484 0.05697570376580391 0.05143338954468803 17-001007
0 0.6290000000000049 0.4619409780775704 0.02877433671865808 0.028499156829679555 17-003337
0 0.6844704890387835 0.42817537942664374 0.2354535462659131 0.22377740303541305 17-000115
0 0.14631365935918672 0.3678431703204056 0.11254934155062546 0.09190556492411467 17-000418
0 0.6606863406408154 0.3089409780775718 0.053477169341135104 0.04704890387858344 17-001020
0 0.6088431703204088 0.282470489038786 0.026449889658882394 0.023946037099494173 17-005509
0 0.9840173366954189 0.16252951096121437 0.031965326609162216 0.0537942664418213 17-001021
0 0.21131365935918434 0.10652951096121344 0.17220774448720227 0.14772344013490737 17-000179
