0 0.36437268128162303 0.1926863406408084 0.07098310252005381 0.06273187183811128 17-000672
0 0.2639999999999958 0.34121585160202333 0.024381569237064846 0.02411467116357506 17-005651
0 0.5682158516020165 0.347843170320406 0.02855077845442701 0.026475548060708246 17-004458
0 0.6912158516020213 0.3949999999999996 0.025112960425353985 0.02394603709949408 17-005396
0 0.5941568296795942 0.4713726812816189 0.025112960425353985 0.026138279932546374 17-005777
0 0.12321585160202342 0.48600000000000065 0.037019470384059505 0.03591905564924126 17-002065
0 0.9440590219224213 0.5128431703204052 0.05697570376580391 0.05143338954468803 17-001007
0 0.6290000000000049 0.5380590219224296 0.02877433671865808 0.028499156829679555 17-003337
0 0.6844704890387835 0.5718246205733563 0.2354535462659131 0.22377740303541305 17-000115
0 0.14631365935918672 0.6321568296795944 0.11254934155062546 0.09190556492411467 17-000418
0 0.6606863406408154 0.6910590219224282 0.053477169341135104 0.04704890387858344 17-001020
0 0.6088431703204088 0.717529510961214 0.026449889658882394 0.023946037099494173 17-005509
0 0.9840173366954189 0.8374704890387856 0.031965326609162216 0.0537942664418213 17-001021
0 0.21131365935918434 0.8934704890387866 0.17220774448720227 0.14772344013490737 17-000179
