0 0.40500000000000114 0.13599999999999923 0.136767860589953 0.10443507588532885 23-002110
0 0.01174048441570208 0.17999999999999972 0.02582906571454468 0.033389544688027004 23-006421
0 0.2189999999999941 0.18499999999999872 0.02310977675099067 0.017436762225969602 23-016624
0 0.5449999999999875 0.21699999999999872 0.2619808328044106 0.2209274873524452 23-001006
0 0.3100000000000023 0.28699999999999903 0.04222786479044618 0.033018549747048875 23-006641
0 0.40100000000001046 0.4390000000000001 0.04264804254955508 0.034873524451939204 23-006373
0 0.3079999999999927 0.6810000000000009 0.06155604170945652 0.05138279932546379 23-004186
0 0.48099999999999454 0.8240000000000016 0.04033706487445611 0.03264755480607085 23-006834
0 0.008347716934113625 0.9310000000000009 0.01836497725505014 0.018178752107925755 23-016229
0 0.10699999999999932 0.960000000000001 0.032353687451386746 0.027268128161888824 23-008972
