0 0.3933726812816194 0.9774704890387863 0.028392356937649976 0.029510961214165275 17-003468
0 0.8915295109612099 0.9739409780775709 0.025560076953816176 0.025969645868465428 17-004027
0 0.8603726812816181 0.8139409780775707 0.037750861572348596 0.03743676222596967 17-002059
0 0.641059021922424 0.7747841483979763 0.10141121150579445 0.0851602023608769 17-000436
0 0.05814987014081885 0.7087841483979773 0.11629974028163766 0.13726812816188866 17-000211
0 0.3933726812816194 0.6536863406408104 0.028392356937649976 0.027655986509274835 17-003494
0 0.3190590219224212 0.6140000000000008 0.024572559127568755 0.024957841483979785 17-005698
0 0.4330590219224256 0.5776273187183807 0.0416313757780256 0.03709949409780771 17-002242
0 0.6940590219224213 0.49947048903878477 0.04863728533107963 0.04418212478920731 17-001426
0 0.06305902192243529 0.3953726812816183 0.026864437813617564 0.02731871838111287 17-004409
0 0.847686340640813 0.3564114671163582 0.1520886692368228 0.13237774030354132 17-000218
0 0.8732158516020234 0.2026273187183807 0.04523203567573372 0.04165261382799333 17-001359
0 0.10752951096121821 0.19699999999999918 0.02957086465440145 0.03086003372681274 17-003104
