0 0.5991668085208154 0.9519139966273187 0.05630381972059522 0.042107925801011796 23-004819
0 0.6642531604343563 0.9218465430016863 0.0273115543420799 0.0224451939291737 23-011994
0 0.06100000000000705 0.8260000000000005 0.02647119882386185 0.017622259696458666 23-015168
0 0.11000000000001364 0.690999999999999 0.02752164322163416 0.020775716694772427 23-012512
0 0.8629999999999997 0.6890000000000001 0.04537919798376324 0.038212478920741935 23-005755
0 0.6560000000000059 0.6600000000000001 0.32899918538228323 0.28344013490725123 23-000757
0 0.1807750863649262 0.5030000000000001 0.3977051900028376 0.373406408094435 23-000498
0 0.46500000000000347 0.495000000000001 0.08886759605153623 0.076795952782462 23-002992
0 0.7520000000000095 0.31899999999999906 0.04790026453841657 0.03672849915682963 23-005722
0 0.5120000000000005 0.2950000000000017 0.027311554342079707 0.020404721753794115 23-012819
0 0.6560000000000059 0.245000000000001 0.03361422072871346 0.02689713322091051 23-008889
0 0.18600000000000705 0.17999999999999972 0.028151909860297565 0.015767284991568334 23-014960
0 0.17099999999999227 0.13400000000000034 0.03676555392203038 0.01966273187183825 23-010205
