0 0.17199999999999704 0.0470000000000006 0.02605102106475295 0.020033726812816195 23-013578
0 0.5960000000000036 0.056999999999998614 0.09306937364262546 0.07679595278246204 23-002917
0 0.09899999999998954 0.11199999999999832 0.02647119882386185 0.020404721753794267 23-013130
0 0.31480550686268294 0.3456998313659359 0.055043286443268225 0.03709949409780776 23-005235
0 0.6049999999999898 0.37099999999999866 0.03277386521049565 0.023929173693086 23-009971
0 0.16393521231283786 0.4519477234401349 0.0262611099443074 0.02021922428330524 23-013486
0 0.8050000000000069 0.4699999999999989 0.18697910280346883 0.1548903878583474 23-001463
0 0.5509999999999877 0.6849999999999987 0.028572087619406418 0.024300168634064218 23-010828
0 0.8648565544027451 0.6620067453625632 0.23656007837832102 0.19032040472175382 23-001169
0 0.022999999999996135 0.7160000000000011 0.02416022114876281 0.01966273187183825 23-014730
0 0.3859999999999957 0.718 0.6680826369831804 0.5622428330522766 23-000257
0 0.8379999999999939 0.8520000000000003 0.09874177339059585 0.08106239460370994 23-002742
0 0.7731871838111298 0.1475548060708263 0.01854974704890388 0.021922428330522766 
