0 0.4420000000000073 0.9370000000000012 0.030883065294505536 0.026340640809443514 23-009528
0 0.27299999999999613 0.8069999999999986 0.026891376582970805 0.019477234401349092 23-013168
0 0.6709999999999923 0.6750000000000007 0.5292138875976827 0.4160708263069142 23-000410
0 0.7379999999999995 0.625 0.023740043389654027 0.020404721753794305 23-014451
0 0.5029999999999859 0.5060000000000002 0.03487475400604017 0.027453625632377694 23-008447
0 0.8009999999999877 0.4939999999999998 0.025630843305644094 0.019477234401349186 23-014342
0 0.30699999999998795 0.48900000000000077 0.05945515291391191 0.049713322091062426 23-004318
0 0.022999999999996135 0.4349999999999987 0.032773865210495634 0.025969645868465393 23-009137
0 0.03210802742786467 0.2698482293423272 0.04033706487445616 0.03042158516020249 23-007140
0 0.27609656854197406 0.2419224283305227 0.03802608719935714 0.0319055649241146 23-007204
0 0.31108954423986346 0.0980269814502529 0.038866442717574945 0.03079258010118042 23-007257
0 0.8003271597454089 0.07567453625632381 0.03172342081272339 0.023187183811129847 23-010054
0 0.7744130427033515 0.01517411467116292 0.039706798235792755 0.030348229342325946 23-006882
0 0.6298482293423272 0.581787521079258 0.021922428330522766 0.023608768971332208 
0 0.6306913996627319 0.5 0.023608768971332208 0.021922428330522766 
0 0.6298482293423272 0.3912310286677909 0.025295109612141653 0.02023608768971332 
