0 0.7753640722657203 0.261070826306914 0.04117742039267392 0.030978077571669486 23-006904
0 0.8530000000000086 0.33999999999999986 0.26408172159995524 0.2109106239460371 23-001027
0 0.7556419475661456 0.4046711635750422 0.0334041318491592 0.027082630691399667 23-008852
0 0.2762881129129656 0.41900000000000054 0.6078338484085245 0.6926475548060709 23-000169
0 0.19619703257651927 0.4657504215851602 0.0325637763309412 0.026340640809443514 23-009180
0 0.33199999999999363 0.6449999999999996 0.025840932185198544 0.020775716694772236 23-013219
0 0.8620146003987867 0.8084401349072513 0.050001153333961185 0.042478920741989785 23-005166
0 0.39998541283886796 0.9207504215851602 0.06680826369831801 0.057318718381113 23-003837
0 0.010737787490555801 0.9329999999999998 0.023623132479222764 0.022816188870151726 23-008489
0 0.9835910509675287 0.936 0.036099687871436345 0.03468802698145015 23-006056
0 0.2967303155733012 0.956441821247892 0.02374004338965393 0.01966273187183825 23-014865
0 0.9594734466201601 0.9727655986509275 0.030462887535396485 0.024114671163574967 23-010204
0 0.6070826306913997 0.14165261382799327 0.023608768971332208 0.023608768971332208 
