0 0.025000000000005684 0.9849999999999994 0.031933509692277796 0.023743676222596967 23-009842
0 0.5655225217269088 0.9435160202360877 0.04264804254955508 0.03543001686340642 23-006313
0 0.9887052115527141 0.7638111298482293 0.02258957689457187 0.02003372681281618 23-013478
0 0.9639999999999985 0.5609999999999999 0.02521066554653538 0.0196627318718382 23-014276
0 0.10804965230802731 0.363760539629005 0.07395128560316966 0.05973018549747042 23-003575
0 0.3872900063956201 0.21803541315345698 0.03823617607891159 0.031349072512647416 23-007304
0 0.8572650821913161 0.06858347386172003 0.046009464622426596 0.03598650927487339 23-005891
0 0.8920741989881956 0.715008431703204 0.023608768971332208 0.02023608768971332 
0 0.7318718381112985 0.663575042158516 0.016863406408094434 0.01854974704890388 
0 0.954468802698145 0.4915682967959528 0.016863406408094434 0.01854974704890388 
0 0.6079258010118044 0.2883642495784149 0.025295109612141653 0.02023608768971332 
0 0.7504215851602024 0.24620573355817876 0.02023608768971332 0.016863406408094434 
