0 0.7019999999999982 0.9710000000000001 0.02773173210118861 0.02318718381112986 23-011414
0 0.42099999999999227 0.9250000000000007 0.034244487367376814 0.028752107925801008 23-008343
0 0.14300000000000068 0.6879999999999988 0.03067297641495113 0.026711635750421542 23-009555
0 0.3050000000000068 0.629999999999999 0.0386563538380205 0.03079258010118042 23-007347
0 0.6020000000000039 0.6189999999999998 0.03655546504247588 0.028937605396290093 23-007895
0 0.6490000000000009 0.4089999999999989 0.048110353417971215 0.03580101180438452 23-005715
0 0.33199999999999363 0.3500000000000014 0.05126168661128819 0.04173693086003392 23-005146
0 0.931999999999988 0.14699999999999847 0.02815190986029754 0.022445193929173792 23-011535
0 0.9329999999999927 0.04299999999999926 0.06575781930054575 0.05360876897133215 23-003989
0 0.1804384485666105 0.8086003372681282 0.02023608768971332 0.01854974704890388 
