0 0.5949999999999989 0.8640000000000008 0.136767860589953 0.10443507588532885 23-002110
0 0.9882595155842979 0.8200000000000003 0.02582906571454468 0.033389544688027004 23-006421
0 0.7810000000000059 0.8150000000000013 0.02310977675099067 0.017436762225969602 23-016624
0 0.45500000000001256 0.7830000000000013 0.2619808328044106 0.2209274873524452 23-001006
0 0.6899999999999977 0.713000000000001 0.04222786479044618 0.033018549747048875 23-006641
0 0.5989999999999895 0.5609999999999999 0.04264804254955508 0.034873524451939204 23-006373
0 0.6920000000000073 0.31899999999999906 0.06155604170945652 0.05138279932546379 23-004186
0 0.5190000000000055 0.17599999999999838 0.04033706487445611 0.03264755480607085 23-006834
0 0.9916522830658864 0.06899999999999906 0.01836497725505014 0.018178752107925755 23-016229
0 0.8930000000000007 0.039999999999999036 0.032353687451386746 0.027268128161888824 23-008972
