0 0.025000000000005684 0.015000000000000568 0.031933509692277796 0.023743676222596967 23-009842
0 0.5655225217269088 0.056483979763912305 0.04264804254955508 0.03543001686340642 23-006313
0 0.9887052115527141 0.23618887015177067 0.02258957689457187 0.02003372681281618 23-013478
0 0.9639999999999985 0.4390000000000001 0.02521066554653538 0.0196627318718382 23-014276
0 0.10804965230802731 0.636239460370995 0.07395128560316966 0.05973018549747042 23-003575
0 0.3872900063956201 0.781964586846543 0.03823617607891159 0.031349072512647416 23-007304
0 0.8572650821913161 0.93141652613828 0.046009464622426596 0.03598650927487339 23-005891
0 0.8920741989881956 0.28499156829679595 0.023608768971332208 0.02023608768971332 
0 0.7318718381112985 0.33642495784148396 0.016863406408094434 0.01854974704890388 
0 0.954468802698145 0.5084317032040472 0.016863406408094434 0.01854974704890388 
0 0.6079258010118044 0.7116357504215851 0.025295109612141653 0.02023608768971332 
0 0.7504215851602024 0.7537942664418212 0.02023608768971332 0.016863406408094434 
