0 0.8830000000000098 0.875 0.0329839540900501 0.026155143338954454 23-009104
0 0.8140753274943355 0.853706576728499 0.4090342795124618 0.321845531197302 23-000540
0 0.3269999999999982 0.6069999999999993 0.02331986563054493 0.019291736930860028 23-015485
0 0.7439999999999998 0.5779999999999994 0.03550502064470362 0.027639123102866803 23-008196
0 0.6100000000000136 0.5530000000000008 0.03277386521049565 0.023743676222597033 23-010016
0 0.027999999999991587 0.5030000000000001 0.04327830918821863 0.033575042158515964 23-006467
0 0.12100000000000932 0.4969999999999999 0.039076531597129205 0.03172006745362554 23-007101
0 0.07886629002500578 0.15700000000000003 0.17350583805501293 0.23483979763912308 23-000915
0 0.5089999999999861 0.11700000000000088 0.0789934187124766 0.06418212478920733 23-003382
0 0.2330000000000041 0.054999999999999605 0.039496709356238495 0.03079258010118042 23-007100
0 0.36340640809443503 0.4890387858347386 0.025295109612141653 0.016863406408094434 
