0 0.21115682967959856 0.017313659359188906 0.02742480132770744 0.023271500843170315 17-004972
0 0.6364704890387817 0.06315682967959534 0.04622509100821868 0.0509274873524452 17-001543
0 0.4326273187183882 0.0643136593591895 0.06458789550792507 0.05902192242833052 17-000883
0 0.469940978077566 0.15562731871838 0.025352843800599982 0.02563237774030352 17-005711
0 0.8844114671163535 0.5846863406408078 0.059431002890434306 0.051770657672849996 17-000979
0 0.773940978077568 0.7171568296795953 0.07287865856333033 0.06273187183811138 17-000701
0 0.18631365935919295 0.8316863406408077 0.04819917784026375 0.04603709949409792 17-001393
0 0.49762731871838584 0.8986273187183822 0.027568674423325158 0.02580101180438441 17-005664
0 0.4136273187183827 0.9334704890387858 0.02891833352536785 0.02883642495784133 17-004953
0 0.4607841483979799 0.9464704890387875 0.03590837282626153 0.030016863406408016 17-002749
0 0.4806070826306914 0.11720067453625632 0.023608768971332208 0.021922428330522766 
