0 0.2054367703791672 0.25900000000000034 0.45196089483416774 0.4153288364249578 23-000442
0 0.7270000000000039 0.3670000000000009 0.34549344927861775 0.28807757166947723 23-000730
0 0.5910000000000082 0.48600000000000065 0.03181339311957812 0.022816188870151726 23-010439
0 0.9053297794546865 0.6450421585160202 0.02651116093298171 0.021888701517706607 23-012560
0 0.7935425685782092 0.6605480607082631 0.03902442889334908 0.031349072512647416 23-007231
0 0.9550000000000125 0.7020000000000017 0.08144228638611978 0.06622259696458682 23-003310
0 0.6829552778142052 0.7481871838111299 0.030328768107331032 0.02133220910623942 23-011344
0 0.6917051149494482 0.8476053962900507 0.030965035969722575 0.024856661045531022 23-010075
0 0.6494613016032829 0.859629005059022 0.03753980388110209 0.031163575042158356 23-007474
0 0.07099999999999795 0.9937782462057334 0.02587489307059024 0.01368785834738615 23-013341
0 0.2495784148397976 0.5489038785834739 0.02023608768971332 0.01854974704890388 
