0 0.29705902192242994 0.979686340640811 0.03306518152655838 0.03288364249578415 17-002707
0 0.2553166657337109 0.9038785834738617 0.024967226914302205 0.026981450252951095 17-005744
0 0.08905902192243165 0.9014704890387857 0.03874863117898927 0.036593591905564916 17-003445
0 0.0983726812816178 0.8646273187183797 0.03585943747873041 0.03322091062394607 17-002732
0 0.4825092748735196 0.8345075885328833 0.6929535446773544 0.33098482293423337 17-000013
0 0.9101568296795967 0.7354704890387853 0.039283987054856216 0.037774030354131495 17-001966
0 0.3632158516020182 0.6239021922428316 0.20249193475998536 0.14822934232715004 17-000155
0 0.08852951096121275 0.491784148397975 0.1680800270783601 0.1357504215851602 17-000193
0 0.64168634064081 0.46031365935919033 0.042222116102646014 0.03743676222596972 17-002005
0 0.27684317032040096 0.37815682967959663 0.059718749081670026 0.04974704890387877 17-001117
0 0.6626863406408108 0.3686863406408104 0.058415092380182755 0.047892074198988346 17-001229
0 0.11905902192243267 0.33584317032040556 0.03190833086766467 0.029679595278246245 17-002999
0 0.6313136593591862 0.14115682967959475 0.05610432400937094 0.04536256323777409 17-001178
