0 0.2054367703791672 0.7409999999999997 0.45196089483416774 0.4153288364249578 23-000442
0 0.7270000000000039 0.6329999999999991 0.34549344927861775 0.28807757166947723 23-000730
0 0.5910000000000082 0.5139999999999993 0.03181339311957812 0.022816188870151726 23-010439
0 0.9053297794546865 0.3549578414839798 0.02651116093298171 0.021888701517706607 23-012560
0 0.7935425685782092 0.3394519392917369 0.03902442889334908 0.031349072512647416 23-007231
0 0.9550000000000125 0.29799999999999827 0.08144228638611978 0.06622259696458682 23-003310
0 0.6829552778142052 0.2518128161888701 0.030328768107331032 0.02133220910623942 23-011344
0 0.6917051149494482 0.15239460370994928 0.030965035969722575 0.024856661045531022 23-010075
0 0.6494613016032829 0.14037099494097804 0.03753980388110209 0.031163575042158356 23-007474
0 0.07099999999999795 0.0062217537942665935 0.02587489307059024 0.01368785834738615 23-013341
0 0.2495784148397976 0.4510961214165261 0.02023608768971332 0.01854974704890388 
