0 0.39099999999999113 0.8769999999999989 0.026511160932981687 0.0224451939291737 23-012187
0 0.7580000000000098 0.7360000000000007 0.07020155415053557 0.05602023608768976 23-003795
0 0.5080000000000098 0.7049999999999983 0.03796398245602972 0.03153456998313667 23-007289
0 0.8729999999999906 0.6920000000000002 0.026511160932981784 0.02114671163575036 23-012801
0 0.9610000000000127 0.593 0.035206821718999644 0.02634064080944342 23-008659
0 0.9765940786355539 0.5309999999999988 0.05149302700178153 0.0443338954468804 23-004924
0 0.5049999999999955 0.36499999999999844 0.04559919680472841 0.039325463743676306 23-005678
0 0.6419999999999959 0.34199999999999875 0.14825041193723373 0.12205733558178751 23-001905
0 0.382000000000005 0.31400000000000006 0.028844143095084134 0.024485666104553282 23-010743
0 0.4170000000000016 0.11100000000000076 0.0988336079581558 0.08161888701517712 23-002755
0 0.6570000000000107 0.06899999999999906 0.028419964520156406 0.021517706576728485 23-012018
0 0.9379999999999882 0.054999999999999605 0.023329821621024077 0.01984822934232712 23-015214
0 0.7731871838111298 0.6838111298482293 0.025295109612141653 0.025295109612141653 
0 0.7175379426644182 0.7748735244519394 0.01854974704890388 0.01854974704890388 
0 0.8389544688026982 0.3389544688026982 0.01854974704890388 0.02023608768971332 
