0 0.6914704890387885 0.9053136593591906 0.040150158575538795 0.03338954468802696 17-002062
0 0.20747048903877957 0.8721568296795964 0.023666503159790683 0.022765598650927487 17-004864
0 0.7523136593591955 0.8426273187183813 0.04868266542162406 0.04317032040472175 17-001242
0 0.33194097807757494 0.6308431703204037 0.03132697259124201 0.025295109612141653 17-005225
0 0.7309999999999945 0.545470489038784 0.4390248250501769 0.36576728499156846 17-000033
0 0.7839409780775731 0.5461568296795959 0.05388849338664576 0.04249578414839805 17-001126
0 0.33109780775717024 0.43184317032040564 0.1867853790107848 0.1649241146711635 17-000150
0 0.4326273187183882 0.3200000000000003 0.08762997093771344 0.07521079258010122 17-000505
0 0.22847048903878037 0.2915295109612156 0.02829390579536567 0.0279932546374368 17-003459
0 0.43084317032041153 0.20894097807757028 0.053453941152816715 0.04536256323777399 17-001137
0 0.7577841483979768 0.08352951096121364 0.02636582136387612 0.02799325463743661 17-003861
