0 0.6090000000000089 0.12300000000000111 0.026511160932981687 0.0224451939291737 23-012187
0 0.24199999999999022 0.26399999999999935 0.07020155415053557 0.05602023608768976 23-003795
0 0.4919999999999902 0.2950000000000017 0.03796398245602972 0.03153456998313667 23-007289
0 0.12700000000000944 0.30799999999999983 0.026511160932981784 0.02114671163575036 23-012801
0 0.03899999999998727 0.40700000000000003 0.035206821718999644 0.02634064080944342 23-008659
0 0.02340592136444608 0.4690000000000012 0.05149302700178153 0.0443338954468804 23-004924
0 0.49500000000000455 0.6350000000000016 0.04559919680472841 0.039325463743676306 23-005678
0 0.3580000000000041 0.6580000000000013 0.14825041193723373 0.12205733558178751 23-001905
0 0.617999999999995 0.6859999999999999 0.028844143095084134 0.024485666104553282 23-010743
0 0.5829999999999984 0.8889999999999992 0.0988336079581558 0.08161888701517712 23-002755
0 0.3429999999999893 0.9310000000000009 0.028419964520156406 0.021517706576728485 23-012018
0 0.06200000000001182 0.9450000000000004 0.023329821621024077 0.01984822934232712 23-015214
0 0.22681281618887017 0.31618887015177066 0.025295109612141653 0.025295109612141653 
0 0.28246205733558183 0.2251264755480607 0.01854974704890388 0.01854974704890388 
0 0.1610455311973018 0.6610455311973018 0.01854974704890388 0.02023608768971332 
