0 0.3085295109612115 0.09468634064080943 0.040150158575538795 0.03338954468802696 17-002062
0 0.7925295109612205 0.1278431703204036 0.023666503159790683 0.022765598650927487 17-004864
0 0.24768634064080453 0.1573726812816188 0.04868266542162406 0.04317032040472175 17-001242
0 0.6680590219224251 0.3691568296795963 0.03132697259124201 0.025295109612141653 17-005225
0 0.26900000000000546 0.4545295109612159 0.4390248250501769 0.36576728499156846 17-000033
0 0.21605902192242687 0.4538431703204041 0.05388849338664576 0.04249578414839805 17-001126
0 0.6689021922428298 0.5681568296795944 0.1867853790107848 0.1649241146711635 17-000150
0 0.5673726812816118 0.6799999999999997 0.08762997093771344 0.07521079258010122 17-000505
0 0.7715295109612197 0.7084704890387844 0.02829390579536567 0.0279932546374368 17-003459
0 0.5691568296795885 0.7910590219224297 0.053453941152816715 0.04536256323777399 17-001137
0 0.2422158516020232 0.9164704890387864 0.02636582136387612 0.02799325463743661 17-003861
