0 0.06200000000001182 0.8999999999999986 0.047720089679367084 0.03839797639123102 23-005626
0 0.11899999999999977 0.7710000000000008 0.04729591110443937 0.035059021922428296 23-005923
0 0.39699999999999136 0.745000000000001 0.06553558982633077 0.04878583473861721 23-004169
0 0.4559999999999889 0.6419999999999995 0.05471903616567428 0.03543001686340639 23-005483
0 0.2849999999999966 0.6350000000000016 0.21314973390117298 0.1795615514333896 23-001268
0 0.5039999999999907 0.597999999999999 0.026299071645517872 0.018178752107925755 23-014941
0 0.8979999999999961 0.4750000000000014 0.024390268058343056 0.01984822934232731 23-014667
0 0.5209999999999866 0.43799999999999883 0.025662803783126138 0.02003372681281618 23-013764
0 0.7110000000000127 0.4250000000000007 0.028419964520156406 0.021888701517706607 23-011882
0 0.6810000000000116 0.402000000000001 0.027995785945228585 0.0209612141652613 23-012345
0 0.914999999999992 0.379999999999999 0.07783676849923406 0.06659359190556494 23-003366
0 0.4230000000000018 0.2710000000000008 0.022269375183704716 0.018364249578414815 23-017022
0 0.8549999999999898 0.1700000000000017 0.04750800039190313 0.034688026981450334 23-005979
0 0.026999999999986812 0.06299999999999895 0.025662803783126294 0.02021922428330524 23-013635
