0 0.5550000000000068 0.9734865092748732 0.12025462599200495 0.05832967959527887 23-002542
0 0.15000000000000568 0.9009999999999998 0.07147408987531866 0.06047217537942667 23-003624
0 0.21435429529774241 0.8515767284991569 0.027359518082837236 0.023558178752107924 23-011549
0 0.3019999999999925 0.6950000000000003 0.027359518082837236 0.020775716694772427 23-012702
0 0.9509999999999934 0.6939999999999991 0.0581124647650959 0.04655986509274866 23-004534
0 0.2009999999999934 0.6879999999999988 0.09077421503452937 0.07883642495784149 23-002927
0 0.9689999999999941 0.5820000000000007 0.022693553758632343 0.01762225969645876 23-017438
0 0.6140000000000043 0.5670000000000002 0.043054125355162336 0.030421585160202443 23-006814
0 0.9810703651778283 0.5240000000000009 0.04164519660877768 0.03413153456998315 23-006353
0 0.4399999999999977 0.44200000000000017 0.023329821621024077 0.0174367622259697 23-017124
0 0.27199999999999136 0.40500000000000114 0.044114571792481606 0.0348735244519394 23-006233
0 0.022999999999996135 0.29299999999999926 0.02481444663327088 0.020404721753794115 23-013915
0 0.6169999999999902 0.254999999999999 0.030540857394794847 0.020775716694772236 23-011308
0 0.23900000000000432 0.08500000000000096 0.0409332324805239 0.02930860033726793 23-007308
0 0.4490000000000123 0.0730000000000004 0.14825041193723373 0.1196458684654301 23-001913
0 0.0840000000000033 0.01899999999999835 0.040296964618132355 0.031905564924114796 23-006956
