0 0.9379999999999882 0.8999999999999986 0.047720089679367084 0.03839797639123102 23-005626
0 0.8810000000000002 0.7710000000000008 0.04729591110443937 0.035059021922428296 23-005923
0 0.6030000000000086 0.745000000000001 0.06553558982633077 0.04878583473861721 23-004169
0 0.5440000000000111 0.6419999999999995 0.05471903616567428 0.03543001686340639 23-005483
0 0.7150000000000034 0.6350000000000016 0.21314973390117298 0.1795615514333896 23-001268
0 0.4960000000000093 0.597999999999999 0.026299071645517872 0.018178752107925755 23-014941
0 0.10200000000000387 0.4750000000000014 0.024390268058343056 0.01984822934232731 23-014667
0 0.4790000000000134 0.43799999999999883 0.025662803783126138 0.02003372681281618 23-013764
0 0.28899999999998727 0.4250000000000007 0.028419964520156406 0.021888701517706607 23-011882
0 0.3189999999999884 0.402000000000001 0.027995785945228585 0.0209612141652613 23-012345
0 0.08500000000000796 0.379999999999999 0.07783676849923406 0.06659359190556494 23-003366
0 0.5769999999999982 0.2710000000000008 0.022269375183704716 0.018364249578414815 23-017022
0 0.14500000000001023 0.1700000000000017 0.04750800039190313 0.034688026981450334 23-005979
0 0.9730000000000132 0.06299999999999895 0.025662803783126294 0.02021922428330524 23-013635
