0 0.9120000000000061 0.9876273187183807 0.022269375183704716 0.01836424957841484 23-017145
0 0.251254637436772 0.9645682967959518 0.02502653592073479 0.016880269814502538 23-016592
0 0.5600000000000023 0.9599409780775715 0.05577948260299345 0.031905564924114685 23-005916
0 0.5720000000000027 0.9188819561551418 0.05683992904031281 0.03654300168634062 23-005363
0 0.4273136593591926 0.8918819561551443 0.0235419109084877 0.01743676222596965 23-017055
0 0.010236051183674563 0.8109999999999999 0.022519312604084036 0.020404721753794257 23-013656
0 0.6589999999999918 0.7620000000000005 0.045811286092192316 0.03747048903878588 23-005875
0 0.4223136593591972 0.7593136593591898 0.04602337537965628 0.038397976391231 23-005700
0 0.7062546374367561 0.7300000000000004 0.038176071743493634 0.02986509274873521 23-007563
0 0.973254637436752 0.7280000000000015 0.0250265359207346 0.016694772344013453 23-016454
0 0.693000000000012 0.6249409780775707 0.022269375183704716 0.018178752107925755 23-017239
0 0.629627318718391 0.5939409780775718 0.0360551788688551 0.025969645868465487 23-008685
0 0.3048437845367963 0.5842731871838105 0.6706563259809517 0.9145989881956172 23-000089
0 0.5260000000000105 0.2246273187183827 0.03987278604320454 0.03246205733558179 23-006936
0 0.6782546374367645 0.2176863406408105 0.03266175026943348 0.02801011804384488 23-008813
0 0.35362731871838043 0.1529409780775729 0.025874893070590148 0.01984822934232731 23-013711
0 0.48162731871839476 0.15200000000000102 0.02545071449566242 0.019291736930860125 23-014017
0 0.777254637436754 0.08568634064080904 0.03266175026943348 0.023929173693086097 23-009752
