0 0.6090000000000089 0.8769999999999989 0.026511160932981687 0.0224451939291737 23-012187
0 0.24199999999999022 0.7360000000000007 0.07020155415053557 0.05602023608768976 23-003795
0 0.4919999999999902 0.7049999999999983 0.03796398245602972 0.03153456998313667 23-007289
0 0.12700000000000944 0.6920000000000002 0.026511160932981784 0.02114671163575036 23-012801
0 0.03899999999998727 0.593 0.035206821718999644 0.02634064080944342 23-008659
0 0.02340592136444608 0.5309999999999988 0.05149302700178153 0.0443338954468804 23-004924
0 0.49500000000000455 0.36499999999999844 0.04559919680472841 0.039325463743676306 23-005678
0 0.3580000000000041 0.34199999999999875 0.14825041193723373 0.12205733558178751 23-001905
0 0.617999999999995 0.31400000000000006 0.028844143095084134 0.024485666104553282 23-010743
0 0.5829999999999984 0.11100000000000076 0.0988336079581558 0.08161888701517712 23-002755
0 0.3429999999999893 0.06899999999999906 0.028419964520156406 0.021517706576728485 23-012018
0 0.06200000000001182 0.054999999999999605 0.023329821621024077 0.01984822934232712 23-015214
0 0.22681281618887017 0.6838111298482293 0.025295109612141653 0.025295109612141653 
0 0.28246205733558183 0.7748735244519394 0.01854974704890388 0.01854974704890388 
0 0.1610455311973018 0.3389544688026982 0.01854974704890388 0.02023608768971332 
