0 0.6879999999999882 0.8709999999999987 0.28059412731467837 0.23780775716694774 23-000930
0 0.4089999999999918 0.7699999999999996 0.18663857296819109 0.15025295109612147 23-001511
0 0.931999999999988 0.6870000000000012 0.031177125257186484 0.022259696458684634 23-010768
0 0.7959999999999923 0.6539999999999999 0.05641575046538509 0.04655986509274866 23-004622
0 0.33099999999998886 0.6179999999999986 0.2674445914919195 0.2242664418212479 23-000992
0 0.11699999999999022 0.46799999999999997 0.02820787523269269 0.022445193929173792 23-011599
0 0.546999999999997 0.43900000000000006 0.029268321670011862 0.024671163575041958 23-010509
0 0.625 0.36100000000000065 0.025874893070590148 0.02114671163575036 23-013142
0 0.9899265340408029 0.1819999999999986 0.022161625110233535 0.02133220910623942 23-012494
0 0.8480000000000132 0.018000000000000682 0.02735951808283714 0.022445193929173983 23-011974
