0 0.3990000000000009 0.12199999999999986 0.36330894942558123 0.26489038785834734 23-000772
0 0.821156829679598 0.1378431703204052 0.026712876561544186 0.019865092748735245 23-015302
0 0.698372681281612 0.13494097807757224 0.019320872477013456 0.017436762225969602 23-017373
0 0.5593726812816305 0.20700000000000074 0.035418911006463556 0.027268128161888727 23-008591
0 0.7220590219224413 0.2849409780775708 0.023754000195951613 0.019291736930860028 23-015241
0 0.715686340640808 0.3183136593591908 0.035418911006463556 0.028381112984823004 23-008277
0 0.5726863406408074 0.3306863406408101 0.04029696461813222 0.033389544688027004 23-006791
0 0.3234317032040449 0.3626273187183808 0.03308592884436111 0.027082630691399667 23-008915
0 0.27037268128161485 0.5279999999999987 0.04199367891784288 0.03543001686340639 23-006396
0 0.6073726812816322 0.6219999999999999 0.027995785945228585 0.0209612141652613 23-012481
0 0.664999999999992 0.6340000000000003 0.045387107517264685 0.03394603709949409 23-006270
0 0.019968579367360628 0.6553726812816199 0.03993715873472128 0.03654300168634057 23-005904
0 0.790372681281625 0.7926273187183804 0.024178178770879338 0.016880269814502514 23-017041
0 0.19900000000001228 0.8279999999999994 0.25853684141843775 0.20961214165261394 23-001045
