0 0.4590000000000032 0.01699999999999946 0.040084875330668256 0.030792580101180436 23-007214
0 0.49199999999999017 0.13200000000000145 0.1586427870229625 0.12446880269814503 23-001817
0 0.4029999999999916 0.33899999999999864 0.04772008967936704 0.04006745362563246 23-005473
0 0.13945910534104503 0.4711467116357504 0.027995785945228682 0.018920741989882 23-013012
0 0.1519999999999868 0.5109999999999992 0.25535550210647984 0.20404721753794267 23-001079
0 0.6239999999999952 0.6080000000000005 0.3726408780739908 0.2988364249578415 23-000685
0 0.6659999999999968 0.6550000000000011 0.044326661079945325 0.03413153456998315 23-006282
0 0.19300000000001205 0.9890000000000008 0.02735951808283714 0.01984822934232712 23-013268
0 0.05396290050590219 0.4831365935919056 0.02023608768971332 0.01854974704890388 
0 0.013490725126475547 0.47807757166947723 0.016863406408094434 0.01854974704890388 
0 0.11551433389544688 0.3128161888701518 0.021922428330522766 0.021922428330522766 
0 0.12647554806070826 0.32377740303541314 0.0 0.0 
