0 0.7945632296208328 0.7409999999999997 0.45196089483416774 0.4153288364249578 23-000442
0 0.2729999999999962 0.6329999999999991 0.34549344927861775 0.28807757166947723 23-000730
0 0.4089999999999918 0.5139999999999993 0.03181339311957812 0.022816188870151726 23-010439
0 0.09467022054531353 0.3549578414839798 0.02651116093298171 0.021888701517706607 23-012560
0 0.20645743142179088 0.3394519392917369 0.03902442889334908 0.031349072512647416 23-007231
0 0.044999999999987494 0.29799999999999827 0.08144228638611978 0.06622259696458682 23-003310
0 0.3170447221857949 0.2518128161888701 0.030328768107331032 0.02133220910623942 23-011344
0 0.30829488505055186 0.15239460370994928 0.030965035969722575 0.024856661045531022 23-010075
0 0.3505386983967171 0.14037099494097804 0.03753980388110209 0.031163575042158356 23-007474
0 0.929000000000002 0.0062217537942665935 0.02587489307059024 0.01368785834738615 23-013341
0 0.7504215851602024 0.4510961214165261 0.02023608768971332 0.01854974704890388 
