0 0.4452546374367604 0.9165295109612143 0.047748418088467796 0.05042158516020235 17-001164
0 0.8504114671163615 0.6899409780775715 0.028007234068236016 0.03204047217537933 17-003227
0 0.804470489038788 0.5254704890387859 0.02412628642593033 0.024789207419898898 17-005324
0 0.30178414839797374 0.4876273187183813 0.028344707776262634 0.026644182124789324 17-003541
0 0.7057841483979701 0.4053136593591905 0.03154865220386826 0.03575042158516028 17-003189
0 0.0790978077571607 0.3156863406408096 0.019909920874244993 0.02006745362563234 17-005457
0 0.8146273187183789 0.27578414839797627 0.026152156573413406 0.03035413153456998 17-003254
0 0.10925463743676188 0.2733136593591904 0.0242960511792671 0.024620573355817913 17-004466
0 0.10594097807757588 0.17615682967959534 0.022610738437781126 0.02091062394603706 17-003865
0 0.6379409780775724 0.13525463743676203 0.02260868263913415 0.024620573355817913 17-004788
0 0.14794097807757747 0.07231365935919043 0.024464788033280407 0.025969645868465584 17-004053
