0 0.5547453625632396 0.9165295109612143 0.047748418088467796 0.05042158516020235 17-001164
0 0.1495885328836385 0.6899409780775715 0.028007234068236016 0.03204047217537933 17-003227
0 0.19552951096121196 0.5254704890387859 0.02412628642593033 0.024789207419898898 17-005324
0 0.6982158516020263 0.4876273187183813 0.028344707776262634 0.026644182124789324 17-003541
0 0.2942158516020299 0.4053136593591905 0.03154865220386826 0.03575042158516028 17-003189
0 0.9209021922428393 0.3156863406408096 0.019909920874244993 0.02006745362563234 17-005457
0 0.1853726812816211 0.27578414839797627 0.026152156573413406 0.03035413153456998 17-003254
0 0.8907453625632381 0.2733136593591904 0.0242960511792671 0.024620573355817913 17-004466
0 0.8940590219224241 0.17615682967959534 0.022610738437781126 0.02091062394603706 17-003865
0 0.36205902192242756 0.13525463743676203 0.02260868263913415 0.024620573355817913 17-004788
0 0.8520590219224226 0.07231365935919043 0.024464788033280407 0.025969645868465584 17-004053
