0 0.2693136593591771 0.8813136593591906 0.019303496099120587 0.017993254637436742 23-017506
0 0.0876273187183893 0.8350590219224284 0.023386927966242265 0.0224451939291737 23-012230
0 0.4316273187183834 0.8033726812816187 0.029512075766924727 0.02671163575042159 23-008870
0 0.3149409780775648 0.6789999999999998 0.023572538505656906 0.021888701517706607 23-012474
0 0.642313659359196 0.6203136593591905 0.0521565615755086 0.048414839797639185 23-004395
0 0.5363136593592015 0.5913136593591906 0.03378111817346124 0.03134907251264761 23-007247
0 0.4892546374367715 0.5025295109612142 0.035668915139763 0.03436762225969645 23-007930
0 0.5943136593591942 0.36531365935919047 0.021902043650925407 0.0209612141652613 23-013673
0 0.5470978077571642 0.3253726812816189 0.024887658067636924 0.023035413153457137 23-013952
0 0.7032040472175379 0.524451939291737 0.016863406408094434 0.013490725126475547 
