0 0.3383726812816269 0.9684317032040471 0.03211062331872945 0.03064080944350759 23-008151
0 0.43815682967958813 0.9627453625632377 0.02581571076471025 0.02526138279932546 23-012061
0 0.8919999999999959 0.9460000000000002 0.045845803235411466 0.04303541315345699 23-005011
0 0.25899999999998613 0.9369999999999998 0.04510336107775289 0.04173693086003373 23-005124
0 0.4619999999999891 0.7549999999999999 0.02115960149326675 0.019477234401349092 23-014935
0 0.789999999999992 0.7440000000000002 0.0426904240653629 0.037284991568296816 23-005665
0 0.6690000000000111 0.7050000000000001 0.021716433111510648 0.019291736930860028 23-014717
0 0.45400000000000773 0.649 0.11118071310935805 0.10146711635750424 23-002222
0 0.7789999999999964 0.44799999999999995 0.02171643311151067 0.019477234401349186 23-014379
0 0.953000000000003 0.44499999999999984 0.02617108605746159 0.023001686340640787 23-011157
0 0.9420000000000073 0.31000000000000005 0.028212801991022437 0.02671163575042164 23-009230
0 0.5240000000000009 0.20900000000000007 0.04900118240546007 0.04655986509274876 23-004676
0 0.12399999999999523 0.20199999999999996 0.023201317426827673 0.021888701517706607 23-012492
0 0.6870000000000118 0.07500000000000018 0.04974362456311844 0.045075885328836454 23-004657
0 0.5500000000000114 0.05699999999999983 0.046217024314240684 0.03913996627318724 23-005228
0 0.7129999999999939 0.009999999999999676 0.020973990953852276 0.01780775716694763 23-016114
