0 0.6616273187183731 0.03156829679595281 0.03211062331872945 0.03064080944350759 23-008151
0 0.5618431703204119 0.037254637436762265 0.02581571076471025 0.02526138279932546 23-012061
0 0.10800000000000409 0.05399999999999983 0.045845803235411466 0.04303541315345699 23-005011
0 0.7410000000000139 0.06300000000000017 0.04510336107775289 0.04173693086003373 23-005124
0 0.5380000000000109 0.24500000000000008 0.02115960149326675 0.019477234401349092 23-014935
0 0.21000000000000796 0.2559999999999998 0.0426904240653629 0.037284991568296816 23-005665
0 0.33099999999998886 0.29499999999999993 0.021716433111510648 0.019291736930860028 23-014717
0 0.5459999999999923 0.351 0.11118071310935805 0.10146711635750424 23-002222
0 0.22100000000000364 0.552 0.02171643311151067 0.019477234401349186 23-014379
0 0.046999999999997044 0.5550000000000002 0.02617108605746159 0.023001686340640787 23-011157
0 0.057999999999992724 0.69 0.028212801991022437 0.02671163575042164 23-009230
0 0.4759999999999991 0.7909999999999999 0.04900118240546007 0.04655986509274876 23-004676
0 0.8760000000000048 0.798 0.023201317426827673 0.021888701517706607 23-012492
0 0.3129999999999882 0.9249999999999998 0.04974362456311844 0.045075885328836454 23-004657
0 0.44999999999998863 0.9430000000000002 0.046217024314240684 0.03913996627318724 23-005228
0 0.28700000000000614 0.9900000000000003 0.020973990953852276 0.01780775716694763 23-016114
