0 0.5756273187183888 0.030372681281619022 0.022661748538435278 0.019106239460370992 23-014259
0 0.7823136593591824 0.07200000000000006 0.09324752267454495 0.08514333895446882 23-002613
0 0.13700000000000045 0.0950000000000002 0.05758313153208956 0.055834738617200674 23-003924
0 0.820999999999998 0.43784317032040454 0.0232190046500361 0.023018549747048866 23-012746
0 0.918313659359178 0.6256273187183812 0.036593151328456745 0.03320404721753784 23-006605
0 0.7503136593592001 0.6326863406408092 0.02061847612923227 0.01984822934232731 23-014934
0 0.9326273187183882 0.8554704890387859 0.02154723631523364 0.020792580101180506 23-014664
0 0.977313659359204 0.8740000000000001 0.020804228166432546 0.019477234401348995 23-015255
0 0.24399999999999977 0.9729620573355818 0.07857311173572219 0.059483473861720385 23-002982
0 0.09800000000001319 0.9754258010118044 0.07931611988452338 0.05406323777403047 23-003009
