0 0.4243726812816112 0.030372681281619022 0.022661748538435278 0.019106239460370992 23-014259
0 0.2176863406408176 0.07200000000000006 0.09324752267454495 0.08514333895446882 23-002613
0 0.8629999999999995 0.0950000000000002 0.05758313153208956 0.055834738617200674 23-003924
0 0.17900000000000205 0.43784317032040454 0.0232190046500361 0.023018549747048866 23-012746
0 0.08168634064082203 0.6256273187183812 0.036593151328456745 0.03320404721753784 23-006605
0 0.24968634064079986 0.6326863406408092 0.02061847612923227 0.01984822934232731 23-014934
0 0.06737268128161178 0.8554704890387859 0.02154723631523364 0.020792580101180506 23-014664
0 0.022686340640796 0.8740000000000001 0.020804228166432546 0.019477234401348995 23-015255
0 0.7560000000000002 0.9729620573355818 0.07857311173572219 0.059483473861720385 23-002982
0 0.9019999999999868 0.9754258010118044 0.07931611988452338 0.05406323777403047 23-003009
