0 0.8676863406408233 0.8659409780775721 0.02082644887750429 0.01873524451939294 23-015850
0 0.6159021922428467 0.8004704890387857 0.03053423171008977 0.029359190556492453 23-010676
0 0.045059021922420284 0.5996863406408093 0.041306570308501725 0.03787521079258016 23-006352
0 0.20668634064082203 0.47499999999999964 0.04946281608407258 0.04229342327150072 23-004889
0 0.8253726812816216 0.32594097807757205 0.03179752462547534 0.031045531197301992 23-009206
0 0.7200590219224318 0.20699999999999985 0.03068182200703757 0.027453625632377694 23-008605
0 0.2880000000000109 0.20768634064080982 0.025661160224067846 0.02247892074198995 23-012534
0 0.19643170320403536 0.17100000000000026 0.03328512811672563 0.02801011804384488 23-008012
0 0.41668634064080146 0.17268634064080968 0.028078515897349506 0.022445193929173792 23-010749
0 0.2553726812816285 0.14900000000000002 0.023801655860004736 0.022630691399662662 23-011958
0 0.7953726812816204 0.06831365935919087 0.050206617829697826 0.046559865092748565 23-004572
