0 0.1323136593591767 0.8659409780775721 0.02082644887750429 0.01873524451939294 23-015850
0 0.3840978077571533 0.8004704890387857 0.03053423171008977 0.029359190556492453 23-010676
0 0.9549409780775797 0.5996863406408093 0.041306570308501725 0.03787521079258016 23-006352
0 0.793313659359178 0.47499999999999964 0.04946281608407258 0.04229342327150072 23-004889
0 0.1746273187183784 0.32594097807757205 0.03179752462547534 0.031045531197301992 23-009206
0 0.27994097807756824 0.20699999999999985 0.03068182200703757 0.027453625632377694 23-008605
0 0.7119999999999891 0.20768634064080982 0.025661160224067846 0.02247892074198995 23-012534
0 0.8035682967959646 0.17100000000000026 0.03328512811672563 0.02801011804384488 23-008012
0 0.5833136593591985 0.17268634064080968 0.028078515897349506 0.022445193929173792 23-010749
0 0.7446273187183715 0.14900000000000002 0.023801655860004736 0.022630691399662662 23-011958
0 0.20462731871837953 0.06831365935919087 0.050206617829697826 0.046559865092748565 23-004572
