0 0.8676863406408233 0.1340590219224279 0.02082644887750429 0.01873524451939294 23-015850
0 0.6159021922428467 0.19952951096121424 0.03053423171008977 0.029359190556492453 23-010676
0 0.045059021922420284 0.40031365935919067 0.041306570308501725 0.03787521079258016 23-006352
0 0.20668634064082203 0.5250000000000004 0.04946281608407258 0.04229342327150072 23-004889
0 0.8253726812816216 0.674059021922428 0.03179752462547534 0.031045531197301992 23-009206
0 0.7200590219224318 0.7930000000000001 0.03068182200703757 0.027453625632377694 23-008605
0 0.2880000000000109 0.7923136593591902 0.025661160224067846 0.02247892074198995 23-012534
0 0.19643170320403536 0.8289999999999997 0.03328512811672563 0.02801011804384488 23-008012
0 0.41668634064080146 0.8273136593591903 0.028078515897349506 0.022445193929173792 23-010749
0 0.2553726812816285 0.851 0.023801655860004736 0.022630691399662662 23-011958
0 0.7953726812816204 0.9316863406408091 0.050206617829697826 0.046559865092748565 23-004572
