0 0.05905902192243029 0.14158853288364284 0.04239669950063353 0.04364249578414839 23-005574
0 0.43468634064080214 0.23468634064080907 0.047789262156416164 0.03821247892074201 23-004967
0 0.4029999999999916 0.234 0.035330582917194674 0.031720067453625635 23-007025
0 0.38537268128162394 0.30731365935919075 0.025103308914848913 0.021517706576728485 23-011697
0 0.26829510961213665 0.39425463743676203 0.040325671273858825 0.04099494097807758 23-005308
0 0.33099999999998886 0.6520000000000001 0.029194218515787178 0.02801011804384488 23-008772
0 0.532999999999987 0.8140000000000001 0.21291324968520012 0.2083136593591907 23-001092
0 0.115059021922442 0.8340590219224281 0.0295661193885998 0.025413153456998207 23-009357
0 0.18174536256324914 0.9888330522765597 0.026590912406099208 0.02085733558178763 23-010534
0 0.2411467116357504 0.3996627318718381 0.03372681281618887 0.03372681281618887 
