0 0.9199021922428203 0.2783136593591908 0.02434672045607093 0.02281618887015182 23-011015
0 0.911686340640806 0.3336863406408093 0.10543389744236548 0.09905564924114663 23-002306
0 0.5553726812816114 0.46368634064080916 0.021384300186723076 0.01873524451939294 23-015439
0 0.21100000000001273 0.5309814502529506 0.2274173837248906 0.1958853288364249 23-001082
0 0.5466863406407969 0.5450590219224284 0.021570250623129388 0.02003372681281637 23-014443
0 0.08274536256323117 0.5619409780775718 0.04295455080985266 0.04155143338954485 23-005304
0 0.3836863406408144 0.8216863406408097 0.03384297942594438 0.030050590219224366 23-007482
0 0.875 0.8228431703204048 0.0366322359720388 0.02731871838111306 23-008648
0 0.2683726812816053 0.9163136593591907 0.02900826807938106 0.0268971332209107 23-008998
0 0.6780590219224302 0.9500000000000002 0.025847110660474158 0.02021922428330524 23-012291
