0 0.5689999999999884 0.9277647554806072 0.21793391146816976 0.15891753794266414 23-001060
0 0.008763837237068972 0.8576273187183809 0.017527674474137687 0.01854974704890388 23-016886
0 0.5286863406407962 0.8566677908937608 0.1591735735637828 0.14357504215851605 23-001509
0 0.10599999999999454 0.7839999999999998 0.032169425498287774 0.02801011804384488 23-008311
0 0.8480590219224177 0.4629409780775716 0.03161157418906898 0.028566610455312065 23-008078
0 0.3423726812816176 0.4036273187183811 0.030123970697818733 0.027639123102866755 23-008637
0 0.439372681281626 0.400627318718381 0.03849174033610177 0.03505902192242846 23-006248
0 0.046372681281625305 0.38900000000000023 0.024731408042036482 0.023743676222597033 23-011191
0 0.07305902192244029 0.36431365935919025 0.03328512811672563 0.025413153456998207 23-008519
0 0.3010118043844857 0.5033726812816188 0.021922428330522766 0.01854974704890388 
