0 0.43100000000001154 0.9277647554806072 0.21793391146816976 0.15891753794266414 23-001060
0 0.991236162762931 0.8576273187183809 0.017527674474137687 0.01854974704890388 23-016886
0 0.4713136593592037 0.8566677908937608 0.1591735735637828 0.14357504215851605 23-001509
0 0.8940000000000055 0.7839999999999998 0.032169425498287774 0.02801011804384488 23-008311
0 0.15194097807758236 0.4629409780775716 0.03161157418906898 0.028566610455312065 23-008078
0 0.6576273187183824 0.4036273187183811 0.030123970697818733 0.027639123102866755 23-008637
0 0.560627318718374 0.400627318718381 0.03849174033610177 0.03505902192242846 23-006248
0 0.9536273187183747 0.38900000000000023 0.024731408042036482 0.023743676222597033 23-011191
0 0.9269409780775597 0.36431365935919025 0.03328512811672563 0.025413153456998207 23-008519
0 0.6989881956155143 0.5033726812816188 0.021922428330522766 0.01854974704890388 
