0 0.9409409780775697 0.8584114671163572 0.04239669950063353 0.04364249578414839 23-005574
0 0.5653136593591979 0.7653136593591909 0.047789262156416164 0.03821247892074201 23-004967
0 0.5970000000000084 0.766 0.035330582917194674 0.031720067453625635 23-007025
0 0.6146273187183761 0.6926863406408093 0.025103308914848913 0.021517706576728485 23-011697
0 0.7317048903878633 0.605745362563238 0.040325671273858825 0.04099494097807758 23-005308
0 0.6690000000000111 0.34799999999999986 0.029194218515787178 0.02801011804384488 23-008772
0 0.4670000000000129 0.18599999999999994 0.21291324968520012 0.2083136593591907 23-001092
0 0.884940978077558 0.1659409780775719 0.0295661193885998 0.025413153456998207 23-009357
0 0.8182546374367509 0.01116694772344029 0.026590912406099208 0.02085733558178763 23-010534
0 0.7588532883642496 0.6003372681281619 0.03372681281618887 0.03372681281618887 
