0 0.8856273187183911 0.15462731871838148 0.05697904845144864 0.05175379426644182 23-004076
0 0.7619409780775676 0.35625463743676267 0.025137815493286236 0.023962900505902253 23-012645
0 0.5664114671163698 0.3894114671163577 0.02403106552373052 0.021163575042158534 23-014107
0 0.9117841483979731 0.44984317032040455 0.034644809843117894 0.03359190556492404 23-007382
0 0.7789409780775635 0.4930000000000004 0.025137815493286236 0.02337268128161891 23-011288
0 0.5420978077571688 0.6230978077571665 0.023100035320275467 0.01856661045531196 23-016189
0 0.6099409780775807 0.8049409780775713 0.13425455533821737 0.124097807757167 23-001827
0 0.18794097807758373 0.8380590219224286 0.08677201496201012 0.0827318718381113 23-002739
0 0.48599999999999 0.8691357504215852 0.40816364119469134 0.2879013490725127 23-000478
0 0.44325463743675086 0.8855682967959528 0.02327575508637613 0.018364249578414624 23-014896
