0 0.11880500539679861 0.8620000000000001 0.24720575049015747 0.25042158516020235 23-000869
0 0.2543726812816236 0.8240590219224283 0.028117112144342482 0.026374367622259722 23-010121
0 0.17768634064079714 0.6856863406408096 0.038358444382347874 0.030978077571669486 23-006743
0 0.32537268128162167 0.6830590219224283 0.023461961127067027 0.020404721753794305 23-013269
0 0.10400000000001342 0.5419999999999998 0.020110252394628988 0.018178752107925755 23-016669
0 0.5736863406408121 0.5306273187183809 0.02178610676084801 0.019510961214165345 23-017228
0 0.1853726812816069 0.5126863406408095 0.026627463818814166 0.023929173693086097 23-010369
0 0.7050000000000125 0.5099999999999998 0.04450324372515107 0.0398819561551433 23-005330
0 0.2683726812816053 0.40368634064080955 0.029979172551252587 0.023187183811129847 23-009545
0 0.3269999999999982 0.38699999999999957 0.08397892435164508 0.07865092748735242 23-002859
0 0.4816863406407993 0.305177065767285 0.15808892854666656 0.1530354131534572 23-001517
0 0.695999999999998 0.19899999999999984 0.02346196112706712 0.020775716694772236 23-013047
0 0.06800000000001205 0.136 0.024579197371213165 0.023558178752107972 23-011380
0 0.7135673943977244 0.10897976391231023 0.07131691358465632 0.06956155143338945 23-003235
