0 0.3697453625632373 0.9580000000000002 0.04059291687063996 0.037284991568296795 23-005858
0 0.6040590219224179 0.8780000000000001 0.024951609452595246 0.02281618887015177 23-011633
0 0.8429999999999893 0.7690000000000001 0.3316329584706866 0.3123777403035413 23-000656
0 0.5797453625632454 0.6870000000000003 0.06182040550941485 0.0602866779089377 23-003657
0 0.6670590219224345 0.5679999999999996 0.02402057924914019 0.021888701517706607 23-012169
0 0.4380590219224211 0.47894097807757163 0.020110252394628988 0.020623946037099525 23-017163
0 0.05374536256323481 0.4656273187183815 0.02551022757466803 0.022816188870151726 23-011194
0 0.8430590219224222 0.3563726812816186 0.021413694679466026 0.022107925801011827 23-015246
0 0.06537268128163076 0.22478414839797656 0.02048266447601078 0.01875210792580102 23-017247
0 0.6763726812816206 0.21378414839797644 0.020855076557392955 0.01893760539629008 23-016893
0 0.36168634064082306 0.12399999999999967 0.025137815493286236 0.022816188870151726 23-011305
0 0.4313726812816162 0.09799999999999986 0.026255051737432377 0.023001686340640596 23-010897
0 0.9280590219224302 0.09368634064080916 0.03761362021958376 0.03691399662731889 23-006160
0 0.13537268128162394 0.06031365935919086 0.025510227574668122 0.023001686340640596 23-011241
0 0.5759999999999934 0.024470489038786014 0.030351584632634473 0.023794266441821078 23-010896
