0 0.11880500539679861 0.1379999999999999 0.24720575049015747 0.25042158516020235 23-000869
0 0.2543726812816236 0.17594097807757172 0.028117112144342482 0.026374367622259722 23-010121
0 0.17768634064079714 0.31431365935919037 0.038358444382347874 0.030978077571669486 23-006743
0 0.32537268128162167 0.3169409780775717 0.023461961127067027 0.020404721753794305 23-013269
0 0.10400000000001342 0.4580000000000002 0.020110252394628988 0.018178752107925755 23-016669
0 0.5736863406408121 0.46937268128161913 0.02178610676084801 0.019510961214165345 23-017228
0 0.1853726812816069 0.4873136593591904 0.026627463818814166 0.023929173693086097 23-010369
0 0.7050000000000125 0.49000000000000016 0.04450324372515107 0.0398819561551433 23-005330
0 0.2683726812816053 0.5963136593591905 0.029979172551252587 0.023187183811129847 23-009545
0 0.3269999999999982 0.6130000000000004 0.08397892435164508 0.07865092748735242 23-002859
0 0.4816863406407993 0.694822934232715 0.15808892854666656 0.1530354131534572 23-001517
0 0.695999999999998 0.8010000000000002 0.02346196112706712 0.020775716694772236 23-013047
0 0.06800000000001205 0.864 0.024579197371213165 0.023558178752107972 23-011380
0 0.7135673943977244 0.8910202360876898 0.07131691358465632 0.06956155143338945 23-003235
