0 0.17262731871836884 0.9427453625632377 0.04171015311478596 0.04006745362563238 23-005510
0 0.9693136593591942 0.9323136593591907 0.020855076557392955 0.020590219224283317 23-014420
0 0.18262731871838817 0.871059021922428 0.023834373208449153 0.02281618887015177 23-011966
0 0.2293136593591851 0.6340000000000003 0.02569643361535921 0.022259696458684634 23-011440
0 0.7341683566065009 0.5140000000000002 0.584829615465698 0.5830185497470487 23-000243
0 0.25731365935917666 0.2846863406408098 0.02923434838848843 0.02708263069139957 23-008951
0 0.12494097807756713 0.06237268128161899 0.11265465461806035 0.10202360876897133 23-002208
0 0.4339409780775646 0.041313659359190735 0.024579197371213165 0.02207419898819586 23-011831
0 0.5502546374367502 0.041999999999999704 0.04934460078311742 0.04006745362563236 23-004997
0 0.18000000000000682 0.030999999999999694 0.025137815493286142 0.023187183811129847 23-011345
0 0.1467116357504216 0.6913996627318718 0.02023608768971332 0.02023608768971332 
0 0.13406408094435077 0.9561551433389545 0.021922428330522766 0.023608768971332208 
0 0.046374367622259695 0.7858347386172007 0.01854974704890388 0.016863406408094434 
