0 0.11437268128160893 0.15462731871838148 0.05697904845144864 0.05175379426644182 23-004076
0 0.23805902192243245 0.35625463743676267 0.025137815493286236 0.023962900505902253 23-012645
0 0.4335885328836302 0.3894114671163577 0.02403106552373052 0.021163575042158534 23-014107
0 0.08821585160202694 0.44984317032040455 0.034644809843117894 0.03359190556492404 23-007382
0 0.22105902192243654 0.4930000000000004 0.025137815493286236 0.02337268128161891 23-011288
0 0.45790219224283124 0.6230978077571665 0.023100035320275467 0.01856661045531196 23-016189
0 0.39005902192241926 0.8049409780775713 0.13425455533821737 0.124097807757167 23-001827
0 0.8120590219224163 0.8380590219224286 0.08677201496201012 0.0827318718381113 23-002739
0 0.51400000000001 0.8691357504215852 0.40816364119469134 0.2879013490725127 23-000478
0 0.5567453625632491 0.8855682967959528 0.02327575508637613 0.018364249578414624 23-014896
