0 0.2547453625632282 0.011999999999999567 0.022530930923612164 0.019106239460370995 23-014014
0 0.79737268128163 0.16205902192242835 0.02253093092361207 0.02114671163575041 23-013252
0 0.5720000000000027 0.1769999999999996 0.03407570544645464 0.028566610455312016 23-007624
0 0.6330590219224143 0.5469999999999997 0.04319980144031403 0.04062394603709955 23-005344
0 0.5423726812816061 0.6200000000000001 0.02476540341190406 0.021703204047217546 23-011843
0 0.9876863406407994 0.6496863406408092 0.022717136964303074 0.02207419898819567 23-012674
0 0.94174536256324 0.6776863406408097 0.04096532895202194 0.037470489038785686 23-005736
0 0.4007453625632432 0.6846863406408092 0.021972312801539096 0.019106239460371065 23-014463
0 0.979372681281618 0.9386863406408098 0.034075705446454614 0.03079258010118042 23-007398
0 0.08937268128163167 0.9521180438448569 0.04040671082994887 0.03654300168634076 23-005882
0 0.7750000000000057 0.972637436762226 0.09645472907794256 0.060197639123102976 23-002522
