0 0.35994097807758074 0.11878414839797662 0.0428483619081128 0.0430860033726813 23-005837
0 0.9375682967959508 0.27974536256323745 0.025137815493286236 0.0224451939291737 23-011694
0 0.1104114671163525 0.2913136593591907 0.032968955476898924 0.032124789207419915 23-008118
0 0.14162731871839135 0.3849999999999998 0.08546857267717306 0.08106239460370994 23-002791
0 0.3403136593592035 0.40500000000000025 0.052696309515555456 0.04748735244519397 23-004434
0 0.6853136593592024 0.42768634064080957 0.01955163427255592 0.017993254637436788 23-017528
0 0.6630000000000109 0.6550000000000002 0.10874432776354914 0.09534569983136587 23-002311
0 0.44431365935918854 0.6806273187183812 0.028489524225724275 0.024300168634064218 23-009661
0 0.838313659359194 0.8457453625632382 0.030165378591943293 0.02782462057335582 23-008614
0 0.7299999999999898 0.9188473861720069 0.20631629308563765 0.17853575042158473 23-001199
