0 0.6302546374367627 0.041999999999999815 0.04059291687063996 0.037284991568296795 23-005858
0 0.3959409780775821 0.12199999999999989 0.024951609452595246 0.02281618887015177 23-011633
0 0.1570000000000107 0.23099999999999987 0.3316329584706866 0.3123777403035413 23-000656
0 0.4202546374367547 0.3129999999999997 0.06182040550941485 0.0602866779089377 23-003657
0 0.3329409780775655 0.4320000000000004 0.02402057924914019 0.021888701517706607 23-012169
0 0.5619409780775789 0.5210590219224284 0.020110252394628988 0.020623946037099525 23-017163
0 0.9462546374367652 0.5343726812816185 0.02551022757466803 0.022816188870151726 23-011194
0 0.15694097807757781 0.6436273187183814 0.021413694679466026 0.022107925801011827 23-015246
0 0.9346273187183692 0.7752158516020234 0.02048266447601078 0.01875210792580102 23-017247
0 0.3236273187183793 0.7862158516020236 0.020855076557392955 0.01893760539629008 23-016893
0 0.6383136593591769 0.8760000000000003 0.025137815493286236 0.022816188870151726 23-011305
0 0.5686273187183838 0.9020000000000001 0.026255051737432377 0.023001686340640596 23-010897
0 0.07194097807756986 0.9063136593591908 0.03761362021958376 0.03691399662731889 23-006160
0 0.8646273187183761 0.9396863406408091 0.025510227574668122 0.023001686340640596 23-011241
0 0.4240000000000066 0.975529510961214 0.030351584632634473 0.023794266441821078 23-010896
