0 0.17262731871836884 0.05725463743676228 0.04171015311478596 0.04006745362563238 23-005510
0 0.9693136593591942 0.06768634064080928 0.020855076557392955 0.020590219224283317 23-014420
0 0.18262731871838817 0.12894097807757202 0.023834373208449153 0.02281618887015177 23-011966
0 0.2293136593591851 0.36599999999999966 0.02569643361535921 0.022259696458684634 23-011440
0 0.7341683566065009 0.48599999999999977 0.584829615465698 0.5830185497470487 23-000243
0 0.25731365935917666 0.7153136593591902 0.02923434838848843 0.02708263069139957 23-008951
0 0.12494097807756713 0.937627318718381 0.11265465461806035 0.10202360876897133 23-002208
0 0.4339409780775646 0.9586863406408093 0.024579197371213165 0.02207419898819586 23-011831
0 0.5502546374367502 0.9580000000000003 0.04934460078311742 0.04006745362563236 23-004997
0 0.18000000000000682 0.9690000000000003 0.025137815493286142 0.023187183811129847 23-011345
0 0.1467116357504216 0.3086003372681282 0.02023608768971332 0.02023608768971332 
0 0.13406408094435077 0.04384485666104553 0.021922428330522766 0.023608768971332208 
0 0.046374367622259695 0.21416526138279932 0.01854974704890388 0.016863406408094434 
