0 0.3299409780775796 0.8633726812816191 0.049427599239926616 0.045446880269814485 23-004710
0 0.11331365935919965 0.7736273187183813 0.0210766743928744 0.017807757166947727 23-016014
0 0.5717841483979699 0.6205295109612146 0.029477707760617398 0.03158516020236081 23-009415
0 0.23031365935918988 0.6073136593591906 0.02424750151392627 0.02263069139966276 23-011764
0 0.7613136593591958 0.3899409780775712 0.11004635302474235 0.09887015177065767 23-002260
0 0.8193136593591885 0.20209780775716712 0.025568471128982192 0.022833052276559802 23-013460
0 0.5730978077571747 0.15331365935919083 0.023136053518513486 0.02247892074198995 23-015288
0 0.6311568296796003 0.1436273187183814 0.022203457306439314 0.020067453625632243 23-017613
0 0.7653136593591865 0.10899999999999987 0.043085944997822805 0.038397976391231 23-005536
0 0.6679409780775735 0.09762731871838115 0.0221957898473633 0.01873524451939275 23-014763
0 0.6016273187183709 0.06399999999999995 0.0345060598467413 0.02634064080944371 23-007694
0 0.5846273187183749 0.04994097807757125 0.03711732924054872 0.0304215851602023 23-006996
0 0.6376273187183722 0.02862731871838109 0.0270452901501485 0.023001686340640596 23-010763
