0 0.9520146328227425 0.984224704890388 0.04568187947347814 0.031550590219223934 23-004813
0 0.3439999999999941 0.9411973018549746 0.21095326317115864 0.12936593591905593 23-001158
0 0.7963726812816252 0.9210590219224287 0.031148713483274533 0.02689713322091065 23-008551
0 0.965372681281608 0.782 0.050173676209585925 0.04674536256323782 23-004569
0 0.8533726812816131 0.5860000000000003 0.022568828332192935 0.018735244519392843 23-014245
0 0.5513726812816206 0.2720590219224287 0.028723963331881933 0.027639123102866755 23-008923
0 0.9619999999999891 0.09100000000000008 0.07703244711731966 0.07160202360876904 23-003104
0 0.30443170320403945 0.06200000000000028 0.09941475620709778 0.09553119730185475 23-002430
0 0.8920741989881956 0.9721753794266442 0.023608768971332208 0.021922428330522766 
0 0.5497470489038786 0.7655986509274874 0.02023608768971332 0.016863406408094434 
0 0.49409780775716694 0.5 0.023608768971332208 0.01854974704890388 
