0 0.04798536717725755 0.015775295109611967 0.04568187947347814 0.031550590219223934 23-004813
0 0.6560000000000059 0.05880269814502542 0.21095326317115864 0.12936593591905593 23-001158
0 0.20362731871837475 0.0789409780775713 0.031148713483274533 0.02689713322091065 23-008551
0 0.034627318718392024 0.21799999999999994 0.050173676209585925 0.04674536256323782 23-004569
0 0.1466273187183868 0.4139999999999997 0.022568828332192935 0.018735244519392843 23-014245
0 0.4486273187183793 0.7279409780775713 0.028723963331881933 0.027639123102866755 23-008923
0 0.038000000000010914 0.9089999999999999 0.07703244711731966 0.07160202360876904 23-003104
0 0.6955682967959606 0.9379999999999997 0.09941475620709778 0.09553119730185475 23-002430
0 0.10792580101180438 0.02782462057335582 0.023608768971332208 0.021922428330522766 
0 0.4502529510961214 0.23440134907251264 0.02023608768971332 0.016863406408094434 
0 0.5059021922428331 0.5 0.023608768971332208 0.01854974704890388 
