0 0.9073136593591824 0.04837268128161882 0.02591083977750749 0.023153456998313667 23-008992
0 0.4584317032040358 0.10299999999999976 0.028910482574296844 0.025413153456998325 23-009542
0 0.8643136593592045 0.1913726812816186 0.08038979348078633 0.07661045531197302 23-002962
0 0.25937268128161906 0.20105902192242806 0.04215334878574882 0.03784148397976391 23-005651
0 0.40805902192241994 0.23143170320404707 0.022755347574607846 0.02021922428330524 23-013689
0 0.7667453625632287 0.27011804384485644 0.0221957898473633 0.02021922428330524 23-014029
0 0.8736863406408235 0.4466863406408097 0.1156419302971869 0.11000000000000003 23-002117
0 0.46568634064080805 0.49343170320404756 0.02033059742321496 0.018364249578414815 23-016513
0 0.9930065818872816 0.8730000000000001 0.015385519847980334 0.019291736930860125 23-016052
0 0.6920590219224402 0.9180590219224285 0.06733344651174918 0.06362563237774034 23-003456
0 0.3259999999999934 0.926 0.051852349391319406 0.048229342327149934 23-004432
