0 0.09268634064081763 0.9516273187183811 0.02591083977750749 0.023153456998313667 23-008992
0 0.5415682967959642 0.8970000000000002 0.028910482574296844 0.025413153456998325 23-009542
0 0.13568634064079557 0.8086273187183814 0.08038979348078633 0.07661045531197302 23-002962
0 0.740627318718381 0.7989409780775719 0.04215334878574882 0.03784148397976391 23-005651
0 0.5919409780775801 0.768568296795953 0.022755347574607846 0.02021922428330524 23-013689
0 0.23325463743677133 0.7298819561551435 0.0221957898473633 0.02021922428330524 23-014029
0 0.12631365935917646 0.5533136593591903 0.1156419302971869 0.11000000000000003 23-002117
0 0.534313659359192 0.5065682967959524 0.02033059742321496 0.018364249578414815 23-016513
0 0.0069934181127183324 0.1269999999999999 0.015385519847980334 0.019291736930860125 23-016052
0 0.3079409780775598 0.0819409780775715 0.06733344651174918 0.06362563237774034 23-003456
0 0.6740000000000066 0.07399999999999995 0.051852349391319406 0.048229342327149934 23-004432
