0 0.5169999999999959 0.009992411467116194 0.030589155756030086 0.021983305227655636 23-008373
0 0.286686340640806 0.02605902192242824 0.02648573242290396 0.023929173693086 23-010547
0 0.41637268128162985 0.1689999999999996 0.055769253482030434 0.04860033726812815 23-004247
0 0.5409999999999968 0.2789999999999999 0.16450997180986918 0.14598650927487358 23-001524
0 0.5219999999999914 0.2789999999999999 0.1132171801457943 0.10684654300168636 23-002156
0 0.601059021922432 0.3879999999999999 0.02294186681702247 0.01854974704890388 23-014481
0 0.12568634064080475 0.6586863406408094 0.1022125448433202 0.09553119730185494 23-002395
0 0.37468634064079986 0.759372681281619 0.02051711666562987 0.018178752107925945 23-016566
0 0.8750590219224329 0.8810590219224287 0.04140727181608952 0.03543001686340639 23-005881
0 0.48937268128160893 0.9674114671163573 0.02724714431071543 0.0286172006745363 23-011564
