0 0.9710000000000036 0.9851172006745365 0.05326379937290877 0.03274215851601988 23-004292
0 0.9720000000000084 0.9039999999999999 0.04840464574590655 0.043962900505902194 23-004844
0 0.367999999999995 0.6340000000000003 0.09550105782300475 0.08365935919055652 23-002608
0 0.7470000000000141 0.46199999999999974 0.3489246085235814 0.33964586846543 23-000595
0 0.6450000000000102 0.45399999999999974 0.023735096562664638 0.021888701517706607 23-012398
0 0.14799999999999613 0.38900000000000023 0.022426862893856245 0.02133220910623942 23-013336
0 0.4263824325412887 0.3486559865092749 0.938041351590835 0.7670431703204047 23-000074
0 0.47700000000000387 0.21799999999999997 0.020557957652701558 0.018920741989882 23-015784
0 0.5060000000000002 0.2140000000000004 0.023548206038549208 0.01854974704890388 23-014137
0 0.7090000000000032 0.14499999999999957 0.0228006439420872 0.019477234401349186 23-014167
0 0.29699999999999704 0.025904721753794213 0.10727516084227945 0.05699038785834738 23-002412
