0 0.7920000000000016 0.18805902192242815 0.19959907975532112 0.1890219224283305 23-001203
0 0.3683136593591951 0.2613136593591905 0.031771389099629774 0.02819561551433394 23-008253
0 0.09794097807758032 0.3676863406408091 0.09961264935354514 0.09163575042158512 23-002470
0 0.2056273187183843 0.539313659359191 0.025043330231472916 0.023743676222597033 23-011087
0 0.03231365935918237 0.7536273187183807 0.02691223547262758 0.024300168634064218 23-010334
0 0.019238866333644855 0.8159999999999998 0.042325505934018695 0.06232715008431709 23-003543
0 0.11962731871837157 0.8860590219224285 0.03775188587132484 0.03227655986509292 23-006627
0 0.1636273187183827 0.8920590219224279 0.021679300797394427 0.01854974704890388 23-015648
0 0.1846273187183693 0.9266863406408092 0.032705841720207116 0.027639123102866564 23-008138
0 0.29400000000001114 0.9900000000000003 0.02261375341797177 0.019477234401348995 23-014170
