0 0.34600000000000364 0.013900505902192132 0.055880266710525275 0.02687116357504192 23-004190
0 0.0927453625632505 0.17168634064080934 0.09624861991946686 0.09237774030354134 23-002499
0 0.4584317032040358 0.7093136593591908 0.034014075389015415 0.03246205733558179 23-007099
0 0.5425885328836391 0.7356273187183809 0.028224795065206112 0.024333895446880187 23-011609
0 0.7170590219224174 0.7543136593591907 0.052142456228216 0.049713322091062426 23-004364
0 0.5390590219224202 0.7898431703204044 0.061121853233299044 0.05344013490725136 23-004075
0 0.7893726812816202 0.826881956155143 0.0598049677169502 0.05212478920742004 23-004016
0 0.5123726812816051 0.8409409780775717 0.029715593334359656 0.024671163575041958 23-009371
0 0.1395885328836476 0.9077841483979763 0.022431188817626718 0.019494097807757075 23-016789
0 0.3912310286677909 0.7504215851602024 0.04047217537942664 0.03709949409780776 
0 0.975548060708263 0.35497470489038785 0.025295109612141653 0.025295109612141653 
