0 0.28600000000000136 0.9509999999999996 0.10465869350466285 0.09516020236087688 23-002376
0 0.6539999999999964 0.8079999999999998 0.026725344948512197 0.023743676222596984 23-010599
0 0.2560000000000002 0.6900000000000004 0.04242414897421151 0.03543001686340639 23-005884
0 0.5449999999999875 0.6849999999999996 0.40069328370356644 0.36060708263069147 23-000516
0 0.9656410471119815 0.43400000000000016 0.07558969635364056 0.07698145025295106 23-002915
0 0.1699999999999875 0.4039999999999999 0.02093173870093261 0.020219224283305436 23-014626
0 0.09399999999999409 0.3550000000000004 0.04261103949832702 0.03376053962900503 23-006090
0 0.3170000000000073 0.3129999999999997 0.03214517014786073 0.025969645868465393 23-008723
0 0.09000000000000341 0.3099999999999996 0.03775188587132484 0.03153456998313648 23-006727
0 0.4619999999999891 0.2789999999999999 0.025043330231472843 0.023187183811129847 23-011362
0 0.2609999999999956 0.1641441821247892 0.4640491713787105 0.3611172006745364 23-000389
0 0.5889999999999986 0.14400000000000013 0.15624047816053235 0.1409780775716694 23-001605
0 0.7779999999999916 0.1200000000000001 0.04485372578771268 0.04099494097807758 23-005217
0 0.9799999999999898 0.08999999999999986 0.030276264906706044 0.02782462057335582 23-008500
0 0.8799999999999955 0.03500000000000014 0.02822046914143564 0.027268128161888824 23-009113
