0 0.028999999999996362 0.9851172006745365 0.05326379937290877 0.03274215851601988 23-004292
0 0.027999999999991587 0.9039999999999999 0.04840464574590655 0.043962900505902194 23-004844
0 0.632000000000005 0.6340000000000003 0.09550105782300475 0.08365935919055652 23-002608
0 0.2529999999999859 0.46199999999999974 0.3489246085235814 0.33964586846543 23-000595
0 0.35499999999998977 0.45399999999999974 0.023735096562664638 0.021888701517706607 23-012398
0 0.8520000000000039 0.38900000000000023 0.022426862893856245 0.02133220910623942 23-013336
0 0.5736175674587113 0.3486559865092749 0.938041351590835 0.7670431703204047 23-000074
0 0.5229999999999961 0.21799999999999997 0.020557957652701558 0.018920741989882 23-015784
0 0.49399999999999983 0.2140000000000004 0.023548206038549208 0.01854974704890388 23-014137
0 0.2909999999999968 0.14499999999999957 0.0228006439420872 0.019477234401349186 23-014167
0 0.703000000000003 0.025904721753794213 0.10727516084227945 0.05699038785834738 23-002412
