0 0.6539999999999964 0.9860994940978078 0.055880266710525275 0.02687116357504192 23-004190
0 0.9072546374367495 0.8283136593591907 0.09624861991946686 0.09237774030354134 23-002499
0 0.5415682967959642 0.2906863406408092 0.034014075389015415 0.03246205733558179 23-007099
0 0.45741146711636094 0.26437268128161906 0.028224795065206112 0.024333895446880187 23-011609
0 0.28294097807758256 0.2456863406408093 0.052142456228216 0.049713322091062426 23-004364
0 0.46094097807757983 0.2101568296795956 0.061121853233299044 0.05344013490725136 23-004075
0 0.21062731871837975 0.17311804384485696 0.0598049677169502 0.05212478920742004 23-004016
0 0.48762731871839493 0.15905902192242827 0.029715593334359656 0.024671163575041958 23-009371
0 0.8604114671163524 0.09221585160202372 0.022431188817626718 0.019494097807757075 23-016789
0 0.6087689713322091 0.2495784148397976 0.04047217537942664 0.03709949409780776 
0 0.024451939291736932 0.6450252951096122 0.025295109612141653 0.025295109612141653 
