0 0.2079999999999984 0.8119409780775718 0.19959907975532112 0.1890219224283305 23-001203
0 0.6316863406408049 0.7386863406408095 0.031771389099629774 0.02819561551433394 23-008253
0 0.9020590219224197 0.6323136593591909 0.09961264935354514 0.09163575042158512 23-002470
0 0.7943726812816156 0.46068634064080904 0.025043330231472916 0.023743676222597033 23-011087
0 0.9676863406408176 0.24637268128161927 0.02691223547262758 0.024300168634064218 23-010334
0 0.9807611336663551 0.18400000000000016 0.042325505934018695 0.06232715008431709 23-003543
0 0.8803726812816284 0.11394097807757153 0.03775188587132484 0.03227655986509292 23-006627
0 0.8363726812816172 0.10794097807757208 0.021679300797394427 0.01854974704890388 23-015648
0 0.8153726812816307 0.07331365935919076 0.032705841720207116 0.027639123102866564 23-008138
0 0.7059999999999889 0.009999999999999676 0.02261375341797177 0.019477234401348995 23-014170
