0 0.7139999999999986 0.04900000000000038 0.10465869350466285 0.09516020236087688 23-002376
0 0.34600000000000364 0.19200000000000017 0.026725344948512197 0.023743676222596984 23-010599
0 0.7439999999999998 0.3099999999999996 0.04242414897421151 0.03543001686340639 23-005884
0 0.4550000000000125 0.3150000000000004 0.40069328370356644 0.36060708263069147 23-000516
0 0.03435895288801849 0.5659999999999998 0.07558969635364056 0.07698145025295106 23-002915
0 0.8300000000000125 0.5960000000000001 0.02093173870093261 0.020219224283305436 23-014626
0 0.9060000000000059 0.6449999999999996 0.04261103949832702 0.03376053962900503 23-006090
0 0.6829999999999927 0.6870000000000003 0.03214517014786073 0.025969645868465393 23-008723
0 0.9099999999999966 0.6900000000000004 0.03775188587132484 0.03153456998313648 23-006727
0 0.5380000000000109 0.7210000000000001 0.025043330231472843 0.023187183811129847 23-011362
0 0.7390000000000043 0.8358558178752108 0.4640491713787105 0.3611172006745364 23-000389
0 0.41100000000000136 0.8559999999999999 0.15624047816053235 0.1409780775716694 23-001605
0 0.2220000000000084 0.8799999999999999 0.04485372578771268 0.04099494097807758 23-005217
0 0.020000000000010232 0.9100000000000001 0.030276264906706044 0.02782462057335582 23-008500
0 0.12000000000000455 0.9649999999999999 0.02822046914143564 0.027268128161888824 23-009113
