0 0.38568634064079566 0.06837268128161927 0.02653845442439648 0.02003372681281618 23-012141
0 0.5846863406408078 0.07237268128161885 0.06017874876518113 0.05564924114671164 23-003861
0 0.8706863406408092 0.07831365935919063 0.028968031237897745 0.021703204047217546 23-010308
0 0.7706863406408149 0.10325463743676254 0.031397608051398844 0.027453625632377743 23-008372
0 0.10168634064080384 0.1639999999999997 0.16521122331807495 0.15489038785834738 23-001472
0 0.7946863406408158 0.1585682967959526 0.034014075389015415 0.03042158516020235 23-007455
0 0.5109999999999957 0.25500000000000006 0.83820400065788 0.5610000000000002 23-000122
0 0.878686340640819 0.3385682967959532 0.09736996306415954 0.08569983136593591 23-002564
0 0.2596863406408193 0.3979999999999997 0.02616467337616562 0.02337268128161891 23-010831
0 0.2586863406408144 0.47637268128161875 0.02653845442439648 0.023558178752107972 23-010738
0 0.8356863406408126 0.49099999999999966 0.029902483858475087 0.027453625632377694 23-008757
0 0.9438353716197064 0.5098819561551433 0.11232925676058708 0.15730185497470503 23-001390
0 0.7133726812816268 0.5406273187183807 0.14951241929237546 0.13875210792580098 23-001656
0 0.4603726812816126 0.5496273187183811 0.06485101186806785 0.0602866779089376 23-003585
0 0.1403726812816194 0.5586273187183814 0.06092631086164295 0.05397976391231027 23-003888
0 0.05483065352740746 0.6070000000000002 0.12062743776029629 0.18568296795952785 23-001206
0 0.8189999999999884 0.6319409780775712 0.030276264906706044 0.028566610455312065 23-008406
0 0.982686340640804 0.681 0.022613753417971793 0.01873524451939294 23-014661
0 0.8637453625632371 0.6820000000000004 0.02111862922504804 0.01966273187183825 23-014764
0 0.5949999999999989 0.9580000000000003 0.08821232738250162 0.08588532883642506 23-002677
0 0.4399999999999977 0.9850000000000004 0.01887594293566259 0.018364249578414624 23-017614
