0 0.8054317032040442 0.10184317032040559 0.03961158878517589 0.03608768971332209 17-001922
0 0.9673726812816176 0.1075295109612146 0.026191719176643313 0.027993254637436765 17-003703
0 0.7255295109612132 0.14705902192242779 0.03295365437481967 0.030016863406408065 17-002858
0 0.8030590219224302 0.17694097807757206 0.02683973921706525 0.0274873524451939 17-004779
0 0.38537268128162394 0.2801568296795959 0.0339919749752072 0.036424957841484015 17-002473
0 0.14484317032041016 0.30568634064080974 0.029954701018227718 0.03170320404721746 17-002346
0 0.9729434206248533 0.43762731871838184 0.054113158750293426 0.08583473861720063 17-000560
0 0.9686863406408082 0.48721585160202413 0.02874608909026544 0.02563237774030362 17-003212
0 0.7882748735244482 0.5213726812816196 0.048279873856552545 0.04266441821247904 17-001275
0 0.2807453625632387 0.7751568296795951 0.028712943820388352 0.03204047217537943 17-003730
