0 0.19456829679595575 0.8981568296795944 0.03961158878517589 0.03608768971332209 17-001922
0 0.032627318718382474 0.8924704890387853 0.026191719176643313 0.027993254637436765 17-003703
0 0.27447048903878685 0.8529409780775722 0.03295365437481967 0.030016863406408065 17-002858
0 0.19694097807756986 0.823059021922428 0.02683973921706525 0.0274873524451939 17-004779
0 0.6146273187183761 0.7198431703204041 0.0339919749752072 0.036424957841484015 17-002473
0 0.8551568296795898 0.6943136593591903 0.029954701018227718 0.03170320404721746 17-002346
0 0.027056579375146713 0.5623726812816181 0.054113158750293426 0.08583473861720063 17-000560
0 0.03131365935919181 0.5127841483979758 0.02874608909026544 0.02563237774030362 17-003212
0 0.2117251264755517 0.4786273187183804 0.048279873856552545 0.04266441821247904 17-001275
0 0.7192546374367613 0.2248431703204049 0.028712943820388352 0.03204047217537943 17-003730
