0 0.18652951096121162 0.7606273187183805 0.022972756587660535 0.02293423271500847 17-003975
0 0.3513726812816179 0.7407841483979756 0.038452694762029616 0.04047217537942664 17-001589
0 0.6303726812816142 0.336843170320405 0.04134764733080123 0.04266441821247884 17-001401
0 0.979372681281618 0.2998431703204042 0.04114421073334921 0.0409780775716694 17-001593
0 0.6276863406408142 0.26768634064080943 0.029394109130687452 0.0323777403035412 17-003783
0 0.9785944494805768 0.18566610455311972 0.021269843311912496 0.023946037099493982 17-004904
0 0.319902192242826 0.1079409780775713 0.03346452835754423 0.03204047217537943 17-002971
0 0.8698043844856702 0.0726762225969646 0.1824197220806862 0.14197976391231013 17-000142
0 0.49237268128162326 0.04809780775716721 0.024796243286167512 0.02563237774030362 17-005349
0 0.13827993254637438 0.43929173693086 0.02023608768971332 0.021922428330522766 
