0 0.8846273187183864 0.9169999999999998 0.14667192044018296 0.13596964586846547 23-001699
0 0.263627318718377 0.8640590219224283 0.027161466748182067 0.024671163575042152 23-010098
0 0.33262731871839385 0.8249999999999993 0.021167212017548728 0.01984822934232717 23-014766
0 0.4490000000000123 0.734 0.13093700177227074 0.12001686340640812 23-001916
0 0.7563136593592004 0.5623726812816181 0.03128251687549235 0.028381112984823004 23-008195
0 0.7593136593591862 0.34299999999999997 0.022291134779542483 0.020404721753794115 23-013849
0 0.6906273187183695 0.2913726812816192 0.04533155140041427 0.04155143338954485 23-005188
0 0.43231365935918803 0.23531365935919069 0.022291134779542483 0.02003372681281637 23-014064
0 0.8433136593591894 0.15431365935919106 0.16128291634610162 0.1480269814502531 23-001527
0 0.5370000000000061 0.09305902192242754 0.025288262144859297 0.02225969645868473 23-011502
0 0.9123136593591779 0.05074536256323836 0.025288262144859106 0.024300168634064218 23-010855
0 0.9854168605924105 0.026686340640809658 0.028372957286915898 0.028566610455312065 23-008380
0 0.12600000000000477 0.019000000000000128 0.03858801482845176 0.029865092748735306 23-006909
0 0.08699999999998909 0.00885413153456982 0.025100941684526878 0.01947908937605342 23-011149
