0 0.1153726812816136 0.9169999999999998 0.14667192044018296 0.13596964586846547 23-001699
0 0.7363726812816229 0.8640590219224283 0.027161466748182067 0.024671163575042152 23-010098
0 0.6673726812816061 0.8249999999999993 0.021167212017548728 0.01984822934232717 23-014766
0 0.5509999999999877 0.734 0.13093700177227074 0.12001686340640812 23-001916
0 0.24368634064079964 0.5623726812816181 0.03128251687549235 0.028381112984823004 23-008195
0 0.24068634064081385 0.34299999999999997 0.022291134779542483 0.020404721753794115 23-013849
0 0.30937268128163053 0.2913726812816192 0.04533155140041427 0.04155143338954485 23-005188
0 0.5676863406408119 0.23531365935919069 0.022291134779542483 0.02003372681281637 23-014064
0 0.15668634064081055 0.15431365935919106 0.16128291634610162 0.1480269814502531 23-001527
0 0.46299999999999386 0.09305902192242754 0.025288262144859297 0.02225969645868473 23-011502
0 0.08768634064082215 0.05074536256323836 0.025288262144859106 0.024300168634064218 23-010855
0 0.014583139407589485 0.026686340640809658 0.028372957286915898 0.028566610455312065 23-008380
0 0.8739999999999952 0.019000000000000128 0.03858801482845176 0.029865092748735306 23-006909
0 0.9130000000000109 0.00885413153456982 0.025100941684526878 0.01947908937605342 23-011149
