0 0.7783726812816245 0.1806273187183804 0.08073511840321702 0.07605396290050594 23-002968
0 0.8849999999999909 0.19074536256323704 0.033155721478815355 0.023743676222596984 23-009017
0 0.9566863406408219 0.32268634064080914 0.027348787208514344 0.02263069139966276 23-010709
0 0.8090590219224304 0.5600000000000005 0.026786825827517464 0.024856661045531022 23-010139
0 0.986803345211961 0.577 0.029032640533685882 0.04006745362563236 23-005006
0 0.861215851602023 0.5876273187183804 0.024914077722013407 0.024890387858347372 23-012778
0 0.9456863406407978 0.6743726812816182 0.01985596879522274 0.0174367622259697 23-017494
0 0.9602748735244453 0.7596273187183811 0.030908332452646695 0.029898819561551465 23-008999
0 0.4036863406407962 0.8674907251264746 0.12943843808961233 0.11760539629005051 23-001982
0 0.6670000000000016 0.8970000000000002 0.11426548080269695 0.10053962900505893 23-002213
0 0.1867453625632446 0.8972546374367623 0.09946716443644593 0.09107925801011803 23-002486
