0 0.1349999999999909 0.11899999999999977 0.06293967467164946 0.0608431703204047 23-003629
0 0.4626273187183893 0.1879409780775713 0.025288262144859106 0.023777403035413144 23-012785
0 0.625 0.20899999999999963 0.14049034524921744 0.13244519392917364 23-001777
0 0.5849409780775752 0.4580000000000002 0.029596632732501665 0.027082630691399764 23-008908
0 0.6653136593591922 0.46937268128161813 0.0451442309400818 0.04043844856661048 23-005231
0 0.588313659359194 0.48231365935919057 0.03783873298712261 0.034873524451939204 23-006398
0 0.584470489038775 0.5161568296795948 0.028473166468326764 0.0278414839797639 23-009860
0 0.6516273187183822 0.5366273187183803 0.0331557214788155 0.02949409780775718 23-007724
0 0.5976273187183802 0.5456273187183805 0.03933729666978102 0.03413153456998315 23-006281
0 0.11400000000000432 0.6150000000000002 0.0754901455139129 0.07160202360876904 23-003136
0 0.392313659359196 0.6990590219224292 0.034654285161473716 0.031349072512647416 23-007185
0 0.09609780775717082 0.8115295109612134 0.036715266722947705 0.03377740303541311 23-007017
0 0.2599999999999909 0.8379999999999992 0.024913621224194646 0.02207419898819567 23-011932
