0 0.22162731871837543 0.1806273187183804 0.08073511840321702 0.07605396290050594 23-002968
0 0.1150000000000091 0.19074536256323704 0.033155721478815355 0.023743676222596984 23-009017
0 0.04331365935917805 0.32268634064080914 0.027348787208514344 0.02263069139966276 23-010709
0 0.19094097807756963 0.5600000000000005 0.026786825827517464 0.024856661045531022 23-010139
0 0.013196654788039037 0.577 0.029032640533685882 0.04006745362563236 23-005006
0 0.13878414839797706 0.5876273187183804 0.024914077722013407 0.024890387858347372 23-012778
0 0.054313659359202154 0.6743726812816182 0.01985596879522274 0.0174367622259697 23-017494
0 0.03972512647555466 0.7596273187183811 0.030908332452646695 0.029898819561551465 23-008999
0 0.5963136593592038 0.8674907251264746 0.12943843808961233 0.11760539629005051 23-001982
0 0.3329999999999984 0.8970000000000002 0.11426548080269695 0.10053962900505893 23-002213
0 0.8132546374367554 0.8972546374367623 0.09946716443644593 0.09107925801011803 23-002486
