0 0.8650000000000091 0.8810000000000002 0.06293967467164946 0.0608431703204047 23-003629
0 0.5373726812816106 0.8120590219224287 0.025288262144859106 0.023777403035413144 23-012785
0 0.375 0.7910000000000004 0.14049034524921744 0.13244519392917364 23-001777
0 0.41505902192242483 0.5419999999999998 0.029596632732501665 0.027082630691399764 23-008908
0 0.3346863406408078 0.5306273187183819 0.0451442309400818 0.04043844856661048 23-005231
0 0.411686340640806 0.5176863406408094 0.03783873298712261 0.034873524451939204 23-006398
0 0.41552951096122503 0.48384317032040525 0.028473166468326764 0.0278414839797639 23-009860
0 0.3483726812816178 0.4633726812816197 0.0331557214788155 0.02949409780775718 23-007724
0 0.40237268128161985 0.45437268128161945 0.03933729666978102 0.03413153456998315 23-006281
0 0.8859999999999957 0.3849999999999998 0.0754901455139129 0.07160202360876904 23-003136
0 0.607686340640804 0.3009409780775708 0.034654285161473716 0.031349072512647416 23-007185
0 0.9039021922428292 0.1884704890387866 0.036715266722947705 0.03377740303541311 23-007017
0 0.7400000000000091 0.1620000000000008 0.024913621224194646 0.02207419898819567 23-011932
