0 0.4165885328836485 0.27525463743676226 0.04394481385563331 0.03996627318718379 17-001545
0 0.9660590219224269 0.32174536256323727 0.03542902885874949 0.03541315345699832 17-002328
0 0.16590219224282965 0.4957251264755489 0.16444246584392488 0.15868465430016868 17-000164
0 0.27205902192242426 0.6620978077571662 0.1384249434229865 0.1357504215851602 17-000210
0 0.5133726812816239 0.7696863406408102 0.025014126215736322 0.024283305227655948 17-005187
0 0.06405902192242574 0.8165295109612143 0.029624001156086505 0.029005059021922314 17-003560
0 0.6317453625632378 0.8744704890387864 0.02898309761689712 0.02967959527824605 17-003012
0 0.9899631945549072 0.9169999999999997 0.02007361089018566 0.03861720067453641 17-001634
0 0.9871173613925955 0.9501568296795958 0.02576527721480893 0.033389544688026906 17-001961
0 0.6020236087689713 0.2563237774030354 0.02023608768971332 0.02023608768971332 
