0 0.4165885328836485 0.7247453625632377 0.04394481385563331 0.03996627318718379 17-001545
0 0.9660590219224269 0.6782546374367627 0.03542902885874949 0.03541315345699832 17-002328
0 0.16590219224282965 0.5042748735244511 0.16444246584392488 0.15868465430016868 17-000164
0 0.27205902192242426 0.3379021922428338 0.1384249434229865 0.1357504215851602 17-000210
0 0.5133726812816239 0.2303136593591898 0.025014126215736322 0.024283305227655948 17-005187
0 0.06405902192242574 0.1834704890387857 0.029624001156086505 0.029005059021922314 17-003560
0 0.6317453625632378 0.12552951096121356 0.02898309761689712 0.02967959527824605 17-003012
0 0.9899631945549072 0.0830000000000003 0.02007361089018566 0.03861720067453641 17-001634
0 0.9871173613925955 0.049843170320404195 0.02576527721480893 0.033389544688026906 17-001961
0 0.6020236087689713 0.7436762225969646 0.02023608768971332 0.02023608768971332 
