0 0.2680000000000007 0.960940978077571 0.02065906917712435 0.018920741989881956 23-015767
0 0.8509999999999991 0.9293136593591897 0.1185079331887779 0.10332209106239462 23-002144
0 0.871313659359181 0.9189409780775711 0.02122249833650061 0.01762225969645869 23-016708
0 0.5730000000000075 0.8640000000000008 0.050520814624059114 0.04730185497470491 23-004555
0 0.6189999999999998 0.7149999999999999 0.09409266961581257 0.08254637436762224 23-002657
0 0.1853726812816069 0.5139999999999993 0.09428047933560452 0.08755480607082623 23-002576
0 0.14605902192241937 0.2385682967959527 0.0313642232052708 0.02652613827993258 23-008608
0 0.6796863406408067 0.2452158516020232 0.029110506567766318 0.024502529510961168 23-009986
0 0.7186863406408224 0.18068634064080968 0.07042864492201549 0.06566610455311964 23-003343
0 0.09205902192241744 0.0875682967959528 0.030041661492088884 0.02693086003372686 23-010660
0 0.30005902192241574 0.018686340640808874 0.030612984326102637 0.025969645868465584 23-008872
