0 0.3569999999999993 0.04526475548060721 0.1254568928210832 0.09958246205733588 23-001994
0 0.7129999999999939 0.15799999999999947 0.043008425832377434 0.03709949409780781 23-005642
0 0.7139999999999986 0.23099999999999987 0.029861745446934575 0.028752107925801032 23-008461
0 0.563999999999993 0.28800000000000026 0.43891131515399984 0.4177403035413154 23-000431
0 0.5083726812816143 0.4036863406408087 0.06892616716367908 0.06325463743676225 23-003427
0 0.48005902192242267 0.46668634064080927 0.04958176602509882 0.04526138279932552 23-004723
0 0.9523726812816312 0.6980000000000004 0.034744798161527576 0.030607082630691552 23-007273
0 0.4759999999999991 0.778059021922428 0.0214103080562927 0.02003372681281618 23-014530
0 0.5149999999999864 0.8773726812816195 0.02065906917712454 0.018178752107925755 23-016524
0 0.6359021922428285 0.8744704890387864 0.024411316735646324 0.020607082630691446 23-014192
0 0.4467453625632355 0.9373136593591905 0.02516650245213349 0.021888701517706607 23-011820
0 0.7323726812816322 0.9779409780775722 0.03624727591986392 0.03246205733558179 23-006837
