0 0.3569999999999993 0.9547352445193928 0.1254568928210832 0.09958246205733588 23-001994
0 0.7129999999999939 0.8420000000000005 0.043008425832377434 0.03709949409780781 23-005642
0 0.7139999999999986 0.7690000000000001 0.029861745446934575 0.028752107925801032 23-008461
0 0.563999999999993 0.7119999999999997 0.43891131515399984 0.4177403035413154 23-000431
0 0.5083726812816143 0.5963136593591913 0.06892616716367908 0.06325463743676225 23-003427
0 0.48005902192242267 0.5333136593591907 0.04958176602509882 0.04526138279932552 23-004723
0 0.9523726812816312 0.3019999999999996 0.034744798161527576 0.030607082630691552 23-007273
0 0.4759999999999991 0.22194097807757196 0.0214103080562927 0.02003372681281618 23-014530
0 0.5149999999999864 0.1226273187183805 0.02065906917712454 0.018178752107925755 23-016524
0 0.6359021922428285 0.12552951096121356 0.024411316735646324 0.020607082630691446 23-014192
0 0.4467453625632355 0.06268634064080947 0.02516650245213349 0.021888701517706607 23-011820
0 0.7323726812816322 0.022059021922427813 0.03624727591986392 0.03246205733558179 23-006837
