0 0.11505902192242778 0.05990219224283305 0.022091062394603556 0.02377740303541316 17-005763
0 0.06858853288364963 0.365 0.04468802698145025 0.046711635750421567 17-001509
0 0.02737268128161985 0.41052951096121415 0.025463743676222828 0.029005059021922408 17-003563
0 0.8009021922428348 0.4538431703204048 0.025801011804384457 0.025632377740303428 17-004621
0 0.7852546374367638 0.49462731871838117 0.041989881956155106 0.04704890387858344 17-001283
0 0.8385295109612128 0.5023726812816188 0.02546374367622259 0.028330522765598765 17-004392
0 0.16427487352445302 0.5388431703204047 0.029173693086003295 0.02782462057335582 17-004117
0 0.905059021922434 0.6153726812816189 0.027655986509274873 0.03086003372681274 17-003067
0 0.8598431703203994 0.7316273187183812 0.032546374367622234 0.03271500843170336 17-002313
0 0.28958853288363895 0.8373726812816188 0.07487352445193925 0.07065767284991564 17-000561
0 0.1105885328836369 0.8566863406408094 0.029342327150084085 0.02951096121416526 17-004025
0 0.9223726812816158 0.9128431703204047 0.024789207419898825 0.025969645868465584 17-005172
