0 0.8849409780775722 0.9400978077571669 0.022091062394603556 0.02377740303541316 17-005763
0 0.9314114671163504 0.635 0.04468802698145025 0.046711635750421567 17-001509
0 0.9726273187183802 0.5894704890387858 0.025463743676222828 0.029005059021922408 17-003563
0 0.19909780775716523 0.5461568296795952 0.025801011804384457 0.025632377740303428 17-004621
0 0.21474536256323618 0.5053726812816188 0.041989881956155106 0.04704890387858344 17-001283
0 0.1614704890387873 0.4976273187183812 0.02546374367622259 0.028330522765598765 17-004392
0 0.835725126475547 0.46115682967959526 0.029173693086003295 0.02782462057335582 17-004117
0 0.09494097807756599 0.3846273187183811 0.027655986509274873 0.03086003372681274 17-003067
0 0.1401568296796006 0.26837268128161884 0.032546374367622234 0.03271500843170336 17-002313
0 0.710411467116361 0.1626273187183812 0.07487352445193925 0.07065767284991564 17-000561
0 0.8894114671163631 0.1433136593591906 0.029342327150084085 0.02951096121416526 17-004025
0 0.07762731871838419 0.08715682967959526 0.024789207419898825 0.025969645868465584 17-005172
