0 0.5336273187183873 0.9303726812816189 0.025598650927487268 0.021703204047217546 23-011721
0 0.6500000000000057 0.7744603709949409 0.6948735244519396 0.4961871838111299 23-000215
0 0.7193136593591942 0.5353726812816189 0.057318718381113 0.051753794266441916 23-004087
0 0.36425463743677156 0.491 0.0209612141652613 0.017993254637436885 23-016218
0 0.3026273187183927 0.4180590219224283 0.076795952782462 0.07123102866779091 23-003106
0 0.8596273187183806 0.33562731871838114 0.023001686340640787 0.01854974704890388 23-014445
0 0.9860092748735221 0.20099999999999996 0.030779595278251366 0.05360876897133215 23-003929
0 0.982719224283312 0.15000000000000002 0.038017706576713495 0.034688026981450334 23-005874
0 0.9506273187183888 0.11331365935919069 0.02671163575042183 0.02263069139966247 23-010982
0 0.6096273187183806 0.054372681281618984 0.04414839797639115 0.04340640809443509 23-005089
0 0.561000000000007 0.013841483979763813 0.0348735244519394 0.030451264755480763 23-006710
0 0.4839797639123103 0.03794266441821248 0.02023608768971332 0.01854974704890388 
