0 0.40262731871838703 0.9276863406408096 0.03710673639049587 0.030236087689713333 15-002419
0 0.33325463743676564 0.8963136593591903 0.03296283689511054 0.028566610455311968 15-002880
0 0.2193136593591942 0.8863136593591905 0.019966061205038427 0.017993254637436777 15-007506
0 0.07231365935920284 0.8636863406408095 0.11132020917148783 0.10276559865092749 15-000506
0 0.7556273187183673 0.7643726812816181 0.050103512080567986 0.04340640809443509 15-001468
0 0.8119409780775789 0.7170000000000005 0.03522314571077523 0.02782462057335582 15-002860
0 0.659313659359192 0.6836273187183806 0.021472933748815044 0.01854974704890388 15-006629
0 0.8770000000000094 0.6029999999999998 0.2569217687138907 0.2461551433389544 15-000168
0 0.33131365935918894 0.33394097807757217 0.024298319768395735 0.022816188870151726 15-004796
0 0.36962731871837157 0.30494097807757214 0.02787714205986507 0.02671163575042164 15-003619
