0 0.23699999999999477 0.9906644182124792 0.04445274004140642 0.020538279932545887 15-002091
0 0.7556863406408001 0.976940978077571 0.019966061205038427 0.01873524451939292 15-007138
0 0.44605902192243085 0.9730000000000008 0.02900729646769746 0.025969645868465438 15-003518
0 0.9016863406408151 0.7603726812816185 0.07044629142155072 0.06622259696458682 15-000877
0 0.2430590219224279 0.5999999999999996 0.05933310641119918 0.05286677908937609 15-001147
0 0.04868634064080657 0.5453726812816186 0.051422025556372826 0.047672849915682936 15-001360
0 0.2276863406408085 0.5376273187183815 0.02354488349650757 0.021888701517706607 15-005165
0 0.4453726812816262 0.4289409780775709 0.03239775969119444 0.027639123102866755 15-003021
0 0.9240590219224395 0.3642546374367627 0.021096215612870818 0.019106239460371065 15-006628
0 0.5769999999999982 0.2845682967959521 0.031644323419306175 0.025413153456998207 15-003566
0 0.22668634064080384 0.11794097807757098 0.021661292816786918 0.02003372681281637 15-006134
