0 0.23699999999999477 0.009335581787520858 0.04445274004140642 0.020538279932545887 15-002091
0 0.7556863406408001 0.023059021922429014 0.019966061205038427 0.01873524451939292 15-007138
0 0.44605902192243085 0.02699999999999925 0.02900729646769746 0.025969645868465438 15-003518
0 0.9016863406408151 0.23962731871838144 0.07044629142155072 0.06622259696458682 15-000877
0 0.2430590219224279 0.40000000000000036 0.05933310641119918 0.05286677908937609 15-001147
0 0.04868634064080657 0.4546273187183813 0.051422025556372826 0.047672849915682936 15-001360
0 0.2276863406408085 0.4623726812816185 0.02354488349650757 0.021888701517706607 15-005165
0 0.4453726812816262 0.5710590219224291 0.03239775969119444 0.027639123102866755 15-003021
0 0.9240590219224395 0.6357453625632373 0.021096215612870818 0.019106239460371065 15-006628
0 0.5769999999999982 0.7154317032040479 0.031644323419306175 0.025413153456998207 15-003566
0 0.22668634064080384 0.882059021922429 0.021661292816786918 0.02003372681281637 15-006134
