0 0.44399999999998835 0.9100000000000001 0.037037996531592655 0.03524451939291738 15-002198
0 0.5279999999999916 0.8859999999999992 0.09089426699844909 0.08514333895446882 15-000643
0 0.4329999999999927 0.7309999999999999 0.029290252359167643 0.02801011804384488 15-003319
0 0.20262731871836998 0.5800590219224275 0.03911665960224319 0.03394603709949409 15-002164
0 0.24662731871838112 0.5173726812816182 0.030235099209463365 0.025598650927487268 15-003494
0 0.8983136593591962 0.4376273187183818 0.020219722596328482 0.019291736930860125 15-006854
0 0.2642546374367488 0.2456863406408093 0.03946583096291577 0.037689713322091103 15-002270
0 0.3163136593592026 0.2273136593591898 0.02418807936757075 0.02133220910623942 15-005168
0 0.9863136593591902 0.21062731871838158 0.02154250818674273 0.01984822934232731 15-006261
0 0.37615682967960484 0.040686340640809227 0.027197205598794058 0.02711635750421573 15-004432
