0 0.5560000000000116 0.08999999999999986 0.037037996531592655 0.03524451939291738 15-002198
0 0.4720000000000084 0.11400000000000077 0.09089426699844909 0.08514333895446882 15-000643
0 0.5670000000000073 0.26900000000000013 0.029290252359167643 0.02801011804384488 15-003319
0 0.79737268128163 0.4199409780775724 0.03911665960224319 0.03394603709949409 15-002164
0 0.7533726812816188 0.48262731871838177 0.030235099209463365 0.025598650927487268 15-003494
0 0.10168634064080384 0.5623726812816182 0.020219722596328482 0.019291736930860125 15-006854
0 0.7357453625632512 0.7543136593591907 0.03946583096291577 0.037689713322091103 15-002270
0 0.6836863406407974 0.7726863406408102 0.02418807936757075 0.02133220910623942 15-005168
0 0.013686340640809758 0.7893726812816184 0.02154250818674273 0.01984822934232731 15-006261
0 0.6238431703203952 0.9593136593591908 0.027197205598794058 0.02711635750421573 15-004432
