0 0.5560000000000116 0.9100000000000001 0.037037996531592655 0.03524451939291738 15-002198
0 0.4720000000000084 0.8859999999999992 0.09089426699844909 0.08514333895446882 15-000643
0 0.5670000000000073 0.7309999999999999 0.029290252359167643 0.02801011804384488 15-003319
0 0.79737268128163 0.5800590219224275 0.03911665960224319 0.03394603709949409 15-002164
0 0.7533726812816188 0.5173726812816182 0.030235099209463365 0.025598650927487268 15-003494
0 0.10168634064080384 0.4376273187183818 0.020219722596328482 0.019291736930860125 15-006854
0 0.7357453625632512 0.2456863406408093 0.03946583096291577 0.037689713322091103 15-002270
0 0.6836863406407974 0.2273136593591898 0.02418807936757075 0.02133220910623942 15-005168
0 0.013686340640809758 0.21062731871838158 0.02154250818674273 0.01984822934232731 15-006261
0 0.6238431703203952 0.040686340640809227 0.027197205598794058 0.02711635750421573 15-004432
