0 0.13399999999998613 0.014443507588532778 0.039066168431098794 0.02806576728499134 15-002177
0 0.36299999999999955 0.020688870151770823 0.07661520410759178 0.04551551433389583 15-000798
0 0.3810000000000002 0.15799999999999947 0.049117172930361976 0.04099494097807753 15-001553
0 0.7556863406408001 0.2227453625632371 0.07680484570191749 0.0721585160202361 15-000785
0 0.240059021922442 0.2569999999999997 0.05423749597715659 0.04822934232715012 15-001297
0 0.3526863406408085 0.3530590219224291 0.021619141753132374 0.020404721753794305 15-006105
0 0.37605902192243756 0.3759409780775719 0.03773867727081863 0.03153456998313667 15-002395
0 0.30305902192243017 0.4299999999999997 0.05954746061827666 0.05249578414839797 15-001163
0 0.26737268128162894 0.686431703204048 0.02446376566801816 0.022445193929173792 15-004813
0 0.8536863406408133 0.9487453625632379 0.021619141753132325 0.01854974704890388 15-006830
0 0.7180590219224222 0.9693726812816182 0.025032690450995414 0.023372681281618717 15-004604
0 0.5550000000000068 0.9933684654300164 0.0202916505928524 0.014589376053963952 15-007256
