0 0.8660000000000139 0.9855564924114673 0.039066168431098794 0.02806576728499134 15-002177
0 0.6370000000000005 0.9793111298482292 0.07661520410759178 0.04551551433389583 15-000798
0 0.6189999999999998 0.8420000000000005 0.049117172930361976 0.04099494097807753 15-001553
0 0.24431365935919988 0.7772546374367629 0.07680484570191749 0.0721585160202361 15-000785
0 0.759940978077558 0.7430000000000003 0.05423749597715659 0.04822934232715012 15-001297
0 0.6473136593591915 0.6469409780775709 0.021619141753132374 0.020404721753794305 15-006105
0 0.6239409780775624 0.6240590219224281 0.03773867727081863 0.03153456998313667 15-002395
0 0.6969409780775698 0.5700000000000003 0.05954746061827666 0.05249578414839797 15-001163
0 0.7326273187183711 0.313568296795952 0.02446376566801816 0.022445193929173792 15-004813
0 0.1463136593591867 0.05125463743676206 0.021619141753132325 0.01854974704890388 15-006830
0 0.2819409780775778 0.030627318718381757 0.025032690450995414 0.023372681281618717 15-004604
0 0.4449999999999932 0.006631534569983555 0.0202916505928524 0.014589376053963952 15-007256
