0 0.743940978077567 0.9315682967959523 0.024833340533959573 0.025295109612141653 09-002438
0 0.2670978077571631 0.9158431703204039 0.037423080633619626 0.03575042158516021 09-000951
0 0.7314704890387804 0.8854114671163582 0.025827401844048338 0.023608768971332208 09-002515
0 0.5346273187183779 0.8828431703204044 0.03703694419355579 0.03389544688026984 09-000831
0 0.2424114671163575 0.8599021922428323 0.03231534011391028 0.0350758853288364 09-001945
0 0.5222546374367586 0.7560000000000002 0.17107734914870096 0.15851602023608768 09-000069
0 0.09009780775717059 0.7222158516020236 0.0427882454467048 0.04131534569983136 09-000803
0 0.29041146711635935 0.43137268128161965 0.02626225688139319 0.02883642495784152 09-001725
0 0.2887841483979828 0.3745295109612141 0.034480893478056836 0.03507588532883635 09-001179
0 0.923097807757169 0.24531365935919047 0.05005717841927174 0.04384485666104553 09-000626
