0 0.5049999999999955 0.08999999999999986 0.08547919036073463 0.07865092748735243 15-000711
0 0.3509999999999991 0.22537268128161844 0.09728255294952202 0.0897807757166948 15-000598
0 0.8810000000000002 0.6017453625632384 0.02722388468059049 0.024856661045531022 15-004014
0 0.22900000000001342 0.6277453625632382 0.020941449754300272 0.018364249578414815 15-006985
0 0.2849999999999966 0.6650590219224285 0.026081623784901177 0.022816188870151726 15-004502
0 0.7620000000000005 0.7270590219224279 0.033315942790932085 0.03042158516020249 15-002732
0 0.916313659359197 0.8620590219224276 0.0580649288641961 0.053237774030354026 15-001175
0 0.40799999999998704 0.9143726812816184 0.023987478809471167 0.02263069139966247 15-004946
0 0.23699999999999477 0.9396863406408101 0.047213450355149615 0.04470489038785833 15-001525
0 0.3919999999999959 0.9467453625632373 0.020751072938352134 0.02021922428330524 15-006365
