0 0.2510000000000048 0.9049999999999994 0.16067803266026726 0.14376053962900515 15-000320
0 0.09600000000000364 0.4510000000000005 0.04093101542885956 0.03505902192242846 15-002054
0 0.24405902192243267 0.34437268128161813 0.03541008776636209 0.03023608768971343 15-002545
0 0.6339999999999861 0.33425463743676154 0.0257008701530048 0.024485666104553282 15-004299
0 0.6609021922428342 0.2798431703204046 0.03214663119251887 0.030472175379426536 15-003461
0 0.47700000000000387 0.2292546374367629 0.026272000600849506 0.023558178752107972 15-004360
0 0.3300000000000125 0.22799999999999976 0.052163247569802354 0.045817875210792704 15-001391
0 0.6506863406408103 0.21068634064080904 0.03331594279093218 0.02801011804384488 15-002979
0 0.7249999999999943 0.13599999999999923 0.030841044183605802 0.02411467116357506 15-003690
0 0.7664418212478921 0.19392917369308604 0.01854974704890388 0.016863406408094434 
