0 0.051156829679602 0.049372681281618265 0.02869535473719823 0.02799325463743675 09-001864
0 0.24768634064080453 0.05890219224283387 0.02127372745751085 0.02175379426644182 09-003400
0 0.9235885328836393 0.07247048903878513 0.06181995206662135 0.0581787521079258 09-000369
0 0.597999999999999 0.09158853288364213 0.022490303411212255 0.021079258010118045 09-003342
0 0.6432158516020194 0.27352951096121497 0.0526792806815973 0.04991568296795947 09-000533
0 0.3601568296795995 0.2643524451939284 0.07103117000178923 0.06323777403035413 09-000299
0 0.7920000000000016 0.2989021922428323 0.023359286235284694 0.02563237774030352 09-002883
0 0.008769220409314049 0.4150387858347387 0.017538440818628185 0.0328836424957841 09-001857
0 0.9022158516020198 0.538156829679595 0.11298668867222374 0.10792580101180438 09-000145
0 0.2516863406408094 0.5990590219224278 0.03135392821675097 0.03170320404721746 09-001320
0 0.931902192242835 0.8203136593591898 0.026262202829795567 0.024620573355817913 09-002633
0 0.418212478920742 0.9822934232715008 0.03035413153456998 0.02866779089376054 09-002331
0 0.9215851602023609 0.4654300168634064 0.025295109612141653 0.023608768971332208 
