0 0.948843170320398 0.049372681281618265 0.02869535473719823 0.02799325463743675 09-001864
0 0.7523136593591955 0.05890219224283387 0.02127372745751085 0.02175379426644182 09-003400
0 0.07641146711636068 0.07247048903878513 0.06181995206662135 0.0581787521079258 09-000369
0 0.402000000000001 0.09158853288364213 0.022490303411212255 0.021079258010118045 09-003342
0 0.35678414839798056 0.27352951096121497 0.0526792806815973 0.04991568296795947 09-000533
0 0.6398431703204005 0.2643524451939284 0.07103117000178923 0.06323777403035413 09-000299
0 0.2079999999999984 0.2989021922428323 0.023359286235284694 0.02563237774030352 09-002883
0 0.991230779590686 0.4150387858347387 0.017538440818628185 0.0328836424957841 09-001857
0 0.09778414839798026 0.538156829679595 0.11298668867222374 0.10792580101180438 09-000145
0 0.7483136593591906 0.5990590219224278 0.03135392821675097 0.03170320404721746 09-001320
0 0.06809780775716502 0.8203136593591898 0.026262202829795567 0.024620573355817913 09-002633
0 0.581787521079258 0.9822934232715008 0.03035413153456998 0.02866779089376054 09-002331
0 0.07841483979763912 0.4654300168634064 0.025295109612141653 0.023608768971332208 
