0 0.13194097807757213 0.4483136593591899 0.03371653357401016 0.03288364249578415 09-001069
0 0.3127841483979695 0.28062731871838187 0.02601785971483741 0.02647554806070834 09-002493
0 0.30278414839797857 0.2583136593591904 0.026435999394610058 0.024620573355817913 09-002619
0 0.6089409780775761 0.18694097807757182 0.021968913716768824 0.02293423271500847 09-003379
0 0.11825463743676222 0.16931365935918996 0.1277783182242632 0.11838111298482282 09-000129
0 0.5657841483979695 0.11278414839797735 0.023584707807434508 0.024789207419898898 09-002229
0 0.5647841483979791 0.06409780775716734 0.027131185653867934 0.027655986509275025 09-002266
0 0.17109780775717365 0.023254637436761594 0.03251887916311698 0.03524451939291752 09-001340
0 0.39376053962900504 0.9763912310286678 0.021922428330522766 0.023608768971332208 
0 0.6720067453625632 0.42664418212478916 0.01854974704890388 0.02023608768971332 
0 0.42833052276559863 0.20489038785834734 0.02023608768971332 0.021922428330522766 
