0 0.948843170320398 0.9506273187183817 0.02869535473719823 0.02799325463743675 09-001864
0 0.7523136593591955 0.9410978077571661 0.02127372745751085 0.02175379426644182 09-003400
0 0.07641146711636068 0.9275295109612148 0.06181995206662135 0.0581787521079258 09-000369
0 0.402000000000001 0.9084114671163579 0.022490303411212255 0.021079258010118045 09-003342
0 0.35678414839798056 0.726470489038785 0.0526792806815973 0.04991568296795947 09-000533
0 0.6398431703204005 0.7356475548060716 0.07103117000178923 0.06323777403035413 09-000299
0 0.2079999999999984 0.7010978077571677 0.023359286235284694 0.02563237774030352 09-002883
0 0.991230779590686 0.5849612141652614 0.017538440818628185 0.0328836424957841 09-001857
0 0.09778414839798026 0.461843170320405 0.11298668867222374 0.10792580101180438 09-000145
0 0.7483136593591906 0.40094097807757223 0.03135392821675097 0.03170320404721746 09-001320
0 0.06809780775716502 0.17968634064081024 0.026262202829795567 0.024620573355817913 09-002633
0 0.581787521079258 0.01770657672849918 0.03035413153456998 0.02866779089376054 09-002331
0 0.07841483979763912 0.5345699831365935 0.025295109612141653 0.023608768971332208 
