0 0.8680590219224279 0.5516863406408101 0.03371653357401016 0.03288364249578415 09-001069
0 0.6872158516020306 0.7193726812816181 0.02601785971483741 0.02647554806070834 09-002493
0 0.6972158516020215 0.7416863406408096 0.026435999394610058 0.024620573355817913 09-002619
0 0.3910590219224239 0.8130590219224282 0.021968913716768824 0.02293423271500847 09-003379
0 0.8817453625632378 0.83068634064081 0.1277783182242632 0.11838111298482282 09-000129
0 0.43421585160203047 0.8872158516020227 0.023584707807434508 0.024789207419898898 09-002229
0 0.4352158516020209 0.9359021922428327 0.027131185653867934 0.027655986509275025 09-002266
0 0.8289021922428264 0.9767453625632384 0.03251887916311698 0.03524451939291752 09-001340
0 0.606239460370995 0.023608768971332208 0.021922428330522766 0.023608768971332208 
0 0.3279932546374368 0.5733558178752108 0.01854974704890388 0.02023608768971332 
0 0.5716694772344013 0.7951096121416527 0.02023608768971332 0.021922428330522766 
