0 0.3203726812816262 0.9871888701517711 0.025617613653655318 0.02396863406407998 15-005149
0 0.6673726812816061 0.848686340640809 0.1137498516710806 0.10499156829679598 15-000487
0 0.2596863406408193 0.7579409780775715 0.02504408498976726 0.023187183811129847 15-004707
0 0.29611804384485807 0.619313659359191 0.037470539374003096 0.03450252951096128 15-002231
0 0.1346863406408193 0.6126273187183808 0.16288214054413583 0.15062394603709944 15-000312
0 0.24768634064081874 0.5979409780775715 0.022367617891624246 0.01984822934232712 15-006132
0 0.9521365935918996 0.49811804384485625 0.06327932924895413 0.05305227655986496 15-001100
0 0.9898730013379772 0.48099999999999987 0.022279397056450097 0.021517706576728485 15-005621
0 0.049000000000006594 0.16725463743676172 0.029058785636981964 0.026340640809443514 15-003542
0 0.965686340640808 0.07062731871838102 0.02179408922773646 0.018364249578414624 15-006664
