0 0.7860000000000014 0.8439999999999994 0.1603968496672885 0.10740303541315345 15-000430
0 0.8019999999999925 0.7479999999999993 0.11489690899885625 0.10258010118043842 15-000505
0 0.7599999999999909 0.6999999999999993 0.05161757974990217 0.04711635750421585 15-001383
0 0.9629999999999939 0.641 0.07723519340355729 0.06288364249578408 15-000854
0 0.7729999999999961 0.5640000000000001 0.06174991947858663 0.058431703204047176 15-001049
0 0.18552951096120684 0.537940978077571 0.021568667655586637 0.021736930860033706 15-007456
0 0.9258396408612077 0.3569999999999993 0.16315279010534295 0.2142495784148399 15-000201
0 0.7927453625632391 0.33831365935919033 0.04817640776657533 0.04433389544688021 15-001510
0 0.49500000000000455 0.2550000000000008 0.4179112197529115 0.37043844856661057 15-000086
0 0.8499999999999943 0.008425801011804124 0.04148524002121762 0.01853676222596907 15-002037
