0 0.21399999999999864 0.15600000000000058 0.1603968496672885 0.10740303541315345 15-000430
0 0.1980000000000075 0.25200000000000067 0.11489690899885625 0.10258010118043842 15-000505
0 0.2400000000000091 0.3000000000000007 0.05161757974990217 0.04711635750421585 15-001383
0 0.03700000000000614 0.359 0.07723519340355729 0.06288364249578408 15-000854
0 0.22700000000000387 0.4359999999999999 0.06174991947858663 0.058431703204047176 15-001049
0 0.8144704890387932 0.46205902192242904 0.021568667655586637 0.021736930860033706 15-007456
0 0.07416035913879224 0.6430000000000007 0.16315279010534295 0.2142495784148399 15-000201
0 0.20725463743676087 0.6616863406408097 0.04817640776657533 0.04433389544688021 15-001510
0 0.5049999999999955 0.7449999999999992 0.4179112197529115 0.37043844856661057 15-000086
0 0.15000000000000568 0.9915741989881959 0.04148524002121762 0.01853676222596907 15-002037
