0 0.6796273187183738 0.9871888701517711 0.025617613653655318 0.02396863406407998 15-005149
0 0.33262731871839385 0.848686340640809 0.1137498516710806 0.10499156829679598 15-000487
0 0.7403136593591807 0.7579409780775715 0.02504408498976726 0.023187183811129847 15-004707
0 0.7038819561551419 0.619313659359191 0.037470539374003096 0.03450252951096128 15-002231
0 0.8653136593591807 0.6126273187183808 0.16288214054413583 0.15062394603709944 15-000312
0 0.7523136593591813 0.5979409780775715 0.022367617891624246 0.01984822934232712 15-006132
0 0.04786340640810035 0.49811804384485625 0.06327932924895413 0.05305227655986496 15-001100
0 0.010126998662022772 0.48099999999999987 0.022279397056450097 0.021517706576728485 15-005621
0 0.9509999999999934 0.16725463743676172 0.029058785636981964 0.026340640809443514 15-003542
0 0.03431365935919192 0.07062731871838102 0.02179408922773646 0.018364249578414624 15-006664
