0 0.13368634064081453 0.022999999999999687 0.04224904479919743 0.03691399662731872 15-001921
0 0.8956863406408149 0.07831365935919063 0.049162524857247786 0.03932546374367621 15-001617
0 0.48799999999999955 0.08002529510961229 0.20702031951606686 0.17605564924114706 15-000219
0 0.2586863406408144 0.2059999999999995 0.029958413584885386 0.023929173693085976 15-003792
0 0.7153726812816079 0.21899999999999942 0.0798891028930276 0.07234401349072511 15-000774
0 0.24968634064079986 0.29299999999999926 0.0336071947266342 0.02819561551433394 15-002940
0 0.628686340640819 0.4039999999999999 0.19837846944350382 0.18382799325463742 15-000249
0 0.20837268128163144 0.4299999999999997 0.05165905932265499 0.047858347386172 15-001362
0 0.22499999999999432 0.7240590219224278 0.023429015752282102 0.0209612141652613 15-005565
0 0.4506863406408217 0.7936273187183818 0.04186496257374998 0.037841483979763814 15-001901
