0 0.13368634064081453 0.9770000000000003 0.04224904479919743 0.03691399662731872 15-001921
0 0.8956863406408149 0.9216863406408093 0.049162524857247786 0.03932546374367621 15-001617
0 0.48799999999999955 0.9199747048903877 0.20702031951606686 0.17605564924114706 15-000219
0 0.2586863406408144 0.7940000000000005 0.029958413584885386 0.023929173693085976 15-003792
0 0.7153726812816079 0.7810000000000006 0.0798891028930276 0.07234401349072511 15-000774
0 0.24968634064079986 0.7070000000000007 0.0336071947266342 0.02819561551433394 15-002940
0 0.628686340640819 0.5960000000000001 0.19837846944350382 0.18382799325463742 15-000249
0 0.20837268128163144 0.5700000000000003 0.05165905932265499 0.047858347386172 15-001362
0 0.22499999999999432 0.27594097807757223 0.023429015752282102 0.0209612141652613 15-005565
0 0.4506863406408217 0.20637268128161823 0.04186496257374998 0.037841483979763814 15-001901
