0 0.7889999999999873 0.9016273187183805 0.02381309797772939 0.019662731871838143 15-005819
0 0.26599999999999113 0.532940978077572 0.0282300435703727 0.025598650927487268 15-003760
0 0.26400000000001 0.4709409780775726 0.025733509104965684 0.024300168634064218 15-004403
0 0.5236863406408008 0.43852951096121406 0.02803800245764907 0.028060708263069115 15-004181
0 0.8103726812816068 0.339059021922428 0.02630963244313653 0.023929173693086097 15-004347
0 0.9259999999999877 0.3159409780775714 0.06087703273338888 0.03386172006745369 15-001743
0 0.8424317032040504 0.20599999999999952 0.036103729192041356 0.03227655986509272 15-002441
0 0.17199999999999704 0.1696273187183811 0.029766372472161753 0.027268128161888634 15-003373
0 0.13491464945457032 0.12707841483979798 0.29681222880005464 0.27957251264755545 15-000106
0 0.37568634064080475 0.12237268128161871 0.048010278180905995 0.03821247892074203 15-001684
0 0.8556863406408228 0.1066273187183806 0.02227676907594041 0.01984822934232712 15-006158
0 0.4439999999999884 0.10733389544688043 0.30745782147052236 0.2361345699831371 15-000134
0 0.7960590219224252 0.09599999999999997 0.0380241403192776 0.03580101180438452 15-002178
0 0.6570590219224152 0.06268634064080947 0.03898434588289569 0.030050590219224176 15-002368
0 0.9198988195615514 0.8903878583473862 0.01517706576728499 0.013490725126475547 
0 0.8313659359190556 0.012647554806070826 0.016863406408094434 0.01517706576728499 
