0 0.5500000000000114 0.045999999999999375 0.031110660261227177 0.027268128161888703 15-003266
0 0.8230000000000075 0.07900000000000064 0.06798255390416291 0.06344013490725128 15-000942
0 0.41999999999998755 0.1590000000000007 0.07201541727135904 0.05249578414839797 15-001016
0 0.9029999999999916 0.2300000000000004 0.07047908836957013 0.06640809443507588 15-000882
0 0.7033136593592031 0.2566863406408102 0.030918619148503353 0.02949409780775718 15-003042
0 0.253313659359186 0.32115682967959447 0.05818845715525819 0.04382799325463745 15-001424
0 0.6133136593591997 0.5023136593591901 0.05953274494432351 0.04860033726812825 15-001230
0 0.43431365935919763 0.5863136593591898 0.024773303541347477 0.021703204047217546 15-005035
0 0.13188195615513926 0.5856273187183816 0.0585725393807054 0.048971332209106176 15-001236
0 0.602313659359204 0.6896863406408101 0.027461879119478366 0.022816188870151726 15-004359
0 0.5263136593591822 0.7713726812816196 0.029190249133991052 0.026340640809443514 15-003570
