0 0.7889999999999873 0.09837268128161952 0.02381309797772939 0.019662731871838143 15-005819
0 0.26599999999999113 0.46705902192242804 0.0282300435703727 0.025598650927487268 15-003760
0 0.26400000000001 0.5290590219224274 0.025733509104965684 0.024300168634064218 15-004403
0 0.5236863406408008 0.5614704890387859 0.02803800245764907 0.028060708263069115 15-004181
0 0.8103726812816068 0.660940978077572 0.02630963244313653 0.023929173693086097 15-004347
0 0.9259999999999877 0.6840590219224286 0.06087703273338888 0.03386172006745369 15-001743
0 0.8424317032040504 0.7940000000000005 0.036103729192041356 0.03227655986509272 15-002441
0 0.17199999999999704 0.8303726812816189 0.029766372472161753 0.027268128161888634 15-003373
0 0.13491464945457032 0.872921585160202 0.29681222880005464 0.27957251264755545 15-000106
0 0.37568634064080475 0.8776273187183813 0.048010278180905995 0.03821247892074203 15-001684
0 0.8556863406408228 0.8933726812816194 0.02227676907594041 0.01984822934232712 15-006158
0 0.4439999999999884 0.8926661045531196 0.30745782147052236 0.2361345699831371 15-000134
0 0.7960590219224252 0.904 0.0380241403192776 0.03580101180438452 15-002178
0 0.6570590219224152 0.9373136593591905 0.03898434588289569 0.030050590219224176 15-002368
0 0.9198988195615514 0.10961214165261383 0.01517706576728499 0.013490725126475547 
0 0.8313659359190556 0.9873524451939292 0.016863406408094434 0.01517706576728499 
