0 0.44999999999998863 0.9540000000000006 0.031110660261227177 0.027268128161888703 15-003266
0 0.1769999999999925 0.9209999999999994 0.06798255390416291 0.06344013490725128 15-000942
0 0.5800000000000125 0.8409999999999993 0.07201541727135904 0.05249578414839797 15-001016
0 0.09700000000000841 0.7699999999999996 0.07047908836957013 0.06640809443507588 15-000882
0 0.2966863406407969 0.7433136593591898 0.030918619148503353 0.02949409780775718 15-003042
0 0.746686340640814 0.6788431703204055 0.05818845715525819 0.04382799325463745 15-001424
0 0.3866863406408003 0.49768634064080985 0.05953274494432351 0.04860033726812825 15-001230
0 0.5656863406408024 0.4136863406408102 0.024773303541347477 0.021703204047217546 15-005035
0 0.8681180438448608 0.4143726812816184 0.0585725393807054 0.048971332209106176 15-001236
0 0.397686340640796 0.31031365935918986 0.027461879119478366 0.022816188870151726 15-004359
0 0.4736863406408178 0.22862731871838038 0.029190249133991052 0.026340640809443514 15-003570
