0 0.7002158516020216 0.013470489038785848 0.03418038892968397 0.02664418212478921 09-001270
0 0.9926055299067859 0.18231365935918983 0.014788940186427875 0.02023608768971332 09-002217
0 0.973470489038785 0.18968634064081005 0.019716109810306203 0.021922428330522766 09-002480
0 0.9429409780775649 0.1993726812816186 0.032454535520134026 0.027318718381113015 09-001073
0 0.9176273187183877 0.20431365935919005 0.02806878747687281 0.022765598650927463 09-001532
0 0.8769999999999952 0.2140000000000004 0.02631448825956809 0.023946037099494104 09-001503
0 0.8940000000000055 0.21331365935919042 0.02999851661590819 0.023777403035413168 09-001369
0 0.8573136593591852 0.2203136593591901 0.02578819849437706 0.022596964586846575 09-001595
0 0.8406273187183751 0.2275295109612138 0.021577880372846116 0.02175379426644188 09-002748
0 0.5177065767284992 0.12141652613827993 0.016863406408094434 0.016863406408094434 
