0 0.742999999999995 0.1110590219224282 0.024700532979648093 0.02300168634064081 15-004837
0 0.5563136593591833 0.11543170320404654 0.02412161423793748 0.02114671163575042 15-005429
0 0.8100000000000023 0.44874536256323794 0.024507560065744557 0.02263069139966276 15-004914
0 0.5656863406408024 0.6494317032040472 0.02238485801280602 0.020404721753794115 15-005977
0 0.3189409780775839 0.670431703204048 0.021998912184999136 0.01966273187183825 15-006262
0 0.4368819561551461 0.7113726812816191 0.0631021428464449 0.057318718381113 15-001064
0 0.14094097807755826 0.7419021922428337 0.05133079509833133 0.048465430016863424 15-001473
0 0.25194097807757665 0.7409999999999997 0.16846535383775652 0.16026981450252945 15-000294
0 0.7903136593591922 0.905745362563237 0.03164755788017413 0.02708263069139957 15-003221
0 0.08549072512647828 0.8966273187183814 0.08664483834267206 0.07438448566610438 15-000726
0 0.45531365935918416 0.9440590219224283 0.04361187854219138 0.03561551433389526 15-001960
