0 0.019027255255931186 0.9847015177065772 0.03805451051186244 0.030596964586845667 09-000767
0 0.36043170320405105 0.8393136593591917 0.03742839218022991 0.03440134907251266 09-001127
0 0.08905902192243165 0.7887841483979756 0.04609125098202004 0.040640809443507626 09-000940
0 0.8306863406408029 0.7564114671163569 0.02700214087171634 0.028499156829679653 09-001952
0 0.7052546374367654 0.6529999999999987 0.11111596344243632 0.10185497470489044 09-000157
0 0.32884317032040766 0.6479409780775703 0.02322196474168226 0.02411467116357506 09-003235
0 0.48268634064080396 0.5080978077571663 0.025613662385181212 0.024451939291736932 09-003407
0 0.8888819561551442 0.3399021922428327 0.02914044739862863 0.029848229342327226 09-002353
0 0.19258853288364475 0.32605902192242986 0.03664598331162636 0.033389544688026906 09-001415
0 0.6734114671163549 0.1925295109612154 0.03827750760536531 0.03591905564924107 09-002444
0 0.8278819561551372 0.1383726812816205 0.03795740993224705 0.03794266441821248 09-001247
