0 0.019027255255931186 0.015298482293422833 0.03805451051186244 0.030596964586845667 09-000767
0 0.36043170320405105 0.16068634064080836 0.03742839218022991 0.03440134907251266 09-001127
0 0.08905902192243165 0.21121585160202433 0.04609125098202004 0.040640809443507626 09-000940
0 0.8306863406408029 0.24358853288364313 0.02700214087171634 0.028499156829679653 09-001952
0 0.7052546374367654 0.3470000000000013 0.11111596344243632 0.10185497470489044 09-000157
0 0.32884317032040766 0.35205902192242966 0.02322196474168226 0.02411467116357506 09-003235
0 0.48268634064080396 0.4919021922428337 0.025613662385181212 0.024451939291736932 09-003407
0 0.8888819561551442 0.6600978077571673 0.02914044739862863 0.029848229342327226 09-002353
0 0.19258853288364475 0.6739409780775701 0.03664598331162636 0.033389544688026906 09-001415
0 0.6734114671163549 0.8074704890387846 0.03827750760536531 0.03591905564924107 09-002444
0 0.8278819561551372 0.8616273187183795 0.03795740993224705 0.03794266441821248 09-001247
