0 0.6540590219224293 0.1407453625632381 0.022112942034315058 0.019106239460370968 15-006442
0 0.8733726812816234 0.14099999999999824 0.15867005775499762 0.13819561551433393 15-000340
0 0.6833726812816256 0.316431703204047 0.025992405549107183 0.02133220910623942 15-005019
0 0.020916119967488322 0.31200000000000117 0.03117566628935135 0.030236087689713333 15-002738
0 0.8466863406408083 0.3746863406408105 0.03569106433608749 0.028752107925801032 15-002696
0 0.7443726812816327 0.3723136593591893 0.044225884068630116 0.04099494097807758 15-001735
0 0.6810000000000116 0.42468634064080774 0.04558369629880734 0.040994940978077626 15-001689
0 0.35437268128161803 0.47700000000000026 0.19610688067274157 0.18290050590219217 15-000253
0 0.7963726812816252 0.5593726812816198 0.030453788591118126 0.023743676222597033 15-003727
0 0.9000000000000057 0.6077453625632369 0.10513346125086642 0.08940978077571667 15-000582
0 0.958686340640803 0.7277453625632379 0.021337049331356647 0.017807757166947824 15-007289
0 0.2876863406408108 0.8804317032040468 0.025798432373367552 0.023001686340640787 15-004605
