0 0.34594097807757074 0.1407453625632381 0.022112942034315058 0.019106239460370968 15-006442
0 0.12662731871837657 0.14099999999999824 0.15867005775499762 0.13819561551433393 15-000340
0 0.3166273187183743 0.316431703204047 0.025992405549107183 0.02133220910623942 15-005019
0 0.9790838800325117 0.31200000000000117 0.03117566628935135 0.030236087689713333 15-002738
0 0.1533136593591917 0.3746863406408105 0.03569106433608749 0.028752107925801032 15-002696
0 0.25562731871836725 0.3723136593591893 0.044225884068630116 0.04099494097807758 15-001735
0 0.3189999999999884 0.42468634064080774 0.04558369629880734 0.040994940978077626 15-001689
0 0.645627318718382 0.47700000000000026 0.19610688067274157 0.18290050590219217 15-000253
0 0.20362731871837475 0.5593726812816198 0.030453788591118126 0.023743676222597033 15-003727
0 0.09999999999999432 0.6077453625632369 0.10513346125086642 0.08940978077571667 15-000582
0 0.041313659359196925 0.7277453625632379 0.021337049331356647 0.017807757166947824 15-007289
0 0.7123136593591892 0.8804317032040468 0.025798432373367552 0.023001686340640787 15-004605
