0 0.7623919635871582 0.981441821247892 0.023276781088752745 0.02021922428330523 15-005824
0 0.33099999999998886 0.9420000000000002 0.020367183452658578 0.018920741989881956 15-007166
0 0.2609999999999957 0.9149999999999991 0.08127476063489487 0.07327150084317033 15-000763
0 0.12100000000000932 0.8019999999999996 0.0814687338106345 0.0721585160202361 15-000770
0 0.4660000000000082 0.6090000000000018 0.9140016040850231 0.841231028667791 15-000020
0 0.21399999999999864 0.23499999999999943 0.025798432373367625 0.023187183811129847 15-004624
0 0.5656816175522451 0.15032883642495776 0.0490752134621203 0.04433389544688021 15-001502
0 0.5912580975154232 0.10595278246205742 0.021531022507096265 0.01966273187183825 15-006467
0 0.08897584773017002 0.07517706576728489 0.03452722528164986 0.028937605396289805 15-002787
0 0.365667597589133 0.07040472175379431 0.09834440009998023 0.08347386172006746 15-000622
0 0.9518003362973861 0.05446037099494094 0.035691064336087736 0.031349072512647416 15-002523
