0 0.7975682967959644 0.6655682967959523 0.16305643531357694 0.1426475548060709 15-000328
0 0.3616273187183902 0.43362731871838234 0.03881367299928435 0.03543001686340639 15-002169
0 0.4660000000000082 0.4099409780775709 0.028671406687913667 0.024856661045531022 15-003860
0 0.9333136593591927 0.32756829679595134 0.03530288850688682 0.030050590219224366 15-002664
0 0.649313659359201 0.19462731871838146 0.031402016848667384 0.02578414839797633 15-003415
0 0.7346863406408135 0.18625463743676351 0.16383660964522065 0.14264755480607078 15-000324
0 0.3293136593591794 0.1793136593591914 0.031402016848667294 0.024300168634064218 15-003730
0 0.3650000000000091 0.17025463743676184 0.029841668185379477 0.027268128161888634 15-003438
0 0.02349004837338761 0.047999999999998155 0.05167810642145275 0.06566610455311982 15-000889
0 0.2914317032040343 0.04868634064081001 0.04017897807966121 0.03505902192242827 15-002123
