0 0.9223136593591971 0.7158819561551424 0.024185404280961182 0.02133220910623942 15-005375
0 0.855254637436757 0.6673136593591911 0.03413262700942111 0.02819561551433394 15-002947
0 0.06831365935918374 0.5755682967959523 0.03042679893411243 0.026711635750421497 15-003447
0 0.8543136593591851 0.5289409780775706 0.09342587621435806 0.07809443507588523 15-000686
0 0.7616273187183674 0.5126273187183794 0.117416236912408 0.11055649241146712 15-000469
0 0.868940978077567 0.4683726812816187 0.07567691016945917 0.07086003372681278 15-000815
0 0.8044114671163693 0.4367841483979753 0.03328340107238759 0.03344013490725133 15-003138
0 0.1913136593592026 0.34331365935918945 0.037448367918907585 0.03283305227655991 15-002365
0 0.7290978077571806 0.272156829679595 0.03152800882618883 0.027133220910624 15-004097
0 0.34899999999998954 0.15056829679595174 0.02282009920058423 0.0209612141652613 15-005810
