0 0.7975682967959644 0.3344317032040477 0.16305643531357694 0.1426475548060709 15-000328
0 0.3616273187183902 0.5663726812816177 0.03881367299928435 0.03543001686340639 15-002169
0 0.4660000000000082 0.5900590219224291 0.028671406687913667 0.024856661045531022 15-003860
0 0.9333136593591927 0.6724317032040487 0.03530288850688682 0.030050590219224366 15-002664
0 0.649313659359201 0.8053726812816185 0.031402016848667384 0.02578414839797633 15-003415
0 0.7346863406408135 0.8137453625632365 0.16383660964522065 0.14264755480607078 15-000324
0 0.3293136593591794 0.8206863406408086 0.031402016848667294 0.024300168634064218 15-003730
0 0.3650000000000091 0.8297453625632382 0.029841668185379477 0.027268128161888634 15-003438
0 0.02349004837338761 0.9520000000000018 0.05167810642145275 0.06566610455311982 15-000889
0 0.2914317032040343 0.95131365935919 0.04017897807966121 0.03505902192242827 15-002123
