0 0.36037268128161815 0.14037268128161934 0.05032124439103208 0.04470489038785833 15-001471
0 0.29968634064081123 0.14374536256323822 0.02125975053729651 0.017436762225969602 15-007442
0 0.7456863406408092 0.4299999999999997 0.03608306283853082 0.03153456998313667 15-002541
0 0.9496863406408169 0.4333726812816186 0.02145479412020747 0.018920741989881956 15-006725
0 0.2687453625632382 0.6756273187183796 0.029841668185379384 0.021703204047217546 15-004289
0 0.6212158516020139 0.7482546374367612 0.03445366256985359 0.02934232715008428 15-003243
0 0.887372681281605 0.7663136593591913 0.12268241365100459 0.10276559865092758 15-000476
0 0.29143170320403433 0.8256273187183818 0.028671406687913667 0.02693086003372686 15-004135
0 0.4046863406408011 0.8822158516020238 0.02125975053729651 0.019494097807757075 15-007287
0 0.03768634064081089 0.9130590219224296 0.03549793208979758 0.02930860033726793 15-002704
