0 0.07768634064080293 0.28411804384485756 0.024185404280961182 0.02133220910623942 15-005375
0 0.144745362563243 0.33268634064080893 0.03413262700942111 0.02819561551433394 15-002947
0 0.9316863406408162 0.4244317032040476 0.03042679893411243 0.026711635750421497 15-003447
0 0.14568634064081487 0.47105902192242943 0.09342587621435806 0.07809443507588523 15-000686
0 0.23837268128163258 0.48737268128162053 0.117416236912408 0.11055649241146712 15-000469
0 0.13105902192243302 0.5316273187183813 0.07567691016945917 0.07086003372681278 15-000815
0 0.19558853288363065 0.5632158516020247 0.03328340107238759 0.03344013490725133 15-003138
0 0.8086863406407974 0.6566863406408106 0.037448367918907585 0.03283305227655991 15-002365
0 0.2709021922428194 0.727843170320405 0.03152800882618883 0.027133220910624 15-004097
0 0.6510000000000105 0.8494317032040483 0.02282009920058423 0.0209612141652613 15-005810
