0 0.6396273187183819 0.8596273187183807 0.05032124439103208 0.04470489038785833 15-001471
0 0.7003136593591888 0.8562546374367618 0.02125975053729651 0.017436762225969602 15-007442
0 0.25431365935919076 0.5700000000000003 0.03608306283853082 0.03153456998313667 15-002541
0 0.050313659359183055 0.5666273187183815 0.02145479412020747 0.018920741989881956 15-006725
0 0.7312546374367618 0.32437268128162045 0.029841668185379384 0.021703204047217546 15-004289
0 0.3787841483979862 0.25174536256323876 0.03445366256985359 0.02934232715008428 15-003243
0 0.11262731871839499 0.23368634064080873 0.12268241365100459 0.10276559865092758 15-000476
0 0.7085682967959657 0.1743726812816182 0.028671406687913667 0.02693086003372686 15-004135
0 0.5953136593591989 0.11778414839797624 0.02125975053729651 0.019494097807757075 15-007287
0 0.9623136593591891 0.0869409780775704 0.03549793208979758 0.02930860033726793 15-002704
