0 0.12399999999999523 0.03812647554806062 0.12457808529660852 0.08387824620573335 15-000450
0 0.8349418019290351 0.09818718381112984 0.10495948918690651 0.0936762225969646 15-000571
0 0.29268634064080623 0.13405902192242966 0.024327059176030705 0.02151770657672853 15-005331
0 0.038000000000010914 0.17343170320404636 0.026877476670292104 0.023001686340640835 15-004508
0 0.6658431703203967 0.1769021922428324 0.026601957700131205 0.02045531197301854 15-007274
0 0.9320590219224208 0.23162731871838058 0.03433254319197878 0.030421585160202394 15-002708
0 0.6370000000000005 0.39705902192242776 0.021776641681769404 0.018364249578414815 15-006972
0 0.37299999999999045 0.5310590219224282 0.023346129370545584 0.020590219224283175 15-005792
0 0.08068634064081703 0.5884317032040455 0.08141717385526387 0.06956155143338935 15-000794
0 0.1251180438448658 0.8210590219224272 0.026877476670292104 0.02133220910623942 15-004722
0 0.18168634064081624 0.8360590219224279 0.04139523779147138 0.029865092748735306 15-002300
0 0.5080000000000098 0.9533726812816181 0.07768964059442056 0.06325463743676221 15-000868
