0 0.8760000000000048 0.9618735244519394 0.12457808529660852 0.08387824620573335 15-000450
0 0.16505819807096495 0.9018128161888701 0.10495948918690651 0.0936762225969646 15-000571
0 0.7073136593591938 0.8659409780775703 0.024327059176030705 0.02151770657672853 15-005331
0 0.9619999999999891 0.8265682967959537 0.026877476670292104 0.023001686340640835 15-004508
0 0.33415682967960325 0.8230978077571676 0.026601957700131205 0.02045531197301854 15-007274
0 0.06794097807757918 0.7683726812816194 0.03433254319197878 0.030421585160202394 15-002708
0 0.36299999999999955 0.6029409780775723 0.021776641681769404 0.018364249578414815 15-006972
0 0.6270000000000095 0.46894097807757185 0.023346129370545584 0.020590219224283175 15-005792
0 0.919313659359183 0.4115682967959545 0.08141717385526387 0.06956155143338935 15-000794
0 0.8748819561551342 0.1789409780775728 0.026877476670292104 0.02133220910623942 15-004722
0 0.8183136593591838 0.16394097807757213 0.04139523779147138 0.029865092748735306 15-002300
0 0.49199999999999017 0.04662731871838188 0.07768964059442056 0.06325463743676221 15-000868
