0 0.2122974610941129 0.9807203204047218 0.057698501083275025 0.038559359190556496 15-001096
0 0.549104600585295 0.8057841483979764 0.02152098432688055 0.019662731871838104 15-006243
0 0.3602676670110505 0.7814924114671163 0.028199910497291935 0.025042158516020204 15-003779
0 0.2952490318711764 0.6036846543001686 0.2729083443520823 0.2461551433389544 15-000162
0 0.6702760563295543 0.5910286677908938 0.028756487678159505 0.02522765598650924 15-003626
0 0.5188874079154567 0.5014671163575042 0.10556413863788917 0.09905564924114672 15-000520
0 0.2990000000000066 0.41500000000000004 0.1371035122203866 0.12892074198988204 15-000371
0 0.23946443707401988 0.23255480607082635 0.05732744962936328 0.05026981450252961 15-001198
0 0.9572214686201957 0.15425801011804385 0.07881170019637078 0.08254637436762224 15-000654
0 0.39502176305125847 0.07989038785834734 0.04638143173896708 0.04173693086003373 15-001579
0 0.2275867244697654 0.07409780775716701 0.023747293050351108 0.02003372681281637 15-005408
