0 0.7877025389058872 0.019279679595278248 0.057698501083275025 0.038559359190556496 15-001096
0 0.450895399414705 0.19421585160202362 0.02152098432688055 0.019662731871838104 15-006243
0 0.6397323329889495 0.21850758853288368 0.028199910497291935 0.025042158516020204 15-003779
0 0.7047509681288235 0.3963153456998314 0.2729083443520823 0.2461551433389544 15-000162
0 0.32972394367044566 0.40897133220910625 0.028756487678159505 0.02522765598650924 15-003626
0 0.48111259208454327 0.49853288364249576 0.10556413863788917 0.09905564924114672 15-000520
0 0.7009999999999934 0.585 0.1371035122203866 0.12892074198988204 15-000371
0 0.7605355629259801 0.7674451939291737 0.05732744962936328 0.05026981450252961 15-001198
0 0.04277853137980425 0.8457419898819561 0.07881170019637078 0.08254637436762224 15-000654
0 0.6049782369487415 0.9201096121416527 0.04638143173896708 0.04173693086003373 15-001579
0 0.7724132755302346 0.925902192242833 0.023747293050351108 0.02003372681281637 15-005408
