0 0.943000000000012 0.22874536256323774 0.02708675613555676 0.024671163575042152 15-004047
0 0.6204114671163434 0.5840000000000001 0.052825004887802514 0.04983136593591917 15-001101
0 0.11168634064082306 0.6023726812816189 0.02003677851123396 0.01854974704890388 15-007003
0 0.6206863406408092 0.6243726812816188 0.021149932872968905 0.020590219224283175 15-006017
0 0.7812546374367731 0.638 0.14471006702557712 0.1426475548060707 15-000345
0 0.8983726812816291 0.6757453625632378 0.03153937358249758 0.028381112984823004 15-002980
0 0.32931365935917944 0.675 0.0354354138485707 0.03320404721753784 15-002331
0 0.01070422513318281 0.72 0.023549295293002474 0.024485666104553282 15-003720
0 0.013143812278618716 0.749 0.028916387012961352 0.025969645868465393 15-002869
0 0.03568634064080123 0.9107453625632378 0.023190715869483444 0.02263069139966247 15-005003
0 0.9836863406408087 0.9290590219224284 0.024674921685130472 0.02003372681281637 15-005332
