0 0.5219409780775585 0.01040809443507589 0.023005190142527717 0.01918785834738618 15-005397
0 0.6083136593592042 0.1607453625632378 0.01966572705732212 0.019106239460370968 15-007015
0 0.42394097807757375 0.18899999999999995 0.08552736012665527 0.08198988195615516 15-000676
0 0.3569409780775664 0.4097453625632378 0.01985125278427785 0.019477234401349092 15-006758
0 0.6042546374367522 0.46437268128161885 0.06363532434586282 0.058802698145025305 15-001009
0 0.8206273187183933 0.5017453625632378 0.020778881419057257 0.01854974704890388 15-006865
0 0.8709409780775764 0.4966273187183811 0.029313064859027262 0.02652613827993258 15-003379
0 0.5209999999999866 0.5369999999999999 0.20519145401319025 0.1929173693086003 15-000220
0 0.659254637436759 0.8873726812816188 0.023005190142527717 0.026593591905564894 15-005735
0 0.48500000000001364 0.9245151770657674 0.17995995514719224 0.1660666104553119 15-000271
