0 0.47805902192244154 0.9895919055649242 0.023005190142527717 0.01918785834738618 15-005397
0 0.39168634064079577 0.8392546374367622 0.01966572705732212 0.019106239460370968 15-007015
0 0.5760590219224262 0.811 0.08552736012665527 0.08198988195615516 15-000676
0 0.6430590219224336 0.5902546374367622 0.01985125278427785 0.019477234401349092 15-006758
0 0.39574536256324777 0.5356273187183811 0.06363532434586282 0.058802698145025305 15-001009
0 0.17937268128160666 0.49825463743676224 0.020778881419057257 0.01854974704890388 15-006865
0 0.12905902192242358 0.5033726812816188 0.029313064859027262 0.02652613827993258 15-003379
0 0.4790000000000134 0.4630000000000001 0.20519145401319025 0.1929173693086003 15-000220
0 0.34074536256324095 0.11262731871838116 0.023005190142527717 0.026593591905564894 15-005735
0 0.5149999999999864 0.07548482293423264 0.17995995514719224 0.1660666104553119 15-000271
