0 0.5423726812816203 0.06694097807757085 0.06636195584132291 0.06121416526138279 09-000359
0 0.6998431703204029 0.24299999999999855 0.10250396803615851 0.08971332209106245 09-000196
0 0.6881568296795882 0.3742546374367625 0.1470776834350414 0.12715008431703206 09-000112
0 0.11637268128161848 0.5941568296795942 0.041021577494586584 0.03912310286677917 09-001039
0 0.4135295109612155 0.6686273187183818 0.034347445968063245 0.03726812816188874 09-001215
0 0.44121585160202126 0.808568296795953 0.025912984702234083 0.03018549747048919 09-001966
0 0.20399999999999352 0.8490000000000002 0.02648559105773184 0.02512647554806067 09-003426
0 0.5566863406408162 0.8611568296795936 0.023149904325361424 0.02141652613828001 09-002171
0 0.5792158516020265 0.8654114671163586 0.033017260510826325 0.030016863406408113 09-001805
0 0.5326863406408153 0.9124114671163591 0.026021210288196792 0.025295109612141653 09-001797
