0 0.45762731871837964 0.9330590219224292 0.06636195584132291 0.06121416526138279 09-000359
0 0.30015682967959717 0.7570000000000014 0.10250396803615851 0.08971332209106245 09-000196
0 0.31184317032041176 0.6257453625632374 0.1470776834350414 0.12715008431703206 09-000112
0 0.8836273187183815 0.40584317032040584 0.041021577494586584 0.03912310286677917 09-001039
0 0.5864704890387845 0.33137268128161823 0.034347445968063245 0.03726812816188874 09-001215
0 0.5587841483979787 0.191431703204047 0.025912984702234083 0.03018549747048919 09-001966
0 0.7960000000000065 0.1509999999999998 0.02648559105773184 0.02512647554806067 09-003426
0 0.4433136593591837 0.13884317032040638 0.023149904325361424 0.02141652613828001 09-002171
0 0.42078414839797357 0.13458853288364137 0.033017260510826325 0.030016863406408113 09-001805
0 0.4673136593591846 0.08758853288364088 0.026021210288196792 0.025295109612141653 09-001797
