0 0.5423726812816203 0.9330590219224292 0.06636195584132291 0.06121416526138279 09-000359
0 0.6998431703204029 0.7570000000000014 0.10250396803615851 0.08971332209106245 09-000196
0 0.6881568296795882 0.6257453625632374 0.1470776834350414 0.12715008431703206 09-000112
0 0.11637268128161848 0.40584317032040584 0.041021577494586584 0.03912310286677917 09-001039
0 0.4135295109612155 0.33137268128161823 0.034347445968063245 0.03726812816188874 09-001215
0 0.44121585160202126 0.191431703204047 0.025912984702234083 0.03018549747048919 09-001966
0 0.20399999999999352 0.1509999999999998 0.02648559105773184 0.02512647554806067 09-003426
0 0.5566863406408162 0.13884317032040638 0.023149904325361424 0.02141652613828001 09-002171
0 0.5792158516020265 0.13458853288364137 0.033017260510826325 0.030016863406408113 09-001805
0 0.5326863406408153 0.08758853288364088 0.026021210288196792 0.025295109612141653 09-001797
