0 0.07278414839797458 0.9549409780775725 0.028521244823846253 0.030860033726812817 09-002031
0 0.6809409780775788 0.9198431703204052 0.04775083932771176 0.04317032040472175 09-000783
0 0.5766273187183794 0.7086863406408102 0.0331176286152191 0.03187183811129854 09-001675
0 0.0994704890387897 0.6678431703204063 0.1215755184597616 0.112141652613828 09-000155
0 0.05762731871838816 0.38615682967959575 0.039847103400897164 0.034907251264755364 09-001130
0 0.24362731871838103 0.33531365935919033 0.025925515698485745 0.02495784148397988 09-002523
0 0.5703136593591933 0.08547048903878673 0.11606974618383764 0.09865092748735245 09-000170
0 0.05347048903878322 0.06772512647554985 0.02506556858255214 0.026812816188870305 09-002807
0 0.527000000000001 0.06262731871838001 0.03611066672545795 0.03271500843170336 09-001140
0 0.8170320404721754 0.35413153456998314 0.025295109612141653 0.023608768971332208 
0 0.8979763912310287 0.260539629005059 0.02866779089376054 0.025295109612141653 
0 0.9384485666104553 0.6138279932546374 0.025295109612141653 0.026981450252951095 
