0 0.07278414839797458 0.04505902192242748 0.028521244823846253 0.030860033726812817 09-002031
0 0.6809409780775788 0.0801568296795948 0.04775083932771176 0.04317032040472175 09-000783
0 0.5766273187183794 0.29131365935918985 0.0331176286152191 0.03187183811129854 09-001675
0 0.0994704890387897 0.3321568296795937 0.1215755184597616 0.112141652613828 09-000155
0 0.05762731871838816 0.6138431703204043 0.039847103400897164 0.034907251264755364 09-001130
0 0.24362731871838103 0.6646863406408097 0.025925515698485745 0.02495784148397988 09-002523
0 0.5703136593591933 0.9145295109612133 0.11606974618383764 0.09865092748735245 09-000170
0 0.05347048903878322 0.9322748735244502 0.02506556858255214 0.026812816188870305 09-002807
0 0.527000000000001 0.93737268128162 0.03611066672545795 0.03271500843170336 09-001140
0 0.8170320404721754 0.6458684654300169 0.025295109612141653 0.023608768971332208 
0 0.8979763912310287 0.739460370994941 0.02866779089376054 0.025295109612141653 
0 0.9384485666104553 0.38617200674536256 0.025295109612141653 0.026981450252951095 
