0 0.5368431703204061 0.9539409780775713 0.025885129071289432 0.02462057335581788 09-002841
0 0.7917453625632344 0.9253136593591902 0.02869720523365887 0.02630691399662731 09-003016
0 0.35437268128161803 0.8215682967959511 0.022514710431201186 0.026138279932546374 09-002400
0 0.895651472668221 0.7799325463743676 0.034135997613001824 0.03541315345699832 09-001786
0 0.8443726812816128 0.6745682967959525 0.02232708784427444 0.02411467116357506 09-002771
0 0.7647453625632333 0.3541568296795957 0.03901192223156479 0.033389544688026906 09-001402
0 0.664274873524453 0.2564704890387862 0.06659923043437806 0.05952782462057347 09-000392
0 0.7870590219224247 0.022313659359191496 0.03001508862520684 0.026138279932546374 09-001648
0 0.7571669477234402 0.06155143338954472 0.026981450252951095 0.021922428330522766 
0 0.5750421585160203 0.20404721753794264 0.023608768971332208 0.02023608768971332 
0 0.2774030354131535 0.7116357504215851 0.01854974704890388 0.016863406408094434 
0 0.12141652613827991 0.6323777403035413 0.023608768971332208 0.02023608768971332 
