0 0.2543726812816236 0.9096273187183813 0.022889955605054583 0.023777403035413144 09-002705
0 0.8720590219224328 0.6490978077571681 0.01932512645344762 0.021416526138279914 09-003468
0 0.6967453625632355 0.5858431703204056 0.03958384055846735 0.03524451939291738 09-001026
0 0.9838693610013726 0.47347048903878497 0.03226127799725477 0.038111298482293464 09-000999
0 0.31531365935918365 0.4495295109612133 0.035263995776092696 0.02967959527824605 09-001452
0 0.16937268128161576 0.4402546374367614 0.023260675495846504 0.023608768971332208 09-003252
0 0.34062731871837515 0.2094704890387855 0.029635318168292357 0.025295109612141653 09-002247
0 0.931902192242835 0.1946863406408108 0.025134638723582667 0.026138279932546374 09-003329
0 0.02277977700151923 0.054470489038784375 0.038814191439800715 0.03575042158516028 09-001392
0 0.8861720067453626 0.7504215851602023 0.021922428330522766 0.02023608768971332 
