0 0.537940978077578 0.9376863406408094 0.026651960746884782 0.024283305227655996 09-002528
0 0.41194097807757324 0.8604704890387853 0.032708358656547344 0.02715008431703208 09-001593
0 0.11947048903878572 0.8040978077571657 0.023107038301872065 0.019898819561551453 09-002325
0 0.12762731871838134 0.7651568296795935 0.03028198954831329 0.027487352445193947 09-001442
0 0.027627318718387025 0.7015682967959537 0.028733847528331254 0.028499156829679653 09-001852
0 0.1776273187183785 0.672472175379428 0.28979483003298906 0.24384485666104558 09-000030
0 0.32231365935918865 0.5535295109612125 0.02536116624671239 0.022765598650927487 09-002352
0 0.10631365935919465 0.5137841483979771 0.02422559163865063 0.023440134907251227 09-002348
0 0.1356273187183769 0.45462731871837947 0.02309001703058887 0.022091062394603556 09-002419
0 0.5289999999999964 0.45952951096121486 0.15806817549782637 0.148735244519393 09-000088
0 0.8893136593591958 0.4519409780775724 0.021008130249142373 0.02495784148397988 09-002790
0 0.8939105320315875 0.2652360876897143 0.21217893593682455 0.1811129848229344 09-000050
0 0.595097807757166 0.1265295109612129 0.049346431636836406 0.04772344013490727 09-000695
0 0.8843136593591862 0.11884317032040326 0.036270302372843156 0.03591905564924107 09-001645
0 0.7087841483979702 0.06341146711635892 0.02288373332462884 0.022596964586846697 09-002912
