0 0.16347048903878264 0.9840387858347378 0.04048513974958584 0.031922428330524326 09-001106
0 0.48431365935919474 0.9670978077571659 0.0338439332646092 0.031703204047217534 09-001435
0 0.798254637436769 0.9556273187183807 0.04065738091297957 0.03827993254637436 09-000959
0 0.8942546374367584 0.9478431703204039 0.04213743784782898 0.036256323777403045 09-001064
0 0.0221261119205693 0.884411467116357 0.0442522238411386 0.05649241146711637 09-000669
0 0.34794097807756613 0.8812546374367639 0.02062960537978842 0.02242833052276562 09-003437
0 0.1934114671163509 0.8592546374367619 0.030575408061251304 0.02546374367622259 09-003231
0 0.694195615514337 0.8306273187183808 0.03028198954831329 0.033389544688026955 09-001496
0 0.12294097807757179 0.7919409780775722 0.021008130249142325 0.0234401349072513 09-003105
0 0.3826273187183768 0.7344114671163584 0.027409010485592588 0.028161888701517687 09-002209
0 0.5564704890387833 0.6306273187183815 0.04499339563926639 0.043338954468802676 09-000821
0 0.115568296795948 0.5264704890387857 0.024759336400115118 0.025295109612141653 09-002955
0 0.3673136593591903 0.4764114671163592 0.026875265724128006 0.02563237774030362 09-002666
0 0.059940978077569394 0.45078414839797465 0.02044034294511147 0.024451939291736932 09-003353
0 0.32862731871837475 0.3862546374367629 0.02782157789751284 0.03035413153456998 09-002176
0 0.28215682967959654 0.19756829679595234 0.03269133738526415 0.03507588532883654 09-001690
0 0.4764114671163521 0.03994097807757335 0.040417054664453146 0.03979763912310271 09-001189
0 0.8717841483979811 0.021999999999998576 0.031779067754445896 0.031197301854974706 09-001383
