0 0.462059021922422 0.062313659359190615 0.026651960746884782 0.024283305227655996 09-002528
0 0.5880590219224268 0.13952951096121463 0.032708358656547344 0.02715008431703208 09-001593
0 0.8805295109612142 0.19590219224283434 0.023107038301872065 0.019898819561551453 09-002325
0 0.8723726812816186 0.2348431703204065 0.03028198954831329 0.027487352445193947 09-001442
0 0.972372681281613 0.29843170320404633 0.028733847528331254 0.028499156829679653 09-001852
0 0.8223726812816214 0.3275278246205719 0.28979483003298906 0.24384485666104558 09-000030
0 0.6776863406408113 0.4464704890387875 0.02536116624671239 0.022765598650927487 09-002352
0 0.8936863406408053 0.48621585160202285 0.02422559163865063 0.023440134907251227 09-002348
0 0.864372681281623 0.5453726812816205 0.02309001703058887 0.022091062394603556 09-002419
0 0.47100000000000364 0.5404704890387851 0.15806817549782637 0.148735244519393 09-000088
0 0.11068634064080418 0.5480590219224276 0.021008130249142373 0.02495784148397988 09-002790
0 0.10608946796841245 0.7347639123102857 0.21217893593682455 0.1811129848229344 09-000050
0 0.40490219224283397 0.8734704890387871 0.049346431636836406 0.04772344013490727 09-000695
0 0.11568634064081385 0.8811568296795967 0.036270302372843156 0.03591905564924107 09-001645
0 0.2912158516020298 0.9365885328836411 0.02288373332462884 0.022596964586846697 09-002912
