0 0.8365295109612174 0.015961214165262163 0.04048513974958584 0.031922428330524326 09-001106
0 0.5156863406408052 0.032902192242834076 0.0338439332646092 0.031703204047217534 09-001435
0 0.20174536256323095 0.04437268128161926 0.04065738091297957 0.03827993254637436 09-000959
0 0.10574536256324163 0.0521568296795961 0.04213743784782898 0.036256323777403045 09-001064
0 0.9778738880794307 0.11558853288364304 0.0442522238411386 0.05649241146711637 09-000669
0 0.6520590219224338 0.11874536256323609 0.02062960537978842 0.02242833052276562 09-003437
0 0.8065885328836491 0.1407453625632381 0.030575408061251304 0.02546374367622259 09-003231
0 0.30580438448566305 0.16937268128161925 0.03028198954831329 0.033389544688026955 09-001496
0 0.8770590219224282 0.20805902192242773 0.021008130249142325 0.0234401349072513 09-003105
0 0.6173726812816231 0.26558853288364165 0.027409010485592588 0.028161888701517687 09-002209
0 0.44352951096121673 0.36937268128161854 0.04499339563926639 0.043338954468802676 09-000821
0 0.884431703204052 0.47352951096121426 0.024759336400115118 0.025295109612141653 09-002955
0 0.6326863406408096 0.5235885328836408 0.026875265724128006 0.02563237774030362 09-002666
0 0.9400590219224306 0.5492158516020254 0.02044034294511147 0.024451939291736932 09-003353
0 0.6713726812816252 0.6137453625632371 0.02782157789751284 0.03035413153456998 09-002176
0 0.7178431703204035 0.8024317032040477 0.03269133738526415 0.03507588532883654 09-001690
0 0.5235885328836478 0.9600590219224266 0.040417054664453146 0.03979763912310271 09-001189
0 0.12821585160201887 0.9780000000000014 0.031779067754445896 0.031197301854974706 09-001383
