0 0.9869999999999948 0.37152951096121395 0.027359518082837122 0.02620573355817869 15-005117
0 0.8170590219224402 0.47290219224283175 0.07635214348698728 0.06441821247892063 15-000967
0 0.23937268128160893 0.6519021922428339 0.023541910908487798 0.020792580101180506 15-006621
0 0.12837268128161894 0.7077453625632383 0.02460235734580716 0.01984822934232731 15-006190
0 0.30937268128163053 0.7327453625632369 0.026511160932981784 0.024704890387858308 15-005286
0 0.269745362563243 0.7542158516020236 0.030752946682258663 0.023389544688026988 15-004324
0 0.23102866779089382 0.26981450252951095 0.023608768971332208 0.02023608768971332 
0 0.602866779089376 0.3617200674536256 0.021922428330522766 0.01854974704890388 
0 0.6829679595278246 0.049747048903878585 0.023608768971332208 0.01854974704890388 
0 0.3684654300168634 0.8929173693086003 0.025295109612141653 0.021922428330522766 
