0 0.2633136593591769 0.16837268128161803 0.05724073023402682 0.04924114671163578 09-000641
0 0.28931365935918735 0.44974536256323916 0.021614124748751615 0.023777403035413192 09-003046
0 0.2132546374367611 0.511843170320404 0.04029992975527553 0.03608768971332205 09-001453
0 0.09631365935920375 0.6227453625632374 0.023950786883751775 0.02141652613828001 09-002533
0 0.8286273187183747 0.6203726812816198 0.06594080331657552 0.055817875210792615 09-000460
0 0.9632158516020269 0.6561568296795953 0.038286555349001626 0.03220910623946041 09-001921
0 0.6794704890387738 0.6680590219224286 0.04568598544316851 0.037605396290050705 09-001121
0 0.04831365935920193 0.7170590219224281 0.02161412474875159 0.021753794266441976 09-002781
0 0.7708819561551492 0.7830000000000013 0.18204994053847526 0.1453625632377739 09-000092
0 0.2682546374367679 0.8288431703204041 0.05861127521958766 0.04822934232715012 09-000482
0 0.6755682967959502 0.9272158516020218 0.058089519609539515 0.05008431703204055 09-000521
