0 0.2955295109612205 0.9077841483979754 0.15011930406354498 0.12883642495784148 09-000120
0 0.5816863406408219 0.8977841483979774 0.022587733971668394 0.02394603709949408 09-002567
0 0.8293726812816122 0.879843170320406 0.041016407209906965 0.03608768971332209 09-001095
0 0.20599999999998886 0.824784148397977 0.020640515525834832 0.021922428330522766 09-003230
0 0.4960000000000093 0.8209409780775722 0.02180884659333501 0.02091062394603711 09-002923
0 0.227313659359204 0.8166273187183813 0.027650501930835313 0.025463743676222634 09-002051
0 0.37484317032040004 0.7290978077571664 0.023689909078727655 0.02175379426644188 09-003024
0 0.05000000000001126 0.667784148397977 0.0253762497195371 0.023271500843170242 09-002753
0 0.2556863406408002 0.3089409780775718 0.025119117951251758 0.023946037099493982 09-002554
0 0.08715682967958904 0.280940978077573 0.030178139873680086 0.026812816188870305 09-002117
