0 0.7366863406408231 0.831627318718382 0.05724073023402682 0.04924114671163578 09-000641
0 0.7106863406408126 0.5502546374367608 0.021614124748751615 0.023777403035413192 09-003046
0 0.7867453625632389 0.48815682967959595 0.04029992975527553 0.03608768971332205 09-001453
0 0.9036863406407962 0.3772546374367626 0.023950786883751775 0.02141652613828001 09-002533
0 0.1713726812816253 0.3796273187183802 0.06594080331657552 0.055817875210792615 09-000460
0 0.03678414839797306 0.3438431703204047 0.038286555349001626 0.03220910623946041 09-001921
0 0.32052951096122617 0.3319409780775714 0.04568598544316851 0.037605396290050705 09-001121
0 0.951686340640798 0.2829409780775719 0.02161412474875159 0.021753794266441976 09-002781
0 0.2291180438448508 0.21699999999999875 0.18204994053847526 0.1453625632377739 09-000092
0 0.7317453625632321 0.1711568296795959 0.05861127521958766 0.04822934232715012 09-000482
0 0.3244317032040498 0.0727841483979782 0.058089519609539515 0.05008431703204055 09-000521
