0 0.6392546374367488 0.24268634064080907 0.03448523867571077 0.028971332209106252 15-003408
0 0.8423136593591847 0.539313659359191 0.0908182683136733 0.06566610455311964 15-000812
0 0.5120000000000005 0.5703726812816191 0.0314865222691273 0.023929173693086097 15-004017
0 0.8340000000000032 0.5720590219224285 0.024632313339793464 0.019291736930860125 15-006555
0 0.9082546374367543 0.6842748735244527 0.04155364163408619 0.03640809443507575 15-002370
0 0.9535861229534414 0.718 0.102110529502429 0.15674536256323784 15-000302
0 0.5543136593592022 0.7340000000000018 0.03170071629816888 0.024485666104553282 15-003896
0 0.625 0.7630000000000017 0.3182923271559402 0.25895446880269807 15-000153
0 0.4326273187183882 0.802627318718382 0.053120119202337245 0.04433389544688021 15-001504
0 0.8559409780775616 0.8880000000000017 0.07046983555471346 0.05416526138279943 15-001099
0 0.15935919055649242 0.29932546374367625 0.021922428330522766 0.01854974704890388 
