0 0.9614114671163517 0.8764704890387854 0.03929996086039335 0.03993254637436763 15-002175
0 0.19147048903877423 0.6547841483979762 0.021051768872674324 0.02005059021922426 15-007449
0 0.9737841483979851 0.5667841483979761 0.023100035320275467 0.023237774030354087 15-006689
0 0.03700000000000614 0.5570000000000004 0.06945485317774626 0.06807757166947724 15-000859
0 0.24256829679595757 0.5189409780775718 0.04080009546051171 0.036424957841484015 15-002418
0 0.5196273187183773 0.3187251264755484 0.0199240463539379 0.02005059021922426 15-007239
0 0.25225463743674836 0.31899999999999995 0.1014822921765998 0.0921922428330522 15-000568
0 0.4157251264755594 0.20000000000000018 0.049748471688270485 0.048296795952782634 15-001644
0 0.7738819561551351 0.18531365935919086 0.028138084693522948 0.026559865092748734 15-004662
0 0.8296795952782462 0.04553119730185495 0.026981450252951095 0.02023608768971332 
