0 0.038588532883648274 0.8764704890387854 0.03929996086039335 0.03993254637436763 15-002175
0 0.8085295109612258 0.6547841483979762 0.021051768872674324 0.02005059021922426 15-007449
0 0.026215851602014895 0.5667841483979761 0.023100035320275467 0.023237774030354087 15-006689
0 0.9629999999999939 0.5570000000000004 0.06945485317774626 0.06807757166947724 15-000859
0 0.7574317032040424 0.5189409780775718 0.04080009546051171 0.036424957841484015 15-002418
0 0.4803726812816227 0.3187251264755484 0.0199240463539379 0.02005059021922426 15-007239
0 0.7477453625632516 0.31899999999999995 0.1014822921765998 0.0921922428330522 15-000568
0 0.5842748735244405 0.20000000000000018 0.049748471688270485 0.048296795952782634 15-001644
0 0.2261180438448649 0.18531365935919086 0.028138084693522948 0.026559865092748734 15-004662
0 0.1703204047217538 0.04553119730185495 0.026981450252951095 0.02023608768971332 
