0 0.7859021922428342 0.9855295109612147 0.028962077168688063 0.02731871838111299 09-001962
0 0.4965885328836469 0.9636273187183816 0.04053009167759612 0.0387858347386172 09-001033
0 0.6754317032040489 0.7821568296795948 0.2402282777481396 0.23895446880269822 09-000039
0 0.9669612141652645 0.6768431703204049 0.03387138343042369 0.03271500843170316 09-001677
0 0.7267453625632366 0.5180000000000007 0.027575167849264212 0.02883642495784152 09-003151
0 0.17174536256324402 0.3226273187183817 0.02791664006706772 0.02866779089376035 09-002453
0 0.25158853288364236 0.21347048903878507 0.03284696677701255 0.03204047217537943 09-001897
0 0.8801180438448613 0.2038431703204041 0.05899061188720558 0.05682967959527832 09-000463
0 0.7659021922428382 0.12147048903878643 0.09964682625405627 0.09949409780775717 09-000176
0 0.918212478920742 0.3979763912310287 0.021922428330522766 0.023608768971332208 
