0 0.8897841483979818 0.9900261382799325 0.023669257792730675 0.019947723440135023 09-003160
0 0.8280978077571701 0.9079999999999995 0.024010730010534276 0.026475548060708266 09-003213
0 0.8770978077571626 0.9043136593591912 0.034725063974933135 0.033558178752107946 09-001517
0 0.8470978077571614 0.8353726812816196 0.02571809109955287 0.024957841483979785 09-002568
0 0.4369999999999976 0.5015295109612148 0.07188247437091014 0.06441821247892063 09-000361
0 0.9895208399832306 0.41194097807757146 0.020958320033538768 0.029173693086003295 09-002330
0 0.8274114671163513 0.38052951096121423 0.03382934253400544 0.03220910623946041 09-002099
0 0.27047048903878196 0.337529510961215 0.02742545218857137 0.02883642495784152 09-002529
0 0.6540978077571635 0.04817453625632373 0.10570924438168663 0.09634907251264754 09-000175
0 0.8929173693086003 0.1711635750421585 0.021922428330522766 0.021922428330522766 
