0 0.7859021922428342 0.014470489038785294 0.028962077168688063 0.02731871838111299 09-001962
0 0.4965885328836469 0.036372681281618365 0.04053009167759612 0.0387858347386172 09-001033
0 0.6754317032040489 0.21784317032040526 0.2402282777481396 0.23895446880269822 09-000039
0 0.9669612141652645 0.32315682967959514 0.03387138343042369 0.03271500843170316 09-001677
0 0.7267453625632366 0.48199999999999926 0.027575167849264212 0.02883642495784152 09-003151
0 0.17174536256324402 0.6773726812816183 0.02791664006706772 0.02866779089376035 09-002453
0 0.25158853288364236 0.7865295109612149 0.03284696677701255 0.03204047217537943 09-001897
0 0.8801180438448613 0.7961568296795959 0.05899061188720558 0.05682967959527832 09-000463
0 0.7659021922428382 0.8785295109612136 0.09964682625405627 0.09949409780775717 09-000176
0 0.918212478920742 0.6020236087689713 0.021922428330522766 0.023608768971332208 
