4 0.47494097807756147 0.1176863406408091 0.0674325463339976 0.062141652613827994 23-003488
3 0.06394097807756008 0.5376273187183814 0.08532665779134349 0.08198988195615516 23-002797
4 0.47494097807756147 0.1176863406408091 0.0674325463339976 0.062141652613827994 23-003488
3 0.06394097807756008 0.5376273187183814 0.08532665779134349 0.08198988195615516 23-002797
4 0.47494097807756147 0.1176863406408091 0.0674325463339976 0.062141652613827994 23-003488
3 0.06394097807756008 0.5376273187183814 0.08532665779134349 0.08198988195615516 23-002797
4 0.47494097807756147 0.1176863406408091 0.0674325463339976 0.062141652613827994 23-003488
3 0.06394097807756008 0.5376273187183814 0.08532665779134349 0.08198988195615516 23-002797
4 0.47494097807756147 0.1176863406408091 0.0674325463339976 0.062141652613827994 23-003488
3 0.06394097807756008 0.5376273187183814 0.08532665779134349 0.08198988195615516 23-002797
