4 0.8599409780775807 0.14094097807757247 0.061028338022947576 0.05602023608768971 23-003838
4 0.3095682967959648 0.2616863406408092 0.061970133362807996 0.05787521079258009 23-003768
1 0.18831365935918828 0.5098634064080948 0.11425228684233793 0.10654300168634055 23-002058
2 0.6067648817245671 0.524123102866779 0.7662341488611525 0.681939291736931 23-000142
1 0.38729129771416265 0.9536651770657669 0.10905990035582314 0.09266964586846611 23-002219
4 0.8599409780775807 0.14094097807757247 0.061028338022947576 0.05602023608768971 23-003838
4 0.3095682967959648 0.2616863406408092 0.061970133362807996 0.05787521079258009 23-003768
1 0.18831365935918828 0.5098634064080948 0.11425228684233793 0.10654300168634055 23-002058
2 0.6067648817245671 0.524123102866779 0.7662341488611525 0.681939291736931 23-000142
1 0.38729129771416265 0.9536651770657669 0.10905990035582314 0.09266964586846611 23-002219
4 0.8599409780775807 0.14094097807757247 0.061028338022947576 0.05602023608768971 23-003838
4 0.3095682967959648 0.2616863406408092 0.061970133362807996 0.05787521079258009 23-003768
1 0.18831365935918828 0.5098634064080948 0.11425228684233793 0.10654300168634055 23-002058
2 0.6067648817245671 0.524123102866779 0.7662341488611525 0.681939291736931 23-000142
1 0.38729129771416265 0.9536651770657669 0.10905990035582314 0.09266964586846611 23-002219
4 0.8599409780775807 0.14094097807757247 0.061028338022947576 0.05602023608768971 23-003838
4 0.3095682967959648 0.2616863406408092 0.061970133362807996 0.05787521079258009 23-003768
1 0.18831365935918828 0.5098634064080948 0.11425228684233793 0.10654300168634055 23-002058
2 0.6067648817245671 0.524123102866779 0.7662341488611525 0.681939291736931 23-000142
1 0.38729129771416265 0.9536651770657669 0.10905990035582314 0.09266964586846611 23-002219
4 0.8599409780775807 0.14094097807757247 0.061028338022947576 0.05602023608768971 23-003838
4 0.3095682967959648 0.2616863406408092 0.061970133362807996 0.05787521079258009 23-003768
1 0.18831365935918828 0.5098634064080948 0.11425228684233793 0.10654300168634055 23-002058
2 0.6067648817245671 0.524123102866779 0.7662341488611525 0.681939291736931 23-000142
1 0.38729129771416265 0.9536651770657669 0.10905990035582314 0.09266964586846611 23-002219
4 0.8599409780775807 0.14094097807757247 0.061028338022947576 0.05602023608768971 23-003838
4 0.3095682967959648 0.2616863406408092 0.061970133362807996 0.05787521079258009 23-003768
1 0.18831365935918828 0.5098634064080948 0.11425228684233793 0.10654300168634055 23-002058
2 0.6067648817245671 0.524123102866779 0.7662341488611525 0.681939291736931 23-000142
1 0.38729129771416265 0.9536651770657669 0.10905990035582314 0.09266964586846611 23-002219
4 0.8599409780775807 0.14094097807757247 0.061028338022947576 0.05602023608768971 23-003838
4 0.3095682967959648 0.2616863406408092 0.061970133362807996 0.05787521079258009 23-003768
1 0.18831365935918828 0.5098634064080948 0.11425228684233793 0.10654300168634055 23-002058
2 0.6067648817245671 0.524123102866779 0.7662341488611525 0.681939291736931 23-000142
1 0.38729129771416265 0.9536651770657669 0.10905990035582314 0.09266964586846611 23-002219
4 0.8599409780775807 0.14094097807757247 0.061028338022947576 0.05602023608768971 23-003838
4 0.3095682967959648 0.2616863406408092 0.061970133362807996 0.05787521079258009 23-003768
1 0.18831365935918828 0.5098634064080948 0.11425228684233793 0.10654300168634055 23-002058
2 0.6067648817245671 0.524123102866779 0.7662341488611525 0.681939291736931 23-000142
1 0.38729129771416265 0.9536651770657669 0.10905990035582314 0.09266964586846611 23-002219
