4 0.21762731871838475 0.037686340640809037 0.068374341673858 0.06399662731871841 23-003433
3 0.0616378362609149 0.5510000000000002 0.1356032397740128 0.22148397976391238 23-000987
4 0.07631365935919351 0.6310000000000002 0.06404208311050062 0.06177065767284991 23-003577
3 0.2990000000000066 0.6449999999999996 0.13825555589149247 0.12984822934232715 23-001800
4 0.07494097807758418 0.7089999999999996 0.0631002877706403 0.05527824620573351 23-003788
4 0.21762731871838475 0.037686340640809037 0.068374341673858 0.06399662731871841 23-003433
3 0.0616378362609149 0.5510000000000002 0.1356032397740128 0.22148397976391238 23-000987
4 0.07631365935919351 0.6310000000000002 0.06404208311050062 0.06177065767284991 23-003577
3 0.2990000000000066 0.6449999999999996 0.13825555589149247 0.12984822934232715 23-001800
4 0.07494097807758418 0.7089999999999996 0.0631002877706403 0.05527824620573351 23-003788
4 0.21762731871838475 0.037686340640809037 0.068374341673858 0.06399662731871841 23-003433
3 0.0616378362609149 0.5510000000000002 0.1356032397740128 0.22148397976391238 23-000987
4 0.07631365935919351 0.6310000000000002 0.06404208311050062 0.06177065767284991 23-003577
3 0.2990000000000066 0.6449999999999996 0.13825555589149247 0.12984822934232715 23-001800
4 0.07494097807758418 0.7089999999999996 0.0631002877706403 0.05527824620573351 23-003788
4 0.21762731871838475 0.037686340640809037 0.068374341673858 0.06399662731871841 23-003433
3 0.0616378362609149 0.5510000000000002 0.1356032397740128 0.22148397976391238 23-000987
4 0.07631365935919351 0.6310000000000002 0.06404208311050062 0.06177065767284991 23-003577
3 0.2990000000000066 0.6449999999999996 0.13825555589149247 0.12984822934232715 23-001800
4 0.07494097807758418 0.7089999999999996 0.0631002877706403 0.05527824620573351 23-003788
4 0.21762731871838475 0.037686340640809037 0.068374341673858 0.06399662731871841 23-003433
3 0.0616378362609149 0.5510000000000002 0.1356032397740128 0.22148397976391238 23-000987
4 0.07631365935919351 0.6310000000000002 0.06404208311050062 0.06177065767284991 23-003577
3 0.2990000000000066 0.6449999999999996 0.13825555589149247 0.12984822934232715 23-001800
4 0.07494097807758418 0.7089999999999996 0.0631002877706403 0.05527824620573351 23-003788
