1 0.9512955129187507 0.29800000000000004 0.10714987157874896 0.1867959527824621 23-001196
4 0.7396273187183761 0.6899999999999995 0.05933310641119918 0.05416526138279933 23-003965
4 0.10599999999999454 0.9179999999999993 0.06875105980980215 0.05694772344013488 23-003608
1 0.9512955129187507 0.29800000000000004 0.10714987157874896 0.1867959527824621 23-001196
4 0.7396273187183761 0.6899999999999995 0.05933310641119918 0.05416526138279933 23-003965
4 0.10599999999999454 0.9179999999999993 0.06875105980980215 0.05694772344013488 23-003608
1 0.9512955129187507 0.29800000000000004 0.10714987157874896 0.1867959527824621 23-001196
4 0.7396273187183761 0.6899999999999995 0.05933310641119918 0.05416526138279933 23-003965
4 0.10599999999999454 0.9179999999999993 0.06875105980980215 0.05694772344013488 23-003608
1 0.9512955129187507 0.29800000000000004 0.10714987157874896 0.1867959527824621 23-001196
4 0.7396273187183761 0.6899999999999995 0.05933310641119918 0.05416526138279933 23-003965
4 0.10599999999999454 0.9179999999999993 0.06875105980980215 0.05694772344013488 23-003608
1 0.9512955129187507 0.29800000000000004 0.10714987157874896 0.1867959527824621 23-001196
4 0.7396273187183761 0.6899999999999995 0.05933310641119918 0.05416526138279933 23-003965
4 0.10599999999999454 0.9179999999999993 0.06875105980980215 0.05694772344013488 23-003608
1 0.9512955129187507 0.29800000000000004 0.10714987157874896 0.1867959527824621 23-001196
4 0.7396273187183761 0.6899999999999995 0.05933310641119918 0.05416526138279933 23-003965
4 0.10599999999999454 0.9179999999999993 0.06875105980980215 0.05694772344013488 23-003608
