3 0.19094097807756963 0.29039291736930944 0.14447140513457052 0.1611129848229342 23-001738
3 0.9814870907026038 0.32099999999999973 0.037187085108572236 0.058431703204047176 23-003725
1 0.17131365935919238 0.5236863406408098 0.14444308354350227 0.14731871838111302 23-001497
3 0.6233136593591906 0.6509999999999998 0.11941964909428643 0.11630691399662736 23-002039
3 0.19094097807756963 0.29039291736930944 0.14447140513457052 0.1611129848229342 23-001738
3 0.9814870907026038 0.32099999999999973 0.037187085108572236 0.058431703204047176 23-003725
1 0.17131365935919238 0.5236863406408098 0.14444308354350227 0.14731871838111302 23-001497
3 0.6233136593591906 0.6509999999999998 0.11941964909428643 0.11630691399662736 23-002039
3 0.19094097807756963 0.29039291736930944 0.14447140513457052 0.1611129848229342 23-001738
3 0.9814870907026038 0.32099999999999973 0.037187085108572236 0.058431703204047176 23-003725
1 0.17131365935919238 0.5236863406408098 0.14444308354350227 0.14731871838111302 23-001497
3 0.6233136593591906 0.6509999999999998 0.11941964909428643 0.11630691399662736 23-002039
3 0.19094097807756963 0.29039291736930944 0.14447140513457052 0.1611129848229342 23-001738
3 0.9814870907026038 0.32099999999999973 0.037187085108572236 0.058431703204047176 23-003725
1 0.17131365935919238 0.5236863406408098 0.14444308354350227 0.14731871838111302 23-001497
3 0.6233136593591906 0.6509999999999998 0.11941964909428643 0.11630691399662736 23-002039
3 0.19094097807756963 0.29039291736930944 0.14447140513457052 0.1611129848229342 23-001738
3 0.9814870907026038 0.32099999999999973 0.037187085108572236 0.058431703204047176 23-003725
1 0.17131365935919238 0.5236863406408098 0.14444308354350227 0.14731871838111302 23-001497
3 0.6233136593591906 0.6509999999999998 0.11941964909428643 0.11630691399662736 23-002039
3 0.19094097807756963 0.29039291736930944 0.14447140513457052 0.1611129848229342 23-001738
3 0.9814870907026038 0.32099999999999973 0.037187085108572236 0.058431703204047176 23-003725
1 0.17131365935919238 0.5236863406408098 0.14444308354350227 0.14731871838111302 23-001497
3 0.6233136593591906 0.6509999999999998 0.11941964909428643 0.11630691399662736 23-002039
3 0.19094097807756963 0.29039291736930944 0.14447140513457052 0.1611129848229342 23-001738
3 0.9814870907026038 0.32099999999999973 0.037187085108572236 0.058431703204047176 23-003725
1 0.17131365935919238 0.5236863406408098 0.14444308354350227 0.14731871838111302 23-001497
3 0.6233136593591906 0.6509999999999998 0.11941964909428643 0.11630691399662736 23-002039
