3 0.6020000000000039 0.03768212478920782 0.09210758423833774 0.08290067453625723 23-002658
1 0.5039999999999907 0.41300000000000026 0.1491803818338721 0.13634064080944355 23-001682
1 0.8662915563765963 0.5890000000000004 0.2941585759714883 0.3479932546374369 23-000578
4 0.9379999999999882 0.9350000000000005 0.05933310641119918 0.05620573355817901 23-003885
3 0.6020000000000039 0.03768212478920782 0.09210758423833774 0.08290067453625723 23-002658
1 0.5039999999999907 0.41300000000000026 0.1491803818338721 0.13634064080944355 23-001682
1 0.8662915563765963 0.5890000000000004 0.2941585759714883 0.3479932546374369 23-000578
4 0.9379999999999882 0.9350000000000005 0.05933310641119918 0.05620573355817901 23-003885
3 0.6020000000000039 0.03768212478920782 0.09210758423833774 0.08290067453625723 23-002658
1 0.5039999999999907 0.41300000000000026 0.1491803818338721 0.13634064080944355 23-001682
1 0.8662915563765963 0.5890000000000004 0.2941585759714883 0.3479932546374369 23-000578
4 0.9379999999999882 0.9350000000000005 0.05933310641119918 0.05620573355817901 23-003885
3 0.6020000000000039 0.03768212478920782 0.09210758423833774 0.08290067453625723 23-002658
1 0.5039999999999907 0.41300000000000026 0.1491803818338721 0.13634064080944355 23-001682
1 0.8662915563765963 0.5890000000000004 0.2941585759714883 0.3479932546374369 23-000578
4 0.9379999999999882 0.9350000000000005 0.05933310641119918 0.05620573355817901 23-003885
