1 0.9140574338893779 0.10999999999999943 0.1890736454433686 0.19922428330522768 23-001096
1 0.3451099066868943 0.2528161888701517 0.4362557346869197 0.4252276559865094 23-000380
1 0.6310000000000002 0.6140000000000008 0.09851179254938758 0.0862563237774032 23-002567
1 0.21000000000000796 0.7330000000000005 0.12808416622100124 0.11148397976391233 23-002021
1 0.06157099274787247 0.7430000000000003 0.13545618404531945 0.21814502529510962 23-001035
1 0.8930000000000007 0.8879999999999999 0.06234685149875194 0.05397976391231027 23-003880
1 0.4230000000000018 0.9431155143338957 0.1388206330954087 0.12514586846542983 23-001796
1 0.9140574338893779 0.10999999999999943 0.1890736454433686 0.19922428330522768 23-001096
1 0.3451099066868943 0.2528161888701517 0.4362557346869197 0.4252276559865094 23-000380
1 0.6310000000000002 0.6140000000000008 0.09851179254938758 0.0862563237774032 23-002567
1 0.21000000000000796 0.7330000000000005 0.12808416622100124 0.11148397976391233 23-002021
1 0.06157099274787247 0.7430000000000003 0.13545618404531945 0.21814502529510962 23-001035
1 0.8930000000000007 0.8879999999999999 0.06234685149875194 0.05397976391231027 23-003880
1 0.4230000000000018 0.9431155143338957 0.1388206330954087 0.12514586846542983 23-001796
1 0.9140574338893779 0.10999999999999943 0.1890736454433686 0.19922428330522768 23-001096
1 0.3451099066868943 0.2528161888701517 0.4362557346869197 0.4252276559865094 23-000380
1 0.6310000000000002 0.6140000000000008 0.09851179254938758 0.0862563237774032 23-002567
1 0.21000000000000796 0.7330000000000005 0.12808416622100124 0.11148397976391233 23-002021
1 0.06157099274787247 0.7430000000000003 0.13545618404531945 0.21814502529510962 23-001035
1 0.8930000000000007 0.8879999999999999 0.06234685149875194 0.05397976391231027 23-003880
1 0.4230000000000018 0.9431155143338957 0.1388206330954087 0.12514586846542983 23-001796
1 0.9140574338893779 0.10999999999999943 0.1890736454433686 0.19922428330522768 23-001096
1 0.3451099066868943 0.2528161888701517 0.4362557346869197 0.4252276559865094 23-000380
1 0.6310000000000002 0.6140000000000008 0.09851179254938758 0.0862563237774032 23-002567
1 0.21000000000000796 0.7330000000000005 0.12808416622100124 0.11148397976391233 23-002021
1 0.06157099274787247 0.7430000000000003 0.13545618404531945 0.21814502529510962 23-001035
1 0.8930000000000007 0.8879999999999999 0.06234685149875194 0.05397976391231027 23-003880
1 0.4230000000000018 0.9431155143338957 0.1388206330954087 0.12514586846542983 23-001796
1 0.9140574338893779 0.10999999999999943 0.1890736454433686 0.19922428330522768 23-001096
1 0.3451099066868943 0.2528161888701517 0.4362557346869197 0.4252276559865094 23-000380
1 0.6310000000000002 0.6140000000000008 0.09851179254938758 0.0862563237774032 23-002567
1 0.21000000000000796 0.7330000000000005 0.12808416622100124 0.11148397976391233 23-002021
1 0.06157099274787247 0.7430000000000003 0.13545618404531945 0.21814502529510962 23-001035
1 0.8930000000000007 0.8879999999999999 0.06234685149875194 0.05397976391231027 23-003880
1 0.4230000000000018 0.9431155143338957 0.1388206330954087 0.12514586846542983 23-001796
1 0.9140574338893779 0.10999999999999943 0.1890736454433686 0.19922428330522768 23-001096
1 0.3451099066868943 0.2528161888701517 0.4362557346869197 0.4252276559865094 23-000380
1 0.6310000000000002 0.6140000000000008 0.09851179254938758 0.0862563237774032 23-002567
1 0.21000000000000796 0.7330000000000005 0.12808416622100124 0.11148397976391233 23-002021
1 0.06157099274787247 0.7430000000000003 0.13545618404531945 0.21814502529510962 23-001035
1 0.8930000000000007 0.8879999999999999 0.06234685149875194 0.05397976391231027 23-003880
1 0.4230000000000018 0.9431155143338957 0.1388206330954087 0.12514586846542983 23-001796
1 0.9140574338893779 0.10999999999999943 0.1890736454433686 0.19922428330522768 23-001096
1 0.3451099066868943 0.2528161888701517 0.4362557346869197 0.4252276559865094 23-000380
1 0.6310000000000002 0.6140000000000008 0.09851179254938758 0.0862563237774032 23-002567
1 0.21000000000000796 0.7330000000000005 0.12808416622100124 0.11148397976391233 23-002021
1 0.06157099274787247 0.7430000000000003 0.13545618404531945 0.21814502529510962 23-001035
1 0.8930000000000007 0.8879999999999999 0.06234685149875194 0.05397976391231027 23-003880
1 0.4230000000000018 0.9431155143338957 0.1388206330954087 0.12514586846542983 23-001796
