1 0.9420000000000073 0.1280000000000001 0.10774138688001897 0.09831365935919054 23-002304
1 0.5125682967959393 0.76531365935919 0.3510196352832183 0.33647554806070823 23-000555
4 0.37700000000000955 0.9749308600337272 0.0614050561588918 0.05515210792580004 23-003787
1 0.9420000000000073 0.1280000000000001 0.10774138688001897 0.09831365935919054 23-002304
1 0.5125682967959393 0.76531365935919 0.3510196352832183 0.33647554806070823 23-000555
4 0.37700000000000955 0.9749308600337272 0.0614050561588918 0.05515210792580004 23-003787
1 0.9420000000000073 0.1280000000000001 0.10774138688001897 0.09831365935919054 23-002304
1 0.5125682967959393 0.76531365935919 0.3510196352832183 0.33647554806070823 23-000555
4 0.37700000000000955 0.9749308600337272 0.0614050561588918 0.05515210792580004 23-003787
1 0.9420000000000073 0.1280000000000001 0.10774138688001897 0.09831365935919054 23-002304
1 0.5125682967959393 0.76531365935919 0.3510196352832183 0.33647554806070823 23-000555
4 0.37700000000000955 0.9749308600337272 0.0614050561588918 0.05515210792580004 23-003787
1 0.9420000000000073 0.1280000000000001 0.10774138688001897 0.09831365935919054 23-002304
1 0.5125682967959393 0.76531365935919 0.3510196352832183 0.33647554806070823 23-000555
4 0.37700000000000955 0.9749308600337272 0.0614050561588918 0.05515210792580004 23-003787
1 0.9420000000000073 0.1280000000000001 0.10774138688001897 0.09831365935919054 23-002304
1 0.5125682967959393 0.76531365935919 0.3510196352832183 0.33647554806070823 23-000555
4 0.37700000000000955 0.9749308600337272 0.0614050561588918 0.05515210792580004 23-003787
