3 0.9459409780775652 0.130686340640809 0.05596042512958029 0.05320404721753792 23-003886
2 0.6842199855506372 0.162897976391231 0.6947160317885981 0.3583755480607082 23-000179
3 0.37999999999999545 0.18599999999999994 0.06385372404252855 0.05917369308600333 23-003654
3 0.9459409780775652 0.130686340640809 0.05596042512958029 0.05320404721753792 23-003886
2 0.6842199855506372 0.162897976391231 0.6947160317885981 0.3583755480607082 23-000179
3 0.37999999999999545 0.18599999999999994 0.06385372404252855 0.05917369308600333 23-003654
3 0.9459409780775652 0.130686340640809 0.05596042512958029 0.05320404721753792 23-003886
2 0.6842199855506372 0.162897976391231 0.6947160317885981 0.3583755480607082 23-000179
3 0.37999999999999545 0.18599999999999994 0.06385372404252855 0.05917369308600333 23-003654
3 0.9459409780775652 0.130686340640809 0.05596042512958029 0.05320404721753792 23-003886
2 0.6842199855506372 0.162897976391231 0.6947160317885981 0.3583755480607082 23-000179
3 0.37999999999999545 0.18599999999999994 0.06385372404252855 0.05917369308600333 23-003654
3 0.9459409780775652 0.130686340640809 0.05596042512958029 0.05320404721753792 23-003886
2 0.6842199855506372 0.162897976391231 0.6947160317885981 0.3583755480607082 23-000179
3 0.37999999999999545 0.18599999999999994 0.06385372404252855 0.05917369308600333 23-003654
3 0.9459409780775652 0.130686340640809 0.05596042512958029 0.05320404721753792 23-003886
2 0.6842199855506372 0.162897976391231 0.6947160317885981 0.3583755480607082 23-000179
3 0.37999999999999545 0.18599999999999994 0.06385372404252855 0.05917369308600333 23-003654
