3 0.75 0.07300000000000041 0.12620057554128059 0.11686340640809445 23-001991
3 0.10156829679596642 0.42080438448566676 0.050775280935753564 0.046745362563237726 23-003947
3 0.75 0.07300000000000041 0.12620057554128059 0.11686340640809445 23-001991
3 0.10156829679596642 0.42080438448566676 0.050775280935753564 0.046745362563237726 23-003947
3 0.75 0.07300000000000041 0.12620057554128059 0.11686340640809445 23-001991
3 0.10156829679596642 0.42080438448566676 0.050775280935753564 0.046745362563237726 23-003947
3 0.75 0.07300000000000041 0.12620057554128059 0.11686340640809445 23-001991
3 0.10156829679596642 0.42080438448566676 0.050775280935753564 0.046745362563237726 23-003947
3 0.75 0.07300000000000041 0.12620057554128059 0.11686340640809445 23-001991
3 0.10156829679596642 0.42080438448566676 0.050775280935753564 0.046745362563237726 23-003947
