4 0.669940978077583 0.2406863406408102 0.1821432187289828 0.16379426644182132 23-001347
4 0.33194097807756073 0.4083136593591907 0.08325470804365079 0.07790893760539627 23-002889
4 0.14031365935918647 0.45931365935919083 0.06385372404252855 0.05824620573355831 23-003664
4 0.24194097807758577 0.7569999999999997 0.06272356963469619 0.055834738617200695 23-003785
1 0.09754629786336967 0.948236930860034 0.1354301698719116 0.10352613827993191 23-001819
4 0.669940978077583 0.2406863406408102 0.1821432187289828 0.16379426644182132 23-001347
4 0.33194097807756073 0.4083136593591907 0.08325470804365079 0.07790893760539627 23-002889
4 0.14031365935918647 0.45931365935919083 0.06385372404252855 0.05824620573355831 23-003664
4 0.24194097807758577 0.7569999999999997 0.06272356963469619 0.055834738617200695 23-003785
1 0.09754629786336967 0.948236930860034 0.1354301698719116 0.10352613827993191 23-001819
4 0.669940978077583 0.2406863406408102 0.1821432187289828 0.16379426644182132 23-001347
4 0.33194097807756073 0.4083136593591907 0.08325470804365079 0.07790893760539627 23-002889
4 0.14031365935918647 0.45931365935919083 0.06385372404252855 0.05824620573355831 23-003664
4 0.24194097807758577 0.7569999999999997 0.06272356963469619 0.055834738617200695 23-003785
1 0.09754629786336967 0.948236930860034 0.1354301698719116 0.10352613827993191 23-001819
4 0.669940978077583 0.2406863406408102 0.1821432187289828 0.16379426644182132 23-001347
4 0.33194097807756073 0.4083136593591907 0.08325470804365079 0.07790893760539627 23-002889
4 0.14031365935918647 0.45931365935919083 0.06385372404252855 0.05824620573355831 23-003664
4 0.24194097807758577 0.7569999999999997 0.06272356963469619 0.055834738617200695 23-003785
1 0.09754629786336967 0.948236930860034 0.1354301698719116 0.10352613827993191 23-001819
4 0.669940978077583 0.2406863406408102 0.1821432187289828 0.16379426644182132 23-001347
4 0.33194097807756073 0.4083136593591907 0.08325470804365079 0.07790893760539627 23-002889
4 0.14031365935918647 0.45931365935919083 0.06385372404252855 0.05824620573355831 23-003664
4 0.24194097807758577 0.7569999999999997 0.06272356963469619 0.055834738617200695 23-003785
1 0.09754629786336967 0.948236930860034 0.1354301698719116 0.10352613827993191 23-001819
4 0.669940978077583 0.2406863406408102 0.1821432187289828 0.16379426644182132 23-001347
4 0.33194097807756073 0.4083136593591907 0.08325470804365079 0.07790893760539627 23-002889
4 0.14031365935918647 0.45931365935919083 0.06385372404252855 0.05824620573355831 23-003664
4 0.24194097807758577 0.7569999999999997 0.06272356963469619 0.055834738617200695 23-003785
1 0.09754629786336967 0.948236930860034 0.1354301698719116 0.10352613827993191 23-001819
4 0.669940978077583 0.2406863406408102 0.1821432187289828 0.16379426644182132 23-001347
4 0.33194097807756073 0.4083136593591907 0.08325470804365079 0.07790893760539627 23-002889
4 0.14031365935918647 0.45931365935919083 0.06385372404252855 0.05824620573355831 23-003664
4 0.24194097807758577 0.7569999999999997 0.06272356963469619 0.055834738617200695 23-003785
1 0.09754629786336967 0.948236930860034 0.1354301698719116 0.10352613827993191 23-001819
4 0.669940978077583 0.2406863406408102 0.1821432187289828 0.16379426644182132 23-001347
4 0.33194097807756073 0.4083136593591907 0.08325470804365079 0.07790893760539627 23-002889
4 0.14031365935918647 0.45931365935919083 0.06385372404252855 0.05824620573355831 23-003664
4 0.24194097807758577 0.7569999999999997 0.06272356963469619 0.055834738617200695 23-003785
1 0.09754629786336967 0.948236930860034 0.1354301698719116 0.10352613827993191 23-001819
