1 0.45931365935920326 0.26500000000000057 0.24788053345123193 0.2366947723440135 23-000936
1 0.18850927487352262 0.30486340640809473 0.3415022325260342 0.3393254637436763 23-000553
1 0.8137251264755555 0.35100000000000087 0.28902282900759313 0.2801011804384485 23-000744
1 0.4629999999999938 0.5242158516020231 0.08758696660700818 0.08040472175379418 23-002851
1 0.45931365935920326 0.26500000000000057 0.24788053345123193 0.2366947723440135 23-000936
1 0.18850927487352262 0.30486340640809473 0.3415022325260342 0.3393254637436763 23-000553
1 0.8137251264755555 0.35100000000000087 0.28902282900759313 0.2801011804384485 23-000744
1 0.4629999999999938 0.5242158516020231 0.08758696660700818 0.08040472175379418 23-002851
1 0.45931365935920326 0.26500000000000057 0.24788053345123193 0.2366947723440135 23-000936
1 0.18850927487352262 0.30486340640809473 0.3415022325260342 0.3393254637436763 23-000553
1 0.8137251264755555 0.35100000000000087 0.28902282900759313 0.2801011804384485 23-000744
1 0.4629999999999938 0.5242158516020231 0.08758696660700818 0.08040472175379418 23-002851
1 0.45931365935920326 0.26500000000000057 0.24788053345123193 0.2366947723440135 23-000936
1 0.18850927487352262 0.30486340640809473 0.3415022325260342 0.3393254637436763 23-000553
1 0.8137251264755555 0.35100000000000087 0.28902282900759313 0.2801011804384485 23-000744
1 0.4629999999999938 0.5242158516020231 0.08758696660700818 0.08040472175379418 23-002851
