3 0.5656273187183695 0.13062731871838146 0.06349370833987304 0.05824620573355817 23-003699
3 0.8300000000000125 0.44800000000000034 0.06954072818176585 0.06306913996627315 23-003449
3 0.891999999999996 0.7249999999999996 0.08276858408590594 0.07623946037099481 23-002943
3 0.26962731871837725 0.7933726812816181 0.08125682912543279 0.07382799325463758 23-003028
4 0.907999999999987 0.8049999999999997 0.06273783085963645 0.05843170320404737 23-003728
3 0.5656273187183695 0.13062731871838146 0.06349370833987304 0.05824620573355817 23-003699
3 0.8300000000000125 0.44800000000000034 0.06954072818176585 0.06306913996627315 23-003449
3 0.891999999999996 0.7249999999999996 0.08276858408590594 0.07623946037099481 23-002943
3 0.26962731871837725 0.7933726812816181 0.08125682912543279 0.07382799325463758 23-003028
4 0.907999999999987 0.8049999999999997 0.06273783085963645 0.05843170320404737 23-003728
3 0.5656273187183695 0.13062731871838146 0.06349370833987304 0.05824620573355817 23-003699
3 0.8300000000000125 0.44800000000000034 0.06954072818176585 0.06306913996627315 23-003449
3 0.891999999999996 0.7249999999999996 0.08276858408590594 0.07623946037099481 23-002943
3 0.26962731871837725 0.7933726812816181 0.08125682912543279 0.07382799325463758 23-003028
4 0.907999999999987 0.8049999999999997 0.06273783085963645 0.05843170320404737 23-003728
3 0.5656273187183695 0.13062731871838146 0.06349370833987304 0.05824620573355817 23-003699
3 0.8300000000000125 0.44800000000000034 0.06954072818176585 0.06306913996627315 23-003449
3 0.891999999999996 0.7249999999999996 0.08276858408590594 0.07623946037099481 23-002943
3 0.26962731871837725 0.7933726812816181 0.08125682912543279 0.07382799325463758 23-003028
4 0.907999999999987 0.8049999999999997 0.06273783085963645 0.05843170320404737 23-003728
3 0.5656273187183695 0.13062731871838146 0.06349370833987304 0.05824620573355817 23-003699
3 0.8300000000000125 0.44800000000000034 0.06954072818176585 0.06306913996627315 23-003449
3 0.891999999999996 0.7249999999999996 0.08276858408590594 0.07623946037099481 23-002943
3 0.26962731871837725 0.7933726812816181 0.08125682912543279 0.07382799325463758 23-003028
4 0.907999999999987 0.8049999999999997 0.06273783085963645 0.05843170320404737 23-003728
