3 0.8715740897727938 0.657 0.2825370024998539 0.33018549747048914 23-000572
1 0.023473792052171018 0.734 0.051642342514776236 0.09089376053962916 23-002543
3 0.8715740897727938 0.657 0.2825370024998539 0.33018549747048914 23-000572
1 0.023473792052171018 0.734 0.051642342514776236 0.09089376053962916 23-002543
3 0.8715740897727938 0.657 0.2825370024998539 0.33018549747048914 23-000572
1 0.023473792052171018 0.734 0.051642342514776236 0.09089376053962916 23-002543
3 0.8715740897727938 0.657 0.2825370024998539 0.33018549747048914 23-000572
1 0.023473792052171018 0.734 0.051642342514776236 0.09089376053962916 23-002543
3 0.8715740897727938 0.657 0.2825370024998539 0.33018549747048914 23-000572
1 0.023473792052171018 0.734 0.051642342514776236 0.09089376053962916 23-002543
