3 0.19300000000001205 0.23374536256323808 0.19577226738127523 0.18067453625632376 23-001248
3 0.4216273187183925 0.45164755480607094 0.07709950298413161 0.07443507588532881 23-003156
3 0.8283136593592031 0.7717453625632383 0.08673694085714802 0.08013490725126492 23-002813
3 0.4159999999999968 0.9589999999999996 0.0742649624332444 0.06919055649241142 23-003216
3 0.19300000000001205 0.23374536256323808 0.19577226738127523 0.18067453625632376 23-001248
3 0.4216273187183925 0.45164755480607094 0.07709950298413161 0.07443507588532881 23-003156
3 0.8283136593592031 0.7717453625632383 0.08673694085714802 0.08013490725126492 23-002813
3 0.4159999999999968 0.9589999999999996 0.0742649624332444 0.06919055649241142 23-003216
3 0.19300000000001205 0.23374536256323808 0.19577226738127523 0.18067453625632376 23-001248
3 0.4216273187183925 0.45164755480607094 0.07709950298413161 0.07443507588532881 23-003156
3 0.8283136593592031 0.7717453625632383 0.08673694085714802 0.08013490725126492 23-002813
3 0.4159999999999968 0.9589999999999996 0.0742649624332444 0.06919055649241142 23-003216
3 0.19300000000001205 0.23374536256323808 0.19577226738127523 0.18067453625632376 23-001248
3 0.4216273187183925 0.45164755480607094 0.07709950298413161 0.07443507588532881 23-003156
3 0.8283136593592031 0.7717453625632383 0.08673694085714802 0.08013490725126492 23-002813
3 0.4159999999999968 0.9589999999999996 0.0742649624332444 0.06919055649241142 23-003216
