1 0.8669769014569957 0.141 0.29265081679460947 0.30180438448566616 23-000697
4 0.919313659359183 0.4269999999999996 0.058958443458453386 0.056205733558178726 23-003905
1 0.2079999999999984 0.7059999999999995 0.08541415526673399 0.07994940978077586 23-002839
3 0.0203720696657081 0.7449999999999992 0.044818553264557824 0.057875210792580185 23-003782
1 0.8669769014569957 0.141 0.29265081679460947 0.30180438448566616 23-000697
4 0.919313659359183 0.4269999999999996 0.058958443458453386 0.056205733558178726 23-003905
1 0.2079999999999984 0.7059999999999995 0.08541415526673399 0.07994940978077586 23-002839
3 0.0203720696657081 0.7449999999999992 0.044818553264557824 0.057875210792580185 23-003782
1 0.8669769014569957 0.141 0.29265081679460947 0.30180438448566616 23-000697
4 0.919313659359183 0.4269999999999996 0.058958443458453386 0.056205733558178726 23-003905
1 0.2079999999999984 0.7059999999999995 0.08541415526673399 0.07994940978077586 23-002839
3 0.0203720696657081 0.7449999999999992 0.044818553264557824 0.057875210792580185 23-003782
1 0.8669769014569957 0.141 0.29265081679460947 0.30180438448566616 23-000697
4 0.919313659359183 0.4269999999999996 0.058958443458453386 0.056205733558178726 23-003905
1 0.2079999999999984 0.7059999999999995 0.08541415526673399 0.07994940978077586 23-002839
3 0.0203720696657081 0.7449999999999992 0.044818553264557824 0.057875210792580185 23-003782
