1 0.8679999999999949 0.4209999999999994 0.21183466383630276 0.1973693086003374 23-001150
4 0.686000000000007 0.5120000000000005 0.1451284762054239 0.14172006745362575 23-001669
1 0.8679999999999949 0.4209999999999994 0.21183466383630276 0.1973693086003374 23-001150
4 0.686000000000007 0.5120000000000005 0.1451284762054239 0.14172006745362575 23-001669
1 0.8679999999999949 0.4209999999999994 0.21183466383630276 0.1973693086003374 23-001150
4 0.686000000000007 0.5120000000000005 0.1451284762054239 0.14172006745362575 23-001669
1 0.8679999999999949 0.4209999999999994 0.21183466383630276 0.1973693086003374 23-001150
4 0.686000000000007 0.5120000000000005 0.1451284762054239 0.14172006745362575 23-001669
1 0.8679999999999949 0.4209999999999994 0.21183466383630276 0.1973693086003374 23-001150
4 0.686000000000007 0.5120000000000005 0.1451284762054239 0.14172006745362575 23-001669
