1 0.3739409780775623 0.20384317032040414 0.3874571456662017 0.3847892074198988 23-000465
1 0.41856829679594526 0.4824704890387853 0.2046086953012246 0.19731871838111298 23-001098
1 0.9550000000000125 0.9647639123102871 0.09335086880921811 0.07751939291736863 23-002579
1 0.3739409780775623 0.20384317032040414 0.3874571456662017 0.3847892074198988 23-000465
1 0.41856829679594526 0.4824704890387853 0.2046086953012246 0.19731871838111298 23-001098
1 0.9550000000000125 0.9647639123102871 0.09335086880921811 0.07751939291736863 23-002579
1 0.3739409780775623 0.20384317032040414 0.3874571456662017 0.3847892074198988 23-000465
1 0.41856829679594526 0.4824704890387853 0.2046086953012246 0.19731871838111298 23-001098
1 0.9550000000000125 0.9647639123102871 0.09335086880921811 0.07751939291736863 23-002579
1 0.3739409780775623 0.20384317032040414 0.3874571456662017 0.3847892074198988 23-000465
1 0.41856829679594526 0.4824704890387853 0.2046086953012246 0.19731871838111298 23-001098
1 0.9550000000000125 0.9647639123102871 0.09335086880921811 0.07751939291736863 23-002579
1 0.3739409780775623 0.20384317032040414 0.3874571456662017 0.3847892074198988 23-000465
1 0.41856829679594526 0.4824704890387853 0.2046086953012246 0.19731871838111298 23-001098
1 0.9550000000000125 0.9647639123102871 0.09335086880921811 0.07751939291736863 23-002579
1 0.3739409780775623 0.20384317032040414 0.3874571456662017 0.3847892074198988 23-000465
1 0.41856829679594526 0.4824704890387853 0.2046086953012246 0.19731871838111298 23-001098
1 0.9550000000000125 0.9647639123102871 0.09335086880921811 0.07751939291736863 23-002579
