4 0.021957964833909757 0.125 0.048307522634601474 0.055092748735244536 23-003877
2 0.22999999999998977 0.12599999999999945 0.06954072818176575 0.05991568296795953 23-003505
2 0.22100000000000364 0.24300000000000033 0.07199732999253466 0.06269814502529512 23-003379
3 0.4259999999999877 0.3699999999999992 0.1262315391995095 0.11927487352445187 23-001976
1 0.9285035936332502 0.40499999999999936 0.15729209400684993 0.15414839797639124 23-001453
1 0.6610000000000014 0.4870000000000001 0.06651721826081934 0.06047217537942667 23-003553
1 0.1640855230174312 0.7539999999999996 0.3609881506383487 0.5275548060708265 23-000272
4 0.021957964833909757 0.125 0.048307522634601474 0.055092748735244536 23-003877
2 0.22999999999998977 0.12599999999999945 0.06954072818176575 0.05991568296795953 23-003505
2 0.22100000000000364 0.24300000000000033 0.07199732999253466 0.06269814502529512 23-003379
3 0.4259999999999877 0.3699999999999992 0.1262315391995095 0.11927487352445187 23-001976
1 0.9285035936332502 0.40499999999999936 0.15729209400684993 0.15414839797639124 23-001453
1 0.6610000000000014 0.4870000000000001 0.06651721826081934 0.06047217537942667 23-003553
1 0.1640855230174312 0.7539999999999996 0.3609881506383487 0.5275548060708265 23-000272
4 0.021957964833909757 0.125 0.048307522634601474 0.055092748735244536 23-003877
2 0.22999999999998977 0.12599999999999945 0.06954072818176575 0.05991568296795953 23-003505
2 0.22100000000000364 0.24300000000000033 0.07199732999253466 0.06269814502529512 23-003379
3 0.4259999999999877 0.3699999999999992 0.1262315391995095 0.11927487352445187 23-001976
1 0.9285035936332502 0.40499999999999936 0.15729209400684993 0.15414839797639124 23-001453
1 0.6610000000000014 0.4870000000000001 0.06651721826081934 0.06047217537942667 23-003553
1 0.1640855230174312 0.7539999999999996 0.3609881506383487 0.5275548060708265 23-000272
4 0.021957964833909757 0.125 0.048307522634601474 0.055092748735244536 23-003877
2 0.22999999999998977 0.12599999999999945 0.06954072818176575 0.05991568296795953 23-003505
2 0.22100000000000364 0.24300000000000033 0.07199732999253466 0.06269814502529512 23-003379
3 0.4259999999999877 0.3699999999999992 0.1262315391995095 0.11927487352445187 23-001976
1 0.9285035936332502 0.40499999999999936 0.15729209400684993 0.15414839797639124 23-001453
1 0.6610000000000014 0.4870000000000001 0.06651721826081934 0.06047217537942667 23-003553
1 0.1640855230174312 0.7539999999999996 0.3609881506383487 0.5275548060708265 23-000272
4 0.021957964833909757 0.125 0.048307522634601474 0.055092748735244536 23-003877
2 0.22999999999998977 0.12599999999999945 0.06954072818176575 0.05991568296795953 23-003505
2 0.22100000000000364 0.24300000000000033 0.07199732999253466 0.06269814502529512 23-003379
3 0.4259999999999877 0.3699999999999992 0.1262315391995095 0.11927487352445187 23-001976
1 0.9285035936332502 0.40499999999999936 0.15729209400684993 0.15414839797639124 23-001453
1 0.6610000000000014 0.4870000000000001 0.06651721826081934 0.06047217537942667 23-003553
1 0.1640855230174312 0.7539999999999996 0.3609881506383487 0.5275548060708265 23-000272
4 0.021957964833909757 0.125 0.048307522634601474 0.055092748735244536 23-003877
2 0.22999999999998977 0.12599999999999945 0.06954072818176575 0.05991568296795953 23-003505
2 0.22100000000000364 0.24300000000000033 0.07199732999253466 0.06269814502529512 23-003379
3 0.4259999999999877 0.3699999999999992 0.1262315391995095 0.11927487352445187 23-001976
1 0.9285035936332502 0.40499999999999936 0.15729209400684993 0.15414839797639124 23-001453
1 0.6610000000000014 0.4870000000000001 0.06651721826081934 0.06047217537942667 23-003553
1 0.1640855230174312 0.7539999999999996 0.3609881506383487 0.5275548060708265 23-000272
4 0.021957964833909757 0.125 0.048307522634601474 0.055092748735244536 23-003877
2 0.22999999999998977 0.12599999999999945 0.06954072818176575 0.05991568296795953 23-003505
2 0.22100000000000364 0.24300000000000033 0.07199732999253466 0.06269814502529512 23-003379
3 0.4259999999999877 0.3699999999999992 0.1262315391995095 0.11927487352445187 23-001976
1 0.9285035936332502 0.40499999999999936 0.15729209400684993 0.15414839797639124 23-001453
1 0.6610000000000014 0.4870000000000001 0.06651721826081934 0.06047217537942667 23-003553
1 0.1640855230174312 0.7539999999999996 0.3609881506383487 0.5275548060708265 23-000272
4 0.021957964833909757 0.125 0.048307522634601474 0.055092748735244536 23-003877
2 0.22999999999998977 0.12599999999999945 0.06954072818176575 0.05991568296795953 23-003505
2 0.22100000000000364 0.24300000000000033 0.07199732999253466 0.06269814502529512 23-003379
3 0.4259999999999877 0.3699999999999992 0.1262315391995095 0.11927487352445187 23-001976
1 0.9285035936332502 0.40499999999999936 0.15729209400684993 0.15414839797639124 23-001453
1 0.6610000000000014 0.4870000000000001 0.06651721826081934 0.06047217537942667 23-003553
1 0.1640855230174312 0.7539999999999996 0.3609881506383487 0.5275548060708265 23-000272
4 0.021957964833909757 0.125 0.048307522634601474 0.055092748735244536 23-003877
2 0.22999999999998977 0.12599999999999945 0.06954072818176575 0.05991568296795953 23-003505
2 0.22100000000000364 0.24300000000000033 0.07199732999253466 0.06269814502529512 23-003379
3 0.4259999999999877 0.3699999999999992 0.1262315391995095 0.11927487352445187 23-001976
1 0.9285035936332502 0.40499999999999936 0.15729209400684993 0.15414839797639124 23-001453
1 0.6610000000000014 0.4870000000000001 0.06651721826081934 0.06047217537942667 23-003553
1 0.1640855230174312 0.7539999999999996 0.3609881506383487 0.5275548060708265 23-000272
4 0.021957964833909757 0.125 0.048307522634601474 0.055092748735244536 23-003877
2 0.22999999999998977 0.12599999999999945 0.06954072818176575 0.05991568296795953 23-003505
2 0.22100000000000364 0.24300000000000033 0.07199732999253466 0.06269814502529512 23-003379
3 0.4259999999999877 0.3699999999999992 0.1262315391995095 0.11927487352445187 23-001976
1 0.9285035936332502 0.40499999999999936 0.15729209400684993 0.15414839797639124 23-001453
1 0.6610000000000014 0.4870000000000001 0.06651721826081934 0.06047217537942667 23-003553
1 0.1640855230174312 0.7539999999999996 0.3609881506383487 0.5275548060708265 23-000272
