1 0.8249999999999886 0.35599999999999987 0.08220167597572836 0.07067453625632382 23-003065
1 0.2196273187183943 0.5090000000000003 0.294981186662327 0.27156829679595273 23-000782
1 0.4840000000000089 0.7829999999999995 0.18008780966636612 0.1574873524451941 23-001403
1 0.789999999999992 0.9049485666104555 0.4089297168079918 0.20911315345699774 23-000486
1 0.8249999999999886 0.35599999999999987 0.08220167597572836 0.07067453625632382 23-003065
1 0.2196273187183943 0.5090000000000003 0.294981186662327 0.27156829679595273 23-000782
1 0.4840000000000089 0.7829999999999995 0.18008780966636612 0.1574873524451941 23-001403
1 0.789999999999992 0.9049485666104555 0.4089297168079918 0.20911315345699774 23-000486
1 0.8249999999999886 0.35599999999999987 0.08220167597572836 0.07067453625632382 23-003065
1 0.2196273187183943 0.5090000000000003 0.294981186662327 0.27156829679595273 23-000782
1 0.4840000000000089 0.7829999999999995 0.18008780966636612 0.1574873524451941 23-001403
1 0.789999999999992 0.9049485666104555 0.4089297168079918 0.20911315345699774 23-000486
1 0.8249999999999886 0.35599999999999987 0.08220167597572836 0.07067453625632382 23-003065
1 0.2196273187183943 0.5090000000000003 0.294981186662327 0.27156829679595273 23-000782
1 0.4840000000000089 0.7829999999999995 0.18008780966636612 0.1574873524451941 23-001403
1 0.789999999999992 0.9049485666104555 0.4089297168079918 0.20911315345699774 23-000486
1 0.8249999999999886 0.35599999999999987 0.08220167597572836 0.07067453625632382 23-003065
1 0.2196273187183943 0.5090000000000003 0.294981186662327 0.27156829679595273 23-000782
1 0.4840000000000089 0.7829999999999995 0.18008780966636612 0.1574873524451941 23-001403
1 0.789999999999992 0.9049485666104555 0.4089297168079918 0.20911315345699774 23-000486
1 0.8249999999999886 0.35599999999999987 0.08220167597572836 0.07067453625632382 23-003065
1 0.2196273187183943 0.5090000000000003 0.294981186662327 0.27156829679595273 23-000782
1 0.4840000000000089 0.7829999999999995 0.18008780966636612 0.1574873524451941 23-001403
1 0.789999999999992 0.9049485666104555 0.4089297168079918 0.20911315345699774 23-000486
1 0.8249999999999886 0.35599999999999987 0.08220167597572836 0.07067453625632382 23-003065
1 0.2196273187183943 0.5090000000000003 0.294981186662327 0.27156829679595273 23-000782
1 0.4840000000000089 0.7829999999999995 0.18008780966636612 0.1574873524451941 23-001403
1 0.789999999999992 0.9049485666104555 0.4089297168079918 0.20911315345699774 23-000486
