4 0.17562731871838316 0.13662731871838169 0.08144579849549188 0.0740134907251265 23-003008
4 0.355254637436757 0.7494317032040468 0.11451543825584236 0.10925801011804379 23-002136
4 0.17562731871838316 0.13662731871838169 0.08144579849549188 0.0740134907251265 23-003008
4 0.355254637436757 0.7494317032040468 0.11451543825584236 0.10925801011804379 23-002136
4 0.17562731871838316 0.13662731871838169 0.08144579849549188 0.0740134907251265 23-003008
4 0.355254637436757 0.7494317032040468 0.11451543825584236 0.10925801011804379 23-002136
4 0.17562731871838316 0.13662731871838169 0.08144579849549188 0.0740134907251265 23-003008
4 0.355254637436757 0.7494317032040468 0.11451543825584236 0.10925801011804379 23-002136
4 0.17562731871838316 0.13662731871838169 0.08144579849549188 0.0740134907251265 23-003008
4 0.355254637436757 0.7494317032040468 0.11451543825584236 0.10925801011804379 23-002136
