3 0.8979999999999961 0.8840000000000003 0.19369360431062452 0.17418212478920744 23-001275
3 0.5080000000000098 0.9771416526138281 0.06349370833987304 0.05028836424957788 23-003745
3 0.8979999999999961 0.8840000000000003 0.19369360431062452 0.17418212478920744 23-001275
3 0.5080000000000098 0.9771416526138281 0.06349370833987304 0.05028836424957788 23-003745
3 0.8979999999999961 0.8840000000000003 0.19369360431062452 0.17418212478920744 23-001275
3 0.5080000000000098 0.9771416526138281 0.06349370833987304 0.05028836424957788 23-003745
3 0.8979999999999961 0.8840000000000003 0.19369360431062452 0.17418212478920744 23-001275
3 0.5080000000000098 0.9771416526138281 0.06349370833987304 0.05028836424957788 23-003745
3 0.8979999999999961 0.8840000000000003 0.19369360431062452 0.17418212478920744 23-001275
3 0.5080000000000098 0.9771416526138281 0.06349370833987304 0.05028836424957788 23-003745
