1 0.3060000000000116 0.31656829679595205 0.17970987092624785 0.15080944350758854 23-001474
1 0.13300000000000978 0.3620000000000001 0.28005260642765445 0.24689713322091056 23-000852
1 0.8553136593591898 0.39199999999999946 0.10922429589418632 0.09571669477234404 23-002320
4 0.46799999999998926 0.4380000000000006 0.08522518589667487 0.08291736930860027 23-002780
1 0.8679999999999949 0.6349999999999998 0.17630842226518334 0.1693591905564925 23-001353
4 0.10099999999999909 0.8879999999999999 0.061037106529104164 0.053237774030354026 23-003949
1 0.943000000000012 0.9280000000000009 0.11980658061749849 0.10795952782462054 23-002131
1 0.3060000000000116 0.31656829679595205 0.17970987092624785 0.15080944350758854 23-001474
1 0.13300000000000978 0.3620000000000001 0.28005260642765445 0.24689713322091056 23-000852
1 0.8553136593591898 0.39199999999999946 0.10922429589418632 0.09571669477234404 23-002320
4 0.46799999999998926 0.4380000000000006 0.08522518589667487 0.08291736930860027 23-002780
1 0.8679999999999949 0.6349999999999998 0.17630842226518334 0.1693591905564925 23-001353
4 0.10099999999999909 0.8879999999999999 0.061037106529104164 0.053237774030354026 23-003949
1 0.943000000000012 0.9280000000000009 0.11980658061749849 0.10795952782462054 23-002131
1 0.3060000000000116 0.31656829679595205 0.17970987092624785 0.15080944350758854 23-001474
1 0.13300000000000978 0.3620000000000001 0.28005260642765445 0.24689713322091056 23-000852
1 0.8553136593591898 0.39199999999999946 0.10922429589418632 0.09571669477234404 23-002320
4 0.46799999999998926 0.4380000000000006 0.08522518589667487 0.08291736930860027 23-002780
1 0.8679999999999949 0.6349999999999998 0.17630842226518334 0.1693591905564925 23-001353
4 0.10099999999999909 0.8879999999999999 0.061037106529104164 0.053237774030354026 23-003949
1 0.943000000000012 0.9280000000000009 0.11980658061749849 0.10795952782462054 23-002131
1 0.3060000000000116 0.31656829679595205 0.17970987092624785 0.15080944350758854 23-001474
1 0.13300000000000978 0.3620000000000001 0.28005260642765445 0.24689713322091056 23-000852
1 0.8553136593591898 0.39199999999999946 0.10922429589418632 0.09571669477234404 23-002320
4 0.46799999999998926 0.4380000000000006 0.08522518589667487 0.08291736930860027 23-002780
1 0.8679999999999949 0.6349999999999998 0.17630842226518334 0.1693591905564925 23-001353
4 0.10099999999999909 0.8879999999999999 0.061037106529104164 0.053237774030354026 23-003949
1 0.943000000000012 0.9280000000000009 0.11980658061749849 0.10795952782462054 23-002131
1 0.3060000000000116 0.31656829679595205 0.17970987092624785 0.15080944350758854 23-001474
1 0.13300000000000978 0.3620000000000001 0.28005260642765445 0.24689713322091056 23-000852
1 0.8553136593591898 0.39199999999999946 0.10922429589418632 0.09571669477234404 23-002320
4 0.46799999999998926 0.4380000000000006 0.08522518589667487 0.08291736930860027 23-002780
1 0.8679999999999949 0.6349999999999998 0.17630842226518334 0.1693591905564925 23-001353
4 0.10099999999999909 0.8879999999999999 0.061037106529104164 0.053237774030354026 23-003949
1 0.943000000000012 0.9280000000000009 0.11980658061749849 0.10795952782462054 23-002131
1 0.3060000000000116 0.31656829679595205 0.17970987092624785 0.15080944350758854 23-001474
1 0.13300000000000978 0.3620000000000001 0.28005260642765445 0.24689713322091056 23-000852
1 0.8553136593591898 0.39199999999999946 0.10922429589418632 0.09571669477234404 23-002320
4 0.46799999999998926 0.4380000000000006 0.08522518589667487 0.08291736930860027 23-002780
1 0.8679999999999949 0.6349999999999998 0.17630842226518334 0.1693591905564925 23-001353
4 0.10099999999999909 0.8879999999999999 0.061037106529104164 0.053237774030354026 23-003949
1 0.943000000000012 0.9280000000000009 0.11980658061749849 0.10795952782462054 23-002131
1 0.3060000000000116 0.31656829679595205 0.17970987092624785 0.15080944350758854 23-001474
1 0.13300000000000978 0.3620000000000001 0.28005260642765445 0.24689713322091056 23-000852
1 0.8553136593591898 0.39199999999999946 0.10922429589418632 0.09571669477234404 23-002320
4 0.46799999999998926 0.4380000000000006 0.08522518589667487 0.08291736930860027 23-002780
1 0.8679999999999949 0.6349999999999998 0.17630842226518334 0.1693591905564925 23-001353
4 0.10099999999999909 0.8879999999999999 0.061037106529104164 0.053237774030354026 23-003949
1 0.943000000000012 0.9280000000000009 0.11980658061749849 0.10795952782462054 23-002131
