3 0.5906273187183751 0.4930590219224279 0.06009225967880854 0.05509274873524445 23-003902
3 0.02830833260306776 0.5099999999999998 0.06227833172674907 0.0972006745362563 23-002327
1 0.7179999999999893 0.6300000000000008 0.15041961856708014 0.13782462057335584 23-001663
3 0.09325463743675654 0.6787841483979762 0.061981953379399886 0.06726812816188868 23-003824
1 0.34499999999999886 0.8300784148397975 0.5648294471067872 0.37382748735244564 23-000277
3 0.5906273187183751 0.4930590219224279 0.06009225967880854 0.05509274873524445 23-003902
3 0.02830833260306776 0.5099999999999998 0.06227833172674907 0.0972006745362563 23-002327
1 0.7179999999999893 0.6300000000000008 0.15041961856708014 0.13782462057335584 23-001663
3 0.09325463743675654 0.6787841483979762 0.061981953379399886 0.06726812816188868 23-003824
1 0.34499999999999886 0.8300784148397975 0.5648294471067872 0.37382748735244564 23-000277
3 0.5906273187183751 0.4930590219224279 0.06009225967880854 0.05509274873524445 23-003902
3 0.02830833260306776 0.5099999999999998 0.06227833172674907 0.0972006745362563 23-002327
1 0.7179999999999893 0.6300000000000008 0.15041961856708014 0.13782462057335584 23-001663
3 0.09325463743675654 0.6787841483979762 0.061981953379399886 0.06726812816188868 23-003824
1 0.34499999999999886 0.8300784148397975 0.5648294471067872 0.37382748735244564 23-000277
3 0.5906273187183751 0.4930590219224279 0.06009225967880854 0.05509274873524445 23-003902
3 0.02830833260306776 0.5099999999999998 0.06227833172674907 0.0972006745362563 23-002327
1 0.7179999999999893 0.6300000000000008 0.15041961856708014 0.13782462057335584 23-001663
3 0.09325463743675654 0.6787841483979762 0.061981953379399886 0.06726812816188868 23-003824
1 0.34499999999999886 0.8300784148397975 0.5648294471067872 0.37382748735244564 23-000277
3 0.5906273187183751 0.4930590219224279 0.06009225967880854 0.05509274873524445 23-003902
3 0.02830833260306776 0.5099999999999998 0.06227833172674907 0.0972006745362563 23-002327
1 0.7179999999999893 0.6300000000000008 0.15041961856708014 0.13782462057335584 23-001663
3 0.09325463743675654 0.6787841483979762 0.061981953379399886 0.06726812816188868 23-003824
1 0.34499999999999886 0.8300784148397975 0.5648294471067872 0.37382748735244564 23-000277
3 0.5906273187183751 0.4930590219224279 0.06009225967880854 0.05509274873524445 23-003902
3 0.02830833260306776 0.5099999999999998 0.06227833172674907 0.0972006745362563 23-002327
1 0.7179999999999893 0.6300000000000008 0.15041961856708014 0.13782462057335584 23-001663
3 0.09325463743675654 0.6787841483979762 0.061981953379399886 0.06726812816188868 23-003824
1 0.34499999999999886 0.8300784148397975 0.5648294471067872 0.37382748735244564 23-000277
3 0.5906273187183751 0.4930590219224279 0.06009225967880854 0.05509274873524445 23-003902
3 0.02830833260306776 0.5099999999999998 0.06227833172674907 0.0972006745362563 23-002327
1 0.7179999999999893 0.6300000000000008 0.15041961856708014 0.13782462057335584 23-001663
3 0.09325463743675654 0.6787841483979762 0.061981953379399886 0.06726812816188868 23-003824
1 0.34499999999999886 0.8300784148397975 0.5648294471067872 0.37382748735244564 23-000277
3 0.5906273187183751 0.4930590219224279 0.06009225967880854 0.05509274873524445 23-003902
3 0.02830833260306776 0.5099999999999998 0.06227833172674907 0.0972006745362563 23-002327
1 0.7179999999999893 0.6300000000000008 0.15041961856708014 0.13782462057335584 23-001663
3 0.09325463743675654 0.6787841483979762 0.061981953379399886 0.06726812816188868 23-003824
1 0.34499999999999886 0.8300784148397975 0.5648294471067872 0.37382748735244564 23-000277
