1 0.5049999999999955 0.0984064080944352 0.297815727213214 0.2164940978077575 23-000761
3 0.7343136593591806 0.3780000000000001 0.20635455210458742 0.190876897133221 23-001183
1 0.06794097807757918 0.7213136593591912 0.12339699864862229 0.11779089376053967 23-002002
3 0.5086273187183815 0.8263726812816192 0.1328454671515796 0.12335581787521066 23-001889
1 0.5049999999999955 0.0984064080944352 0.297815727213214 0.2164940978077575 23-000761
3 0.7343136593591806 0.3780000000000001 0.20635455210458742 0.190876897133221 23-001183
1 0.06794097807757918 0.7213136593591912 0.12339699864862229 0.11779089376053967 23-002002
3 0.5086273187183815 0.8263726812816192 0.1328454671515796 0.12335581787521066 23-001889
1 0.5049999999999955 0.0984064080944352 0.297815727213214 0.2164940978077575 23-000761
3 0.7343136593591806 0.3780000000000001 0.20635455210458742 0.190876897133221 23-001183
1 0.06794097807757918 0.7213136593591912 0.12339699864862229 0.11779089376053967 23-002002
3 0.5086273187183815 0.8263726812816192 0.1328454671515796 0.12335581787521066 23-001889
1 0.5049999999999955 0.0984064080944352 0.297815727213214 0.2164940978077575 23-000761
3 0.7343136593591806 0.3780000000000001 0.20635455210458742 0.190876897133221 23-001183
1 0.06794097807757918 0.7213136593591912 0.12339699864862229 0.11779089376053967 23-002002
3 0.5086273187183815 0.8263726812816192 0.1328454671515796 0.12335581787521066 23-001889
1 0.5049999999999955 0.0984064080944352 0.297815727213214 0.2164940978077575 23-000761
3 0.7343136593591806 0.3780000000000001 0.20635455210458742 0.190876897133221 23-001183
1 0.06794097807757918 0.7213136593591912 0.12339699864862229 0.11779089376053967 23-002002
3 0.5086273187183815 0.8263726812816192 0.1328454671515796 0.12335581787521066 23-001889
1 0.5049999999999955 0.0984064080944352 0.297815727213214 0.2164940978077575 23-000761
3 0.7343136593591806 0.3780000000000001 0.20635455210458742 0.190876897133221 23-001183
1 0.06794097807757918 0.7213136593591912 0.12339699864862229 0.11779089376053967 23-002002
3 0.5086273187183815 0.8263726812816192 0.1328454671515796 0.12335581787521066 23-001889
1 0.5049999999999955 0.0984064080944352 0.297815727213214 0.2164940978077575 23-000761
3 0.7343136593591806 0.3780000000000001 0.20635455210458742 0.190876897133221 23-001183
1 0.06794097807757918 0.7213136593591912 0.12339699864862229 0.11779089376053967 23-002002
3 0.5086273187183815 0.8263726812816192 0.1328454671515796 0.12335581787521066 23-001889
