1 0.13684780405638577 0.34571669477234407 0.27369560811277155 0.33723440134907245 23-000549
1 0.28609780775716853 0.563647554806071 0.21104803757295845 0.20841483979763917 23-001032
3 0.6857841483979741 0.5725295109612144 0.0932789503606037 0.08537942664418212 23-002838
3 0.37299999999999045 0.7850000000000001 0.15514385281855875 0.14320404721753788 23-001601
3 0.1740000000000066 0.8179999999999997 0.16402541321133873 0.15563237774030358 23-001487
1 0.2529999999999859 0.9391450252951092 0.2656909343031592 0.1338809443507596 23-000920
1 0.13684780405638577 0.34571669477234407 0.27369560811277155 0.33723440134907245 23-000549
1 0.28609780775716853 0.563647554806071 0.21104803757295845 0.20841483979763917 23-001032
3 0.6857841483979741 0.5725295109612144 0.0932789503606037 0.08537942664418212 23-002838
3 0.37299999999999045 0.7850000000000001 0.15514385281855875 0.14320404721753788 23-001601
3 0.1740000000000066 0.8179999999999997 0.16402541321133873 0.15563237774030358 23-001487
1 0.2529999999999859 0.9391450252951092 0.2656909343031592 0.1338809443507596 23-000920
1 0.13684780405638577 0.34571669477234407 0.27369560811277155 0.33723440134907245 23-000549
1 0.28609780775716853 0.563647554806071 0.21104803757295845 0.20841483979763917 23-001032
3 0.6857841483979741 0.5725295109612144 0.0932789503606037 0.08537942664418212 23-002838
3 0.37299999999999045 0.7850000000000001 0.15514385281855875 0.14320404721753788 23-001601
3 0.1740000000000066 0.8179999999999997 0.16402541321133873 0.15563237774030358 23-001487
1 0.2529999999999859 0.9391450252951092 0.2656909343031592 0.1338809443507596 23-000920
1 0.13684780405638577 0.34571669477234407 0.27369560811277155 0.33723440134907245 23-000549
1 0.28609780775716853 0.563647554806071 0.21104803757295845 0.20841483979763917 23-001032
3 0.6857841483979741 0.5725295109612144 0.0932789503606037 0.08537942664418212 23-002838
3 0.37299999999999045 0.7850000000000001 0.15514385281855875 0.14320404721753788 23-001601
3 0.1740000000000066 0.8179999999999997 0.16402541321133873 0.15563237774030358 23-001487
1 0.2529999999999859 0.9391450252951092 0.2656909343031592 0.1338809443507596 23-000920
1 0.13684780405638577 0.34571669477234407 0.27369560811277155 0.33723440134907245 23-000549
1 0.28609780775716853 0.563647554806071 0.21104803757295845 0.20841483979763917 23-001032
3 0.6857841483979741 0.5725295109612144 0.0932789503606037 0.08537942664418212 23-002838
3 0.37299999999999045 0.7850000000000001 0.15514385281855875 0.14320404721753788 23-001601
3 0.1740000000000066 0.8179999999999997 0.16402541321133873 0.15563237774030358 23-001487
1 0.2529999999999859 0.9391450252951092 0.2656909343031592 0.1338809443507596 23-000920
1 0.13684780405638577 0.34571669477234407 0.27369560811277155 0.33723440134907245 23-000549
1 0.28609780775716853 0.563647554806071 0.21104803757295845 0.20841483979763917 23-001032
3 0.6857841483979741 0.5725295109612144 0.0932789503606037 0.08537942664418212 23-002838
3 0.37299999999999045 0.7850000000000001 0.15514385281855875 0.14320404721753788 23-001601
3 0.1740000000000066 0.8179999999999997 0.16402541321133873 0.15563237774030358 23-001487
1 0.2529999999999859 0.9391450252951092 0.2656909343031592 0.1338809443507596 23-000920
1 0.13684780405638577 0.34571669477234407 0.27369560811277155 0.33723440134907245 23-000549
1 0.28609780775716853 0.563647554806071 0.21104803757295845 0.20841483979763917 23-001032
3 0.6857841483979741 0.5725295109612144 0.0932789503606037 0.08537942664418212 23-002838
3 0.37299999999999045 0.7850000000000001 0.15514385281855875 0.14320404721753788 23-001601
3 0.1740000000000066 0.8179999999999997 0.16402541321133873 0.15563237774030358 23-001487
1 0.2529999999999859 0.9391450252951092 0.2656909343031592 0.1338809443507596 23-000920
1 0.13684780405638577 0.34571669477234407 0.27369560811277155 0.33723440134907245 23-000549
1 0.28609780775716853 0.563647554806071 0.21104803757295845 0.20841483979763917 23-001032
3 0.6857841483979741 0.5725295109612144 0.0932789503606037 0.08537942664418212 23-002838
3 0.37299999999999045 0.7850000000000001 0.15514385281855875 0.14320404721753788 23-001601
3 0.1740000000000066 0.8179999999999997 0.16402541321133873 0.15563237774030358 23-001487
1 0.2529999999999859 0.9391450252951092 0.2656909343031592 0.1338809443507596 23-000920
1 0.13684780405638577 0.34571669477234407 0.27369560811277155 0.33723440134907245 23-000549
1 0.28609780775716853 0.563647554806071 0.21104803757295845 0.20841483979763917 23-001032
3 0.6857841483979741 0.5725295109612144 0.0932789503606037 0.08537942664418212 23-002838
3 0.37299999999999045 0.7850000000000001 0.15514385281855875 0.14320404721753788 23-001601
3 0.1740000000000066 0.8179999999999997 0.16402541321133873 0.15563237774030358 23-001487
1 0.2529999999999859 0.9391450252951092 0.2656909343031592 0.1338809443507596 23-000920
