3 0.20774536256323117 0.11031618887015208 0.3097946973792165 0.24269561551433466 23-000771
1 0.03150685337398591 0.7106492411467117 0.06301370674797183 0.13688026981450246 23-002491
1 0.22100000000000364 0.7929999999999993 0.07653259487395411 0.050640809443507545 23-003631
3 0.20774536256323117 0.11031618887015208 0.3097946973792165 0.24269561551433466 23-000771
1 0.03150685337398591 0.7106492411467117 0.06301370674797183 0.13688026981450246 23-002491
1 0.22100000000000364 0.7929999999999993 0.07653259487395411 0.050640809443507545 23-003631
3 0.20774536256323117 0.11031618887015208 0.3097946973792165 0.24269561551433466 23-000771
1 0.03150685337398591 0.7106492411467117 0.06301370674797183 0.13688026981450246 23-002491
1 0.22100000000000364 0.7929999999999993 0.07653259487395411 0.050640809443507545 23-003631
3 0.20774536256323117 0.11031618887015208 0.3097946973792165 0.24269561551433466 23-000771
1 0.03150685337398591 0.7106492411467117 0.06301370674797183 0.13688026981450246 23-002491
1 0.22100000000000364 0.7929999999999993 0.07653259487395411 0.050640809443507545 23-003631
3 0.20774536256323117 0.11031618887015208 0.3097946973792165 0.24269561551433466 23-000771
1 0.03150685337398591 0.7106492411467117 0.06301370674797183 0.13688026981450246 23-002491
1 0.22100000000000364 0.7929999999999993 0.07653259487395411 0.050640809443507545 23-003631
3 0.20774536256323117 0.11031618887015208 0.3097946973792165 0.24269561551433466 23-000771
1 0.03150685337398591 0.7106492411467117 0.06301370674797183 0.13688026981450246 23-002491
1 0.22100000000000364 0.7929999999999993 0.07653259487395411 0.050640809443507545 23-003631
