1 0.10458954484028707 0.06633895446880238 0.2300969986486316 0.1459456998313653 23-001073
1 0.42894097807756915 0.3977453625632378 0.15589973029879542 0.1443170320404722 23-001594
2 0.5866273187183846 0.5489999999999995 0.13057783471086987 0.11760539629005061 23-001955
4 0.8669409780775859 0.7183726812816187 0.07407599306318531 0.0703035413153456 23-003188
1 0.7613869004077138 0.7692529510961216 0.5249488191030295 0.5076435075885327 23-000263
1 0.10458954484028707 0.06633895446880238 0.2300969986486316 0.1459456998313653 23-001073
1 0.42894097807756915 0.3977453625632378 0.15589973029879542 0.1443170320404722 23-001594
2 0.5866273187183846 0.5489999999999995 0.13057783471086987 0.11760539629005061 23-001955
4 0.8669409780775859 0.7183726812816187 0.07407599306318531 0.0703035413153456 23-003188
1 0.7613869004077138 0.7692529510961216 0.5249488191030295 0.5076435075885327 23-000263
1 0.10458954484028707 0.06633895446880238 0.2300969986486316 0.1459456998313653 23-001073
1 0.42894097807756915 0.3977453625632378 0.15589973029879542 0.1443170320404722 23-001594
2 0.5866273187183846 0.5489999999999995 0.13057783471086987 0.11760539629005061 23-001955
4 0.8669409780775859 0.7183726812816187 0.07407599306318531 0.0703035413153456 23-003188
1 0.7613869004077138 0.7692529510961216 0.5249488191030295 0.5076435075885327 23-000263
1 0.10458954484028707 0.06633895446880238 0.2300969986486316 0.1459456998313653 23-001073
1 0.42894097807756915 0.3977453625632378 0.15589973029879542 0.1443170320404722 23-001594
2 0.5866273187183846 0.5489999999999995 0.13057783471086987 0.11760539629005061 23-001955
4 0.8669409780775859 0.7183726812816187 0.07407599306318531 0.0703035413153456 23-003188
1 0.7613869004077138 0.7692529510961216 0.5249488191030295 0.5076435075885327 23-000263
1 0.10458954484028707 0.06633895446880238 0.2300969986486316 0.1459456998313653 23-001073
1 0.42894097807756915 0.3977453625632378 0.15589973029879542 0.1443170320404722 23-001594
2 0.5866273187183846 0.5489999999999995 0.13057783471086987 0.11760539629005061 23-001955
4 0.8669409780775859 0.7183726812816187 0.07407599306318531 0.0703035413153456 23-003188
1 0.7613869004077138 0.7692529510961216 0.5249488191030295 0.5076435075885327 23-000263
1 0.10458954484028707 0.06633895446880238 0.2300969986486316 0.1459456998313653 23-001073
1 0.42894097807756915 0.3977453625632378 0.15589973029879542 0.1443170320404722 23-001594
2 0.5866273187183846 0.5489999999999995 0.13057783471086987 0.11760539629005061 23-001955
4 0.8669409780775859 0.7183726812816187 0.07407599306318531 0.0703035413153456 23-003188
1 0.7613869004077138 0.7692529510961216 0.5249488191030295 0.5076435075885327 23-000263
1 0.10458954484028707 0.06633895446880238 0.2300969986486316 0.1459456998313653 23-001073
1 0.42894097807756915 0.3977453625632378 0.15589973029879542 0.1443170320404722 23-001594
2 0.5866273187183846 0.5489999999999995 0.13057783471086987 0.11760539629005061 23-001955
4 0.8669409780775859 0.7183726812816187 0.07407599306318531 0.0703035413153456 23-003188
1 0.7613869004077138 0.7692529510961216 0.5249488191030295 0.5076435075885327 23-000263
1 0.10458954484028707 0.06633895446880238 0.2300969986486316 0.1459456998313653 23-001073
1 0.42894097807756915 0.3977453625632378 0.15589973029879542 0.1443170320404722 23-001594
2 0.5866273187183846 0.5489999999999995 0.13057783471086987 0.11760539629005061 23-001955
4 0.8669409780775859 0.7183726812816187 0.07407599306318531 0.0703035413153456 23-003188
1 0.7613869004077138 0.7692529510961216 0.5249488191030295 0.5076435075885327 23-000263
