3 0.9217208713283777 0.2680000000000007 0.17221408307756933 0.30774030354131526 23-000677
2 0.9420000000000073 0.2940000000000005 0.10582000963375324 0.09404721753794264 23-002371
3 0.40500000000000114 0.48199999999999926 0.1143538813784105 0.10072512647554809 23-002220
4 0.48694097807756187 0.7466863406408086 0.06352993409911677 0.057875210792580185 23-003715
3 0.9217208713283777 0.2680000000000007 0.17221408307756933 0.30774030354131526 23-000677
2 0.9420000000000073 0.2940000000000005 0.10582000963375324 0.09404721753794264 23-002371
3 0.40500000000000114 0.48199999999999926 0.1143538813784105 0.10072512647554809 23-002220
4 0.48694097807756187 0.7466863406408086 0.06352993409911677 0.057875210792580185 23-003715
3 0.9217208713283777 0.2680000000000007 0.17221408307756933 0.30774030354131526 23-000677
2 0.9420000000000073 0.2940000000000005 0.10582000963375324 0.09404721753794264 23-002371
3 0.40500000000000114 0.48199999999999926 0.1143538813784105 0.10072512647554809 23-002220
4 0.48694097807756187 0.7466863406408086 0.06352993409911677 0.057875210792580185 23-003715
3 0.9217208713283777 0.2680000000000007 0.17221408307756933 0.30774030354131526 23-000677
2 0.9420000000000073 0.2940000000000005 0.10582000963375324 0.09404721753794264 23-002371
3 0.40500000000000114 0.48199999999999926 0.1143538813784105 0.10072512647554809 23-002220
4 0.48694097807756187 0.7466863406408086 0.06352993409911677 0.057875210792580185 23-003715
