2 0.8026273187183928 0.1514317032040479 0.10316502731319271 0.09831365935919056 23-002370
3 0.7969409780775643 0.24411804384485666 0.13938657182940561 0.1250252951096121 23-001834
3 0.8708535948326753 0.7759999999999998 0.28058077602241444 0.4084654300168635 23-000441
2 0.8026273187183928 0.1514317032040479 0.10316502731319271 0.09831365935919056 23-002370
3 0.7969409780775643 0.24411804384485666 0.13938657182940561 0.1250252951096121 23-001834
3 0.8708535948326753 0.7759999999999998 0.28058077602241444 0.4084654300168635 23-000441
2 0.8026273187183928 0.1514317032040479 0.10316502731319271 0.09831365935919056 23-002370
3 0.7969409780775643 0.24411804384485666 0.13938657182940561 0.1250252951096121 23-001834
3 0.8708535948326753 0.7759999999999998 0.28058077602241444 0.4084654300168635 23-000441
2 0.8026273187183928 0.1514317032040479 0.10316502731319271 0.09831365935919056 23-002370
3 0.7969409780775643 0.24411804384485666 0.13938657182940561 0.1250252951096121 23-001834
3 0.8708535948326753 0.7759999999999998 0.28058077602241444 0.4084654300168635 23-000441
2 0.8026273187183928 0.1514317032040479 0.10316502731319271 0.09831365935919056 23-002370
3 0.7969409780775643 0.24411804384485666 0.13938657182940561 0.1250252951096121 23-001834
3 0.8708535948326753 0.7759999999999998 0.28058077602241444 0.4084654300168635 23-000441
2 0.8026273187183928 0.1514317032040479 0.10316502731319271 0.09831365935919056 23-002370
3 0.7969409780775643 0.24411804384485666 0.13938657182940561 0.1250252951096121 23-001834
3 0.8708535948326753 0.7759999999999998 0.28058077602241444 0.4084654300168635 23-000441
