1 0.5380000000000109 0.23499999999999946 0.2728942542347142 0.2595109612141652 23-000843
1 0.40662731871837765 0.28668634064080956 0.0946311555685353 0.07849915682967962 23-002626
1 0.7379999999999995 0.5530000000000008 0.23686235131282704 0.22408094435075884 23-000998
1 0.9144360151723321 0.5899999999999999 0.1882407666208695 0.28585160202360893 23-000736
1 0.5800000000000125 0.8077268128161893 0.5749933139955896 0.42300101180438354 23-000296
1 0.5380000000000109 0.23499999999999946 0.2728942542347142 0.2595109612141652 23-000843
1 0.40662731871837765 0.28668634064080956 0.0946311555685353 0.07849915682967962 23-002626
1 0.7379999999999995 0.5530000000000008 0.23686235131282704 0.22408094435075884 23-000998
1 0.9144360151723321 0.5899999999999999 0.1882407666208695 0.28585160202360893 23-000736
1 0.5800000000000125 0.8077268128161893 0.5749933139955896 0.42300101180438354 23-000296
1 0.5380000000000109 0.23499999999999946 0.2728942542347142 0.2595109612141652 23-000843
1 0.40662731871837765 0.28668634064080956 0.0946311555685353 0.07849915682967962 23-002626
1 0.7379999999999995 0.5530000000000008 0.23686235131282704 0.22408094435075884 23-000998
1 0.9144360151723321 0.5899999999999999 0.1882407666208695 0.28585160202360893 23-000736
1 0.5800000000000125 0.8077268128161893 0.5749933139955896 0.42300101180438354 23-000296
1 0.5380000000000109 0.23499999999999946 0.2728942542347142 0.2595109612141652 23-000843
1 0.40662731871837765 0.28668634064080956 0.0946311555685353 0.07849915682967962 23-002626
1 0.7379999999999995 0.5530000000000008 0.23686235131282704 0.22408094435075884 23-000998
1 0.9144360151723321 0.5899999999999999 0.1882407666208695 0.28585160202360893 23-000736
1 0.5800000000000125 0.8077268128161893 0.5749933139955896 0.42300101180438354 23-000296
1 0.5380000000000109 0.23499999999999946 0.2728942542347142 0.2595109612141652 23-000843
1 0.40662731871837765 0.28668634064080956 0.0946311555685353 0.07849915682967962 23-002626
1 0.7379999999999995 0.5530000000000008 0.23686235131282704 0.22408094435075884 23-000998
1 0.9144360151723321 0.5899999999999999 0.1882407666208695 0.28585160202360893 23-000736
1 0.5800000000000125 0.8077268128161893 0.5749933139955896 0.42300101180438354 23-000296
