3 0.8830000000000098 0.1720000000000006 0.21164001926750578 0.20516020236087693 23-001126
2 0.672784148397969 0.4484704890387864 0.333302449770904 0.31715008431703196 23-000646
1 0.8830000000000098 0.5638229342327157 0.21182966086183164 0.19996627318718369 23-001144
3 0.40431365935919644 0.7989999999999995 0.12876664254716524 0.1205733558178752 23-001946
3 0.8830000000000098 0.1720000000000006 0.21164001926750578 0.20516020236087693 23-001126
2 0.672784148397969 0.4484704890387864 0.333302449770904 0.31715008431703196 23-000646
1 0.8830000000000098 0.5638229342327157 0.21182966086183164 0.19996627318718369 23-001144
3 0.40431365935919644 0.7989999999999995 0.12876664254716524 0.1205733558178752 23-001946
3 0.8830000000000098 0.1720000000000006 0.21164001926750578 0.20516020236087693 23-001126
2 0.672784148397969 0.4484704890387864 0.333302449770904 0.31715008431703196 23-000646
1 0.8830000000000098 0.5638229342327157 0.21182966086183164 0.19996627318718369 23-001144
3 0.40431365935919644 0.7989999999999995 0.12876664254716524 0.1205733558178752 23-001946
3 0.8830000000000098 0.1720000000000006 0.21164001926750578 0.20516020236087693 23-001126
2 0.672784148397969 0.4484704890387864 0.333302449770904 0.31715008431703196 23-000646
1 0.8830000000000098 0.5638229342327157 0.21182966086183164 0.19996627318718369 23-001144
3 0.40431365935919644 0.7989999999999995 0.12876664254716524 0.1205733558178752 23-001946
3 0.8830000000000098 0.1720000000000006 0.21164001926750578 0.20516020236087693 23-001126
2 0.672784148397969 0.4484704890387864 0.333302449770904 0.31715008431703196 23-000646
1 0.8830000000000098 0.5638229342327157 0.21182966086183164 0.19996627318718369 23-001144
3 0.40431365935919644 0.7989999999999995 0.12876664254716524 0.1205733558178752 23-001946
3 0.8830000000000098 0.1720000000000006 0.21164001926750578 0.20516020236087693 23-001126
2 0.672784148397969 0.4484704890387864 0.333302449770904 0.31715008431703196 23-000646
1 0.8830000000000098 0.5638229342327157 0.21182966086183164 0.19996627318718369 23-001144
3 0.40431365935919644 0.7989999999999995 0.12876664254716524 0.1205733558178752 23-001946
3 0.8830000000000098 0.1720000000000006 0.21164001926750578 0.20516020236087693 23-001126
2 0.672784148397969 0.4484704890387864 0.333302449770904 0.31715008431703196 23-000646
1 0.8830000000000098 0.5638229342327157 0.21182966086183164 0.19996627318718369 23-001144
3 0.40431365935919644 0.7989999999999995 0.12876664254716524 0.1205733558178752 23-001946
