1 0.09800000000001319 0.05339713322091104 0.13293875762233123 0.11747369308600429 23-001932
1 0.21831365935918942 0.13199999999999967 0.18034915620376174 0.167504215851602 23-001348
1 0.21631365935917987 0.22899999999999918 0.06277136772181405 0.05268128161888703 23-003798
1 0.09031365935920352 0.2859999999999996 0.0902693988990437 0.08384485666104557 23-002697
3 0.050940978077583264 0.5400590219224285 0.07756341207922034 0.07048903878583467 23-003130
3 0.13894097807757713 0.5623726812816182 0.08344230150331775 0.07753794266441824 23-002910
1 0.7019999999999982 0.60968634064081 0.32807995818349944 0.296053962900506 23-000691
1 0.233940978077576 0.8190000000000008 0.3163221793353046 0.2995784148397977 23-000703
1 0.09800000000001319 0.05339713322091104 0.13293875762233123 0.11747369308600429 23-001932
1 0.21831365935918942 0.13199999999999967 0.18034915620376174 0.167504215851602 23-001348
1 0.21631365935917987 0.22899999999999918 0.06277136772181405 0.05268128161888703 23-003798
1 0.09031365935920352 0.2859999999999996 0.0902693988990437 0.08384485666104557 23-002697
3 0.050940978077583264 0.5400590219224285 0.07756341207922034 0.07048903878583467 23-003130
3 0.13894097807757713 0.5623726812816182 0.08344230150331775 0.07753794266441824 23-002910
1 0.7019999999999982 0.60968634064081 0.32807995818349944 0.296053962900506 23-000691
1 0.233940978077576 0.8190000000000008 0.3163221793353046 0.2995784148397977 23-000703
1 0.09800000000001319 0.05339713322091104 0.13293875762233123 0.11747369308600429 23-001932
1 0.21831365935918942 0.13199999999999967 0.18034915620376174 0.167504215851602 23-001348
1 0.21631365935917987 0.22899999999999918 0.06277136772181405 0.05268128161888703 23-003798
1 0.09031365935920352 0.2859999999999996 0.0902693988990437 0.08384485666104557 23-002697
3 0.050940978077583264 0.5400590219224285 0.07756341207922034 0.07048903878583467 23-003130
3 0.13894097807757713 0.5623726812816182 0.08344230150331775 0.07753794266441824 23-002910
1 0.7019999999999982 0.60968634064081 0.32807995818349944 0.296053962900506 23-000691
1 0.233940978077576 0.8190000000000008 0.3163221793353046 0.2995784148397977 23-000703
1 0.09800000000001319 0.05339713322091104 0.13293875762233123 0.11747369308600429 23-001932
1 0.21831365935918942 0.13199999999999967 0.18034915620376174 0.167504215851602 23-001348
1 0.21631365935917987 0.22899999999999918 0.06277136772181405 0.05268128161888703 23-003798
1 0.09031365935920352 0.2859999999999996 0.0902693988990437 0.08384485666104557 23-002697
3 0.050940978077583264 0.5400590219224285 0.07756341207922034 0.07048903878583467 23-003130
3 0.13894097807757713 0.5623726812816182 0.08344230150331775 0.07753794266441824 23-002910
1 0.7019999999999982 0.60968634064081 0.32807995818349944 0.296053962900506 23-000691
1 0.233940978077576 0.8190000000000008 0.3163221793353046 0.2995784148397977 23-000703
1 0.09800000000001319 0.05339713322091104 0.13293875762233123 0.11747369308600429 23-001932
1 0.21831365935918942 0.13199999999999967 0.18034915620376174 0.167504215851602 23-001348
1 0.21631365935917987 0.22899999999999918 0.06277136772181405 0.05268128161888703 23-003798
1 0.09031365935920352 0.2859999999999996 0.0902693988990437 0.08384485666104557 23-002697
3 0.050940978077583264 0.5400590219224285 0.07756341207922034 0.07048903878583467 23-003130
3 0.13894097807757713 0.5623726812816182 0.08344230150331775 0.07753794266441824 23-002910
1 0.7019999999999982 0.60968634064081 0.32807995818349944 0.296053962900506 23-000691
1 0.233940978077576 0.8190000000000008 0.3163221793353046 0.2995784148397977 23-000703
1 0.09800000000001319 0.05339713322091104 0.13293875762233123 0.11747369308600429 23-001932
1 0.21831365935918942 0.13199999999999967 0.18034915620376174 0.167504215851602 23-001348
1 0.21631365935917987 0.22899999999999918 0.06277136772181405 0.05268128161888703 23-003798
1 0.09031365935920352 0.2859999999999996 0.0902693988990437 0.08384485666104557 23-002697
3 0.050940978077583264 0.5400590219224285 0.07756341207922034 0.07048903878583467 23-003130
3 0.13894097807757713 0.5623726812816182 0.08344230150331775 0.07753794266441824 23-002910
1 0.7019999999999982 0.60968634064081 0.32807995818349944 0.296053962900506 23-000691
1 0.233940978077576 0.8190000000000008 0.3163221793353046 0.2995784148397977 23-000703
1 0.09800000000001319 0.05339713322091104 0.13293875762233123 0.11747369308600429 23-001932
1 0.21831365935918942 0.13199999999999967 0.18034915620376174 0.167504215851602 23-001348
1 0.21631365935917987 0.22899999999999918 0.06277136772181405 0.05268128161888703 23-003798
1 0.09031365935920352 0.2859999999999996 0.0902693988990437 0.08384485666104557 23-002697
3 0.050940978077583264 0.5400590219224285 0.07756341207922034 0.07048903878583467 23-003130
3 0.13894097807757713 0.5623726812816182 0.08344230150331775 0.07753794266441824 23-002910
1 0.7019999999999982 0.60968634064081 0.32807995818349944 0.296053962900506 23-000691
1 0.233940978077576 0.8190000000000008 0.3163221793353046 0.2995784148397977 23-000703
1 0.09800000000001319 0.05339713322091104 0.13293875762233123 0.11747369308600429 23-001932
1 0.21831365935918942 0.13199999999999967 0.18034915620376174 0.167504215851602 23-001348
1 0.21631365935917987 0.22899999999999918 0.06277136772181405 0.05268128161888703 23-003798
1 0.09031365935920352 0.2859999999999996 0.0902693988990437 0.08384485666104557 23-002697
3 0.050940978077583264 0.5400590219224285 0.07756341207922034 0.07048903878583467 23-003130
3 0.13894097807757713 0.5623726812816182 0.08344230150331775 0.07753794266441824 23-002910
1 0.7019999999999982 0.60968634064081 0.32807995818349944 0.296053962900506 23-000691
1 0.233940978077576 0.8190000000000008 0.3163221793353046 0.2995784148397977 23-000703
