2 0.7073136593591938 0.2326863406408093 0.07775305367354608 0.06659359190556494 23-003196
3 0.546999999999997 0.58068634064081 0.2000718820136367 0.17807757166947727 23-001243
3 0.13831365935917692 0.6502748735244519 0.06751240757995705 0.06893760539629004 23-003603
1 0.44631365935919803 0.6923136593591914 0.3377516794941111 0.3068128161888701 23-000654
2 0.7073136593591938 0.2326863406408093 0.07775305367354608 0.06659359190556494 23-003196
3 0.546999999999997 0.58068634064081 0.2000718820136367 0.17807757166947727 23-001243
3 0.13831365935917692 0.6502748735244519 0.06751240757995705 0.06893760539629004 23-003603
1 0.44631365935919803 0.6923136593591914 0.3377516794941111 0.3068128161888701 23-000654
2 0.7073136593591938 0.2326863406408093 0.07775305367354608 0.06659359190556494 23-003196
3 0.546999999999997 0.58068634064081 0.2000718820136367 0.17807757166947727 23-001243
3 0.13831365935917692 0.6502748735244519 0.06751240757995705 0.06893760539629004 23-003603
1 0.44631365935919803 0.6923136593591914 0.3377516794941111 0.3068128161888701 23-000654
2 0.7073136593591938 0.2326863406408093 0.07775305367354608 0.06659359190556494 23-003196
3 0.546999999999997 0.58068634064081 0.2000718820136367 0.17807757166947727 23-001243
3 0.13831365935917692 0.6502748735244519 0.06751240757995705 0.06893760539629004 23-003603
1 0.44631365935919803 0.6923136593591914 0.3377516794941111 0.3068128161888701 23-000654
2 0.7073136593591938 0.2326863406408093 0.07775305367354608 0.06659359190556494 23-003196
3 0.546999999999997 0.58068634064081 0.2000718820136367 0.17807757166947727 23-001243
3 0.13831365935917692 0.6502748735244519 0.06751240757995705 0.06893760539629004 23-003603
1 0.44631365935919803 0.6923136593591914 0.3377516794941111 0.3068128161888701 23-000654
2 0.7073136593591938 0.2326863406408093 0.07775305367354608 0.06659359190556494 23-003196
3 0.546999999999997 0.58068634064081 0.2000718820136367 0.17807757166947727 23-001243
3 0.13831365935917692 0.6502748735244519 0.06751240757995705 0.06893760539629004 23-003603
1 0.44631365935919803 0.6923136593591914 0.3377516794941111 0.3068128161888701 23-000654
2 0.7073136593591938 0.2326863406408093 0.07775305367354608 0.06659359190556494 23-003196
3 0.546999999999997 0.58068634064081 0.2000718820136367 0.17807757166947727 23-001243
3 0.13831365935917692 0.6502748735244519 0.06751240757995705 0.06893760539629004 23-003603
1 0.44631365935919803 0.6923136593591914 0.3377516794941111 0.3068128161888701 23-000654
