4 0.30462731871837384 0.06668634064080894 0.06940882352321438 0.06548060708263069 23-003392
1 0.6349999999999909 0.20786509274873513 0.5215143843957357 0.4573032040472172 23-000342
1 0.9230000000000018 0.31400000000000006 0.10733714238835886 0.09794266441821245 23-002335
1 0.3669999999999903 0.4269999999999996 0.2256734972476094 0.21610455311973023 23-001041
3 0.7449409780775716 0.5343136593591901 0.10297538571886707 0.09664418212478931 23-002387
4 0.03464507356409145 0.7520000000000007 0.07621916184100122 0.08569983136593601 23-002662
4 0.45699999999999363 0.9842925801011804 0.06637455801400274 0.03455632377740301 23-003523
4 0.30462731871837384 0.06668634064080894 0.06940882352321438 0.06548060708263069 23-003392
1 0.6349999999999909 0.20786509274873513 0.5215143843957357 0.4573032040472172 23-000342
1 0.9230000000000018 0.31400000000000006 0.10733714238835886 0.09794266441821245 23-002335
1 0.3669999999999903 0.4269999999999996 0.2256734972476094 0.21610455311973023 23-001041
3 0.7449409780775716 0.5343136593591901 0.10297538571886707 0.09664418212478931 23-002387
4 0.03464507356409145 0.7520000000000007 0.07621916184100122 0.08569983136593601 23-002662
4 0.45699999999999363 0.9842925801011804 0.06637455801400274 0.03455632377740301 23-003523
4 0.30462731871837384 0.06668634064080894 0.06940882352321438 0.06548060708263069 23-003392
1 0.6349999999999909 0.20786509274873513 0.5215143843957357 0.4573032040472172 23-000342
1 0.9230000000000018 0.31400000000000006 0.10733714238835886 0.09794266441821245 23-002335
1 0.3669999999999903 0.4269999999999996 0.2256734972476094 0.21610455311973023 23-001041
3 0.7449409780775716 0.5343136593591901 0.10297538571886707 0.09664418212478931 23-002387
4 0.03464507356409145 0.7520000000000007 0.07621916184100122 0.08569983136593601 23-002662
4 0.45699999999999363 0.9842925801011804 0.06637455801400274 0.03455632377740301 23-003523
4 0.30462731871837384 0.06668634064080894 0.06940882352321438 0.06548060708263069 23-003392
1 0.6349999999999909 0.20786509274873513 0.5215143843957357 0.4573032040472172 23-000342
1 0.9230000000000018 0.31400000000000006 0.10733714238835886 0.09794266441821245 23-002335
1 0.3669999999999903 0.4269999999999996 0.2256734972476094 0.21610455311973023 23-001041
3 0.7449409780775716 0.5343136593591901 0.10297538571886707 0.09664418212478931 23-002387
4 0.03464507356409145 0.7520000000000007 0.07621916184100122 0.08569983136593601 23-002662
4 0.45699999999999363 0.9842925801011804 0.06637455801400274 0.03455632377740301 23-003523
4 0.30462731871837384 0.06668634064080894 0.06940882352321438 0.06548060708263069 23-003392
1 0.6349999999999909 0.20786509274873513 0.5215143843957357 0.4573032040472172 23-000342
1 0.9230000000000018 0.31400000000000006 0.10733714238835886 0.09794266441821245 23-002335
1 0.3669999999999903 0.4269999999999996 0.2256734972476094 0.21610455311973023 23-001041
3 0.7449409780775716 0.5343136593591901 0.10297538571886707 0.09664418212478931 23-002387
4 0.03464507356409145 0.7520000000000007 0.07621916184100122 0.08569983136593601 23-002662
4 0.45699999999999363 0.9842925801011804 0.06637455801400274 0.03455632377740301 23-003523
4 0.30462731871837384 0.06668634064080894 0.06940882352321438 0.06548060708263069 23-003392
1 0.6349999999999909 0.20786509274873513 0.5215143843957357 0.4573032040472172 23-000342
1 0.9230000000000018 0.31400000000000006 0.10733714238835886 0.09794266441821245 23-002335
1 0.3669999999999903 0.4269999999999996 0.2256734972476094 0.21610455311973023 23-001041
3 0.7449409780775716 0.5343136593591901 0.10297538571886707 0.09664418212478931 23-002387
4 0.03464507356409145 0.7520000000000007 0.07621916184100122 0.08569983136593601 23-002662
4 0.45699999999999363 0.9842925801011804 0.06637455801400274 0.03455632377740301 23-003523
4 0.30462731871837384 0.06668634064080894 0.06940882352321438 0.06548060708263069 23-003392
1 0.6349999999999909 0.20786509274873513 0.5215143843957357 0.4573032040472172 23-000342
1 0.9230000000000018 0.31400000000000006 0.10733714238835886 0.09794266441821245 23-002335
1 0.3669999999999903 0.4269999999999996 0.2256734972476094 0.21610455311973023 23-001041
3 0.7449409780775716 0.5343136593591901 0.10297538571886707 0.09664418212478931 23-002387
4 0.03464507356409145 0.7520000000000007 0.07621916184100122 0.08569983136593601 23-002662
4 0.45699999999999363 0.9842925801011804 0.06637455801400274 0.03455632377740301 23-003523
4 0.30462731871837384 0.06668634064080894 0.06940882352321438 0.06548060708263069 23-003392
1 0.6349999999999909 0.20786509274873513 0.5215143843957357 0.4573032040472172 23-000342
1 0.9230000000000018 0.31400000000000006 0.10733714238835886 0.09794266441821245 23-002335
1 0.3669999999999903 0.4269999999999996 0.2256734972476094 0.21610455311973023 23-001041
3 0.7449409780775716 0.5343136593591901 0.10297538571886707 0.09664418212478931 23-002387
4 0.03464507356409145 0.7520000000000007 0.07621916184100122 0.08569983136593601 23-002662
4 0.45699999999999363 0.9842925801011804 0.06637455801400274 0.03455632377740301 23-003523
4 0.30462731871837384 0.06668634064080894 0.06940882352321438 0.06548060708263069 23-003392
1 0.6349999999999909 0.20786509274873513 0.5215143843957357 0.4573032040472172 23-000342
1 0.9230000000000018 0.31400000000000006 0.10733714238835886 0.09794266441821245 23-002335
1 0.3669999999999903 0.4269999999999996 0.2256734972476094 0.21610455311973023 23-001041
3 0.7449409780775716 0.5343136593591901 0.10297538571886707 0.09664418212478931 23-002387
4 0.03464507356409145 0.7520000000000007 0.07621916184100122 0.08569983136593601 23-002662
4 0.45699999999999363 0.9842925801011804 0.06637455801400274 0.03455632377740301 23-003523
4 0.30462731871837384 0.06668634064080894 0.06940882352321438 0.06548060708263069 23-003392
1 0.6349999999999909 0.20786509274873513 0.5215143843957357 0.4573032040472172 23-000342
1 0.9230000000000018 0.31400000000000006 0.10733714238835886 0.09794266441821245 23-002335
1 0.3669999999999903 0.4269999999999996 0.2256734972476094 0.21610455311973023 23-001041
3 0.7449409780775716 0.5343136593591901 0.10297538571886707 0.09664418212478931 23-002387
4 0.03464507356409145 0.7520000000000007 0.07621916184100122 0.08569983136593601 23-002662
4 0.45699999999999363 0.9842925801011804 0.06637455801400274 0.03455632377740301 23-003523
