3 0.5169999999999959 0.03778414839797674 0.10373395209617006 0.08312512647554883 23-002444
4 0.8129409780775837 0.31868634064080964 0.058978535835299696 0.05527824620573351 23-003936
4 0.22999999999998977 0.34999999999999964 0.06542635004237418 0.060101180438448545 23-003597
1 0.7760000000000105 0.9269999999999996 0.1183363548592507 0.11148397976391253 23-002094
3 0.5169999999999959 0.03778414839797674 0.10373395209617006 0.08312512647554883 23-002444
4 0.8129409780775837 0.31868634064080964 0.058978535835299696 0.05527824620573351 23-003936
4 0.22999999999998977 0.34999999999999964 0.06542635004237418 0.060101180438448545 23-003597
1 0.7760000000000105 0.9269999999999996 0.1183363548592507 0.11148397976391253 23-002094
3 0.5169999999999959 0.03778414839797674 0.10373395209617006 0.08312512647554883 23-002444
4 0.8129409780775837 0.31868634064080964 0.058978535835299696 0.05527824620573351 23-003936
4 0.22999999999998977 0.34999999999999964 0.06542635004237418 0.060101180438448545 23-003597
1 0.7760000000000105 0.9269999999999996 0.1183363548592507 0.11148397976391253 23-002094
3 0.5169999999999959 0.03778414839797674 0.10373395209617006 0.08312512647554883 23-002444
4 0.8129409780775837 0.31868634064080964 0.058978535835299696 0.05527824620573351 23-003936
4 0.22999999999998977 0.34999999999999964 0.06542635004237418 0.060101180438448545 23-003597
1 0.7760000000000105 0.9269999999999996 0.1183363548592507 0.11148397976391253 23-002094
