3 0.9139999999999873 0.4299999999999997 0.11568137253869067 0.10740303541315355 23-002147
1 0.42847555775180907 0.6647537942664421 0.9426462270539799 0.7375416526138275 23-000091
3 0.9139999999999873 0.4299999999999997 0.11568137253869067 0.10740303541315355 23-002147
1 0.42847555775180907 0.6647537942664421 0.9426462270539799 0.7375416526138275 23-000091
3 0.9139999999999873 0.4299999999999997 0.11568137253869067 0.10740303541315355 23-002147
1 0.42847555775180907 0.6647537942664421 0.9426462270539799 0.7375416526138275 23-000091
3 0.9139999999999873 0.4299999999999997 0.11568137253869067 0.10740303541315355 23-002147
1 0.42847555775180907 0.6647537942664421 0.9426462270539799 0.7375416526138275 23-000091
3 0.9139999999999873 0.4299999999999997 0.11568137253869067 0.10740303541315355 23-002147
1 0.42847555775180907 0.6647537942664421 0.9426462270539799 0.7375416526138275 23-000091
