1 0.1751352294502401 0.5350000000000001 0.3852975047905282 0.632175379426644 23-000208
2 0.8970144191504417 0.8752521079258013 0.22656827786902825 0.27444536256323715 23-000638
1 0.3640000000000043 0.9101163575042158 0.2880655817807721 0.19774401349072523 23-000826
1 0.19200000000000728 0.9523330522765595 0.1526614834322064 0.1048672849915688 23-001635
1 0.1751352294502401 0.5350000000000001 0.3852975047905282 0.632175379426644 23-000208
2 0.8970144191504417 0.8752521079258013 0.22656827786902825 0.27444536256323715 23-000638
1 0.3640000000000043 0.9101163575042158 0.2880655817807721 0.19774401349072523 23-000826
1 0.19200000000000728 0.9523330522765595 0.1526614834322064 0.1048672849915688 23-001635
1 0.1751352294502401 0.5350000000000001 0.3852975047905282 0.632175379426644 23-000208
2 0.8970144191504417 0.8752521079258013 0.22656827786902825 0.27444536256323715 23-000638
1 0.3640000000000043 0.9101163575042158 0.2880655817807721 0.19774401349072523 23-000826
1 0.19200000000000728 0.9523330522765595 0.1526614834322064 0.1048672849915688 23-001635
1 0.1751352294502401 0.5350000000000001 0.3852975047905282 0.632175379426644 23-000208
2 0.8970144191504417 0.8752521079258013 0.22656827786902825 0.27444536256323715 23-000638
1 0.3640000000000043 0.9101163575042158 0.2880655817807721 0.19774401349072523 23-000826
1 0.19200000000000728 0.9523330522765595 0.1526614834322064 0.1048672849915688 23-001635
1 0.1751352294502401 0.5350000000000001 0.3852975047905282 0.632175379426644 23-000208
2 0.8970144191504417 0.8752521079258013 0.22656827786902825 0.27444536256323715 23-000638
1 0.3640000000000043 0.9101163575042158 0.2880655817807721 0.19774401349072523 23-000826
1 0.19200000000000728 0.9523330522765595 0.1526614834322064 0.1048672849915688 23-001635
1 0.1751352294502401 0.5350000000000001 0.3852975047905282 0.632175379426644 23-000208
2 0.8970144191504417 0.8752521079258013 0.22656827786902825 0.27444536256323715 23-000638
1 0.3640000000000043 0.9101163575042158 0.2880655817807721 0.19774401349072523 23-000826
1 0.19200000000000728 0.9523330522765595 0.1526614834322064 0.1048672849915688 23-001635
1 0.1751352294502401 0.5350000000000001 0.3852975047905282 0.632175379426644 23-000208
2 0.8970144191504417 0.8752521079258013 0.22656827786902825 0.27444536256323715 23-000638
1 0.3640000000000043 0.9101163575042158 0.2880655817807721 0.19774401349072523 23-000826
1 0.19200000000000728 0.9523330522765595 0.1526614834322064 0.1048672849915688 23-001635
