2 0.8239409780775795 0.04421585160202276 0.08192516874871195 0.08114671163575041 23-003035
3 0.6513136593591822 0.14962731871838159 0.0836319430976435 0.06951096121416526 23-003360
1 0.32099999999999795 0.19100000000000072 0.2918584136672864 0.28344013490725123 23-000768
2 0.2792546374367636 0.2573136593591909 0.07206380584377442 0.06177065767284991 23-003432
3 0.5089999999999861 0.4359999999999999 0.09501043875718686 0.0884822934232715 23-002573
3 0.3540000000000134 0.8640000000000008 0.066184916419677 0.06362563237774034 23-003494
4 0.6359999999999957 0.9440000000000008 0.1139745981897591 0.10091062394603696 23-002221
2 0.8239409780775795 0.04421585160202276 0.08192516874871195 0.08114671163575041 23-003035
3 0.6513136593591822 0.14962731871838159 0.0836319430976435 0.06951096121416526 23-003360
1 0.32099999999999795 0.19100000000000072 0.2918584136672864 0.28344013490725123 23-000768
2 0.2792546374367636 0.2573136593591909 0.07206380584377442 0.06177065767284991 23-003432
3 0.5089999999999861 0.4359999999999999 0.09501043875718686 0.0884822934232715 23-002573
3 0.3540000000000134 0.8640000000000008 0.066184916419677 0.06362563237774034 23-003494
4 0.6359999999999957 0.9440000000000008 0.1139745981897591 0.10091062394603696 23-002221
2 0.8239409780775795 0.04421585160202276 0.08192516874871195 0.08114671163575041 23-003035
3 0.6513136593591822 0.14962731871838159 0.0836319430976435 0.06951096121416526 23-003360
1 0.32099999999999795 0.19100000000000072 0.2918584136672864 0.28344013490725123 23-000768
2 0.2792546374367636 0.2573136593591909 0.07206380584377442 0.06177065767284991 23-003432
3 0.5089999999999861 0.4359999999999999 0.09501043875718686 0.0884822934232715 23-002573
3 0.3540000000000134 0.8640000000000008 0.066184916419677 0.06362563237774034 23-003494
4 0.6359999999999957 0.9440000000000008 0.1139745981897591 0.10091062394603696 23-002221
2 0.8239409780775795 0.04421585160202276 0.08192516874871195 0.08114671163575041 23-003035
3 0.6513136593591822 0.14962731871838159 0.0836319430976435 0.06951096121416526 23-003360
1 0.32099999999999795 0.19100000000000072 0.2918584136672864 0.28344013490725123 23-000768
2 0.2792546374367636 0.2573136593591909 0.07206380584377442 0.06177065767284991 23-003432
3 0.5089999999999861 0.4359999999999999 0.09501043875718686 0.0884822934232715 23-002573
3 0.3540000000000134 0.8640000000000008 0.066184916419677 0.06362563237774034 23-003494
4 0.6359999999999957 0.9440000000000008 0.1139745981897591 0.10091062394603696 23-002221
2 0.8239409780775795 0.04421585160202276 0.08192516874871195 0.08114671163575041 23-003035
3 0.6513136593591822 0.14962731871838159 0.0836319430976435 0.06951096121416526 23-003360
1 0.32099999999999795 0.19100000000000072 0.2918584136672864 0.28344013490725123 23-000768
2 0.2792546374367636 0.2573136593591909 0.07206380584377442 0.06177065767284991 23-003432
3 0.5089999999999861 0.4359999999999999 0.09501043875718686 0.0884822934232715 23-002573
3 0.3540000000000134 0.8640000000000008 0.066184916419677 0.06362563237774034 23-003494
4 0.6359999999999957 0.9440000000000008 0.1139745981897591 0.10091062394603696 23-002221
2 0.8239409780775795 0.04421585160202276 0.08192516874871195 0.08114671163575041 23-003035
3 0.6513136593591822 0.14962731871838159 0.0836319430976435 0.06951096121416526 23-003360
1 0.32099999999999795 0.19100000000000072 0.2918584136672864 0.28344013490725123 23-000768
2 0.2792546374367636 0.2573136593591909 0.07206380584377442 0.06177065767284991 23-003432
3 0.5089999999999861 0.4359999999999999 0.09501043875718686 0.0884822934232715 23-002573
3 0.3540000000000134 0.8640000000000008 0.066184916419677 0.06362563237774034 23-003494
4 0.6359999999999957 0.9440000000000008 0.1139745981897591 0.10091062394603696 23-002221
2 0.8239409780775795 0.04421585160202276 0.08192516874871195 0.08114671163575041 23-003035
3 0.6513136593591822 0.14962731871838159 0.0836319430976435 0.06951096121416526 23-003360
1 0.32099999999999795 0.19100000000000072 0.2918584136672864 0.28344013490725123 23-000768
2 0.2792546374367636 0.2573136593591909 0.07206380584377442 0.06177065767284991 23-003432
3 0.5089999999999861 0.4359999999999999 0.09501043875718686 0.0884822934232715 23-002573
3 0.3540000000000134 0.8640000000000008 0.066184916419677 0.06362563237774034 23-003494
4 0.6359999999999957 0.9440000000000008 0.1139745981897591 0.10091062394603696 23-002221
2 0.8239409780775795 0.04421585160202276 0.08192516874871195 0.08114671163575041 23-003035
3 0.6513136593591822 0.14962731871838159 0.0836319430976435 0.06951096121416526 23-003360
1 0.32099999999999795 0.19100000000000072 0.2918584136672864 0.28344013490725123 23-000768
2 0.2792546374367636 0.2573136593591909 0.07206380584377442 0.06177065767284991 23-003432
3 0.5089999999999861 0.4359999999999999 0.09501043875718686 0.0884822934232715 23-002573
3 0.3540000000000134 0.8640000000000008 0.066184916419677 0.06362563237774034 23-003494
4 0.6359999999999957 0.9440000000000008 0.1139745981897591 0.10091062394603696 23-002221
2 0.8239409780775795 0.04421585160202276 0.08192516874871195 0.08114671163575041 23-003035
3 0.6513136593591822 0.14962731871838159 0.0836319430976435 0.06951096121416526 23-003360
1 0.32099999999999795 0.19100000000000072 0.2918584136672864 0.28344013490725123 23-000768
2 0.2792546374367636 0.2573136593591909 0.07206380584377442 0.06177065767284991 23-003432
3 0.5089999999999861 0.4359999999999999 0.09501043875718686 0.0884822934232715 23-002573
3 0.3540000000000134 0.8640000000000008 0.066184916419677 0.06362563237774034 23-003494
4 0.6359999999999957 0.9440000000000008 0.1139745981897591 0.10091062394603696 23-002221
2 0.8239409780775795 0.04421585160202276 0.08192516874871195 0.08114671163575041 23-003035
3 0.6513136593591822 0.14962731871838159 0.0836319430976435 0.06951096121416526 23-003360
1 0.32099999999999795 0.19100000000000072 0.2918584136672864 0.28344013490725123 23-000768
2 0.2792546374367636 0.2573136593591909 0.07206380584377442 0.06177065767284991 23-003432
3 0.5089999999999861 0.4359999999999999 0.09501043875718686 0.0884822934232715 23-002573
3 0.3540000000000134 0.8640000000000008 0.066184916419677 0.06362563237774034 23-003494
4 0.6359999999999957 0.9440000000000008 0.1139745981897591 0.10091062394603696 23-002221
