1 0.86099999999999 0.37100000000000044 0.11757778848194779 0.10443507588532876 23-002152
1 0.6910000000000025 0.6829999999999998 0.2761181613382515 0.2546880269814502 23-000845
1 0.86099999999999 0.37100000000000044 0.11757778848194779 0.10443507588532876 23-002152
1 0.6910000000000025 0.6829999999999998 0.2761181613382515 0.2546880269814502 23-000845
1 0.86099999999999 0.37100000000000044 0.11757778848194779 0.10443507588532876 23-002152
1 0.6910000000000025 0.6829999999999998 0.2761181613382515 0.2546880269814502 23-000845
1 0.86099999999999 0.37100000000000044 0.11757778848194779 0.10443507588532876 23-002152
1 0.6910000000000025 0.6829999999999998 0.2761181613382515 0.2546880269814502 23-000845
1 0.86099999999999 0.37100000000000044 0.11757778848194779 0.10443507588532876 23-002152
1 0.6910000000000025 0.6829999999999998 0.2761181613382515 0.2546880269814502 23-000845
