3 0.40562731871837293 0.23705902192242764 0.11985348761385638 0.10629005059021927 23-002127
3 0.5382546374367497 0.42462731871838194 0.08932119092741528 0.08143338954468801 23-002724
3 0.9042546374367637 0.6694317032040468 0.07263273062675148 0.06752107925801006 23-003289
3 0.8269999999999982 0.9711180438448563 0.07320165540972873 0.0635403035413157 23-003319
3 0.40562731871837293 0.23705902192242764 0.11985348761385638 0.10629005059021927 23-002127
3 0.5382546374367497 0.42462731871838194 0.08932119092741528 0.08143338954468801 23-002724
3 0.9042546374367637 0.6694317032040468 0.07263273062675148 0.06752107925801006 23-003289
3 0.8269999999999982 0.9711180438448563 0.07320165540972873 0.0635403035413157 23-003319
3 0.40562731871837293 0.23705902192242764 0.11985348761385638 0.10629005059021927 23-002127
3 0.5382546374367497 0.42462731871838194 0.08932119092741528 0.08143338954468801 23-002724
3 0.9042546374367637 0.6694317032040468 0.07263273062675148 0.06752107925801006 23-003289
3 0.8269999999999982 0.9711180438448563 0.07320165540972873 0.0635403035413157 23-003319
3 0.40562731871837293 0.23705902192242764 0.11985348761385638 0.10629005059021927 23-002127
3 0.5382546374367497 0.42462731871838194 0.08932119092741528 0.08143338954468801 23-002724
3 0.9042546374367637 0.6694317032040468 0.07263273062675148 0.06752107925801006 23-003289
3 0.8269999999999982 0.9711180438448563 0.07320165540972873 0.0635403035413157 23-003319
