1 0.2107841483979798 0.47199999999999953 0.08143286400087822 0.07639123102866771 17-000464
2 0.547627318718383 0.5617841483979771 0.08528507577759752 0.08381112984822942 17-000476
2 0.44725463743675575 0.5845295109612149 0.10129670453344639 0.09325463743676234 17-000346
2 0.3706273187183763 0.6941568296795956 0.1593308748654401 0.17099494097807771 17-000171
1 0.2107841483979798 0.47199999999999953 0.08143286400087822 0.07639123102866771 17-000464
2 0.547627318718383 0.5617841483979771 0.08528507577759752 0.08381112984822942 17-000476
2 0.44725463743675575 0.5845295109612149 0.10129670453344639 0.09325463743676234 17-000346
2 0.3706273187183763 0.6941568296795956 0.1593308748654401 0.17099494097807771 17-000171
1 0.2107841483979798 0.47199999999999953 0.08143286400087822 0.07639123102866771 17-000464
2 0.547627318718383 0.5617841483979771 0.08528507577759752 0.08381112984822942 17-000476
2 0.44725463743675575 0.5845295109612149 0.10129670453344639 0.09325463743676234 17-000346
2 0.3706273187183763 0.6941568296795956 0.1593308748654401 0.17099494097807771 17-000171
1 0.2107841483979798 0.47199999999999953 0.08143286400087822 0.07639123102866771 17-000464
2 0.547627318718383 0.5617841483979771 0.08528507577759752 0.08381112984822942 17-000476
2 0.44725463743675575 0.5845295109612149 0.10129670453344639 0.09325463743676234 17-000346
2 0.3706273187183763 0.6941568296795956 0.1593308748654401 0.17099494097807771 17-000171
