1 0.3166273187183743 0.28437268128161947 0.08097696077708337 0.07290050590219227 23-003039
1 0.40500000000000114 0.5779999999999994 0.14564474444215456 0.13485666104553123 23-001731
1 0.7139999999999986 0.5980000000000008 0.132369832839354 0.12558178752107912 23-001884
1 0.3166273187183743 0.28437268128161947 0.08097696077708337 0.07290050590219227 23-003039
1 0.40500000000000114 0.5779999999999994 0.14564474444215456 0.13485666104553123 23-001731
1 0.7139999999999986 0.5980000000000008 0.132369832839354 0.12558178752107912 23-001884
1 0.3166273187183743 0.28437268128161947 0.08097696077708337 0.07290050590219227 23-003039
1 0.40500000000000114 0.5779999999999994 0.14564474444215456 0.13485666104553123 23-001731
1 0.7139999999999986 0.5980000000000008 0.132369832839354 0.12558178752107912 23-001884
1 0.3166273187183743 0.28437268128161947 0.08097696077708337 0.07290050590219227 23-003039
1 0.40500000000000114 0.5779999999999994 0.14564474444215456 0.13485666104553123 23-001731
1 0.7139999999999986 0.5980000000000008 0.132369832839354 0.12558178752107912 23-001884
1 0.3166273187183743 0.28437268128161947 0.08097696077708337 0.07290050590219227 23-003039
1 0.40500000000000114 0.5779999999999994 0.14564474444215456 0.13485666104553123 23-001731
1 0.7139999999999986 0.5980000000000008 0.132369832839354 0.12558178752107912 23-001884
1 0.3166273187183743 0.28437268128161947 0.08097696077708337 0.07290050590219227 23-003039
1 0.40500000000000114 0.5779999999999994 0.14564474444215456 0.13485666104553123 23-001731
1 0.7139999999999986 0.5980000000000008 0.132369832839354 0.12558178752107912 23-001884
