2 0.7369999999999948 0.20668634064080954 0.07642556251326611 0.06919055649241145 23-003181
2 0.7340000000000089 0.2959999999999994 0.16631567822365817 0.14913996627318718 23-001526
2 0.7369999999999948 0.20668634064080954 0.07642556251326611 0.06919055649241145 23-003181
2 0.7340000000000089 0.2959999999999994 0.16631567822365817 0.14913996627318718 23-001526
2 0.7369999999999948 0.20668634064080954 0.07642556251326611 0.06919055649241145 23-003181
2 0.7340000000000089 0.2959999999999994 0.16631567822365817 0.14913996627318718 23-001526
2 0.7369999999999948 0.20668634064080954 0.07642556251326611 0.06919055649241145 23-003181
2 0.7340000000000089 0.2959999999999994 0.16631567822365817 0.14913996627318718 23-001526
2 0.7369999999999948 0.20668634064080954 0.07642556251326611 0.06919055649241145 23-003181
2 0.7340000000000089 0.2959999999999994 0.16631567822365817 0.14913996627318718 23-001526
