3 0.6340978077571533 0.30178414839797557 0.5381562390589283 0.5091062394603711 23-000306
1 0.27299999999999613 0.3770000000000006 0.22093245738946635 0.2046037099494098 23-001091
1 0.9546312699098097 0.5229999999999997 0.09981120619841827 0.10554806070826313 23-002129
3 0.2400000000000091 0.5700000000000003 0.060685310184231074 0.05490725126475539 23-003918
3 0.8859999999999957 0.6820000000000004 0.13597302313154286 0.12947723440134923 23-001824
3 0.6340978077571533 0.30178414839797557 0.5381562390589283 0.5091062394603711 23-000306
1 0.27299999999999613 0.3770000000000006 0.22093245738946635 0.2046037099494098 23-001091
1 0.9546312699098097 0.5229999999999997 0.09981120619841827 0.10554806070826313 23-002129
3 0.2400000000000091 0.5700000000000003 0.060685310184231074 0.05490725126475539 23-003918
3 0.8859999999999957 0.6820000000000004 0.13597302313154286 0.12947723440134923 23-001824
3 0.6340978077571533 0.30178414839797557 0.5381562390589283 0.5091062394603711 23-000306
1 0.27299999999999613 0.3770000000000006 0.22093245738946635 0.2046037099494098 23-001091
1 0.9546312699098097 0.5229999999999997 0.09981120619841827 0.10554806070826313 23-002129
3 0.2400000000000091 0.5700000000000003 0.060685310184231074 0.05490725126475539 23-003918
3 0.8859999999999957 0.6820000000000004 0.13597302313154286 0.12947723440134923 23-001824
3 0.6340978077571533 0.30178414839797557 0.5381562390589283 0.5091062394603711 23-000306
1 0.27299999999999613 0.3770000000000006 0.22093245738946635 0.2046037099494098 23-001091
1 0.9546312699098097 0.5229999999999997 0.09981120619841827 0.10554806070826313 23-002129
3 0.2400000000000091 0.5700000000000003 0.060685310184231074 0.05490725126475539 23-003918
3 0.8859999999999957 0.6820000000000004 0.13597302313154286 0.12947723440134923 23-001824
3 0.6340978077571533 0.30178414839797557 0.5381562390589283 0.5091062394603711 23-000306
1 0.27299999999999613 0.3770000000000006 0.22093245738946635 0.2046037099494098 23-001091
1 0.9546312699098097 0.5229999999999997 0.09981120619841827 0.10554806070826313 23-002129
3 0.2400000000000091 0.5700000000000003 0.060685310184231074 0.05490725126475539 23-003918
3 0.8859999999999957 0.6820000000000004 0.13597302313154286 0.12947723440134923 23-001824
3 0.6340978077571533 0.30178414839797557 0.5381562390589283 0.5091062394603711 23-000306
1 0.27299999999999613 0.3770000000000006 0.22093245738946635 0.2046037099494098 23-001091
1 0.9546312699098097 0.5229999999999997 0.09981120619841827 0.10554806070826313 23-002129
3 0.2400000000000091 0.5700000000000003 0.060685310184231074 0.05490725126475539 23-003918
3 0.8859999999999957 0.6820000000000004 0.13597302313154286 0.12947723440134923 23-001824
3 0.6340978077571533 0.30178414839797557 0.5381562390589283 0.5091062394603711 23-000306
1 0.27299999999999613 0.3770000000000006 0.22093245738946635 0.2046037099494098 23-001091
1 0.9546312699098097 0.5229999999999997 0.09981120619841827 0.10554806070826313 23-002129
3 0.2400000000000091 0.5700000000000003 0.060685310184231074 0.05490725126475539 23-003918
3 0.8859999999999957 0.6820000000000004 0.13597302313154286 0.12947723440134923 23-001824
3 0.6340978077571533 0.30178414839797557 0.5381562390589283 0.5091062394603711 23-000306
1 0.27299999999999613 0.3770000000000006 0.22093245738946635 0.2046037099494098 23-001091
1 0.9546312699098097 0.5229999999999997 0.09981120619841827 0.10554806070826313 23-002129
3 0.2400000000000091 0.5700000000000003 0.060685310184231074 0.05490725126475539 23-003918
3 0.8859999999999957 0.6820000000000004 0.13597302313154286 0.12947723440134923 23-001824
