1 0.05500000000000682 0.03700000000000081 0.08590764222955212 0.07994940978077571 23-002836
2 0.9356403195436056 0.12100000000000043 0.14159129700406728 0.13318718381112984 23-001747
4 0.763627318718377 0.3426863406408088 0.08040803599410602 0.07623946037099501 23-003000
1 0.21519561551433777 0.5719999999999992 0.14848936835704044 0.13875210792580098 23-001672
1 0.8463136593592039 0.8629999999999997 0.24956833813265028 0.23317032040472183 23-000948
1 0.05500000000000682 0.03700000000000081 0.08590764222955212 0.07994940978077571 23-002836
2 0.9356403195436056 0.12100000000000043 0.14159129700406728 0.13318718381112984 23-001747
4 0.763627318718377 0.3426863406408088 0.08040803599410602 0.07623946037099501 23-003000
1 0.21519561551433777 0.5719999999999992 0.14848936835704044 0.13875210792580098 23-001672
1 0.8463136593592039 0.8629999999999997 0.24956833813265028 0.23317032040472183 23-000948
1 0.05500000000000682 0.03700000000000081 0.08590764222955212 0.07994940978077571 23-002836
2 0.9356403195436056 0.12100000000000043 0.14159129700406728 0.13318718381112984 23-001747
4 0.763627318718377 0.3426863406408088 0.08040803599410602 0.07623946037099501 23-003000
1 0.21519561551433777 0.5719999999999992 0.14848936835704044 0.13875210792580098 23-001672
1 0.8463136593592039 0.8629999999999997 0.24956833813265028 0.23317032040472183 23-000948
1 0.05500000000000682 0.03700000000000081 0.08590764222955212 0.07994940978077571 23-002836
2 0.9356403195436056 0.12100000000000043 0.14159129700406728 0.13318718381112984 23-001747
4 0.763627318718377 0.3426863406408088 0.08040803599410602 0.07623946037099501 23-003000
1 0.21519561551433777 0.5719999999999992 0.14848936835704044 0.13875210792580098 23-001672
1 0.8463136593592039 0.8629999999999997 0.24956833813265028 0.23317032040472183 23-000948
1 0.05500000000000682 0.03700000000000081 0.08590764222955212 0.07994940978077571 23-002836
2 0.9356403195436056 0.12100000000000043 0.14159129700406728 0.13318718381112984 23-001747
4 0.763627318718377 0.3426863406408088 0.08040803599410602 0.07623946037099501 23-003000
1 0.21519561551433777 0.5719999999999992 0.14848936835704044 0.13875210792580098 23-001672
1 0.8463136593592039 0.8629999999999997 0.24956833813265028 0.23317032040472183 23-000948
