1 0.17069893485462784 0.4649999999999998 0.3755376566801812 0.425902192242833 23-000393
3 0.3125682967959507 0.5026863406408089 0.06239208453316254 0.05620573355817882 23-003792
1 0.5310000000000059 0.6359999999999992 0.35633655573803186 0.3287015177065767 23-000612
3 0.8376863406408221 0.7189999999999994 0.29687082995224345 0.2797301854974707 23-000747
1 0.17069893485462784 0.4649999999999998 0.3755376566801812 0.425902192242833 23-000393
3 0.3125682967959507 0.5026863406408089 0.06239208453316254 0.05620573355817882 23-003792
1 0.5310000000000059 0.6359999999999992 0.35633655573803186 0.3287015177065767 23-000612
3 0.8376863406408221 0.7189999999999994 0.29687082995224345 0.2797301854974707 23-000747
1 0.17069893485462784 0.4649999999999998 0.3755376566801812 0.425902192242833 23-000393
3 0.3125682967959507 0.5026863406408089 0.06239208453316254 0.05620573355817882 23-003792
1 0.5310000000000059 0.6359999999999992 0.35633655573803186 0.3287015177065767 23-000612
3 0.8376863406408221 0.7189999999999994 0.29687082995224345 0.2797301854974707 23-000747
1 0.17069893485462784 0.4649999999999998 0.3755376566801812 0.425902192242833 23-000393
3 0.3125682967959507 0.5026863406408089 0.06239208453316254 0.05620573355817882 23-003792
1 0.5310000000000059 0.6359999999999992 0.35633655573803186 0.3287015177065767 23-000612
3 0.8376863406408221 0.7189999999999994 0.29687082995224345 0.2797301854974707 23-000747
1 0.17069893485462784 0.4649999999999998 0.3755376566801812 0.425902192242833 23-000393
3 0.3125682967959507 0.5026863406408089 0.06239208453316254 0.05620573355817882 23-003792
1 0.5310000000000059 0.6359999999999992 0.35633655573803186 0.3287015177065767 23-000612
3 0.8376863406408221 0.7189999999999994 0.29687082995224345 0.2797301854974707 23-000747
1 0.17069893485462784 0.4649999999999998 0.3755376566801812 0.425902192242833 23-000393
3 0.3125682967959507 0.5026863406408089 0.06239208453316254 0.05620573355817882 23-003792
1 0.5310000000000059 0.6359999999999992 0.35633655573803186 0.3287015177065767 23-000612
3 0.8376863406408221 0.7189999999999994 0.29687082995224345 0.2797301854974707 23-000747
1 0.17069893485462784 0.4649999999999998 0.3755376566801812 0.425902192242833 23-000393
3 0.3125682967959507 0.5026863406408089 0.06239208453316254 0.05620573355817882 23-003792
1 0.5310000000000059 0.6359999999999992 0.35633655573803186 0.3287015177065767 23-000612
3 0.8376863406408221 0.7189999999999994 0.29687082995224345 0.2797301854974707 23-000747
