4 0.1544704890387823 0.7152546374367618 0.06783485553644761 0.06728499156829676 17-000766
3 0.7554704890387813 0.8885295109612135 0.09241291509267015 0.08128161888701516 17-000480
4 0.1544704890387823 0.7152546374367618 0.06783485553644761 0.06728499156829676 17-000766
3 0.7554704890387813 0.8885295109612135 0.09241291509267015 0.08128161888701516 17-000480
4 0.1544704890387823 0.7152546374367618 0.06783485553644761 0.06728499156829676 17-000766
3 0.7554704890387813 0.8885295109612135 0.09241291509267015 0.08128161888701516 17-000480
4 0.1544704890387823 0.7152546374367618 0.06783485553644761 0.06728499156829676 17-000766
3 0.7554704890387813 0.8885295109612135 0.09241291509267015 0.08128161888701516 17-000480
4 0.1544704890387823 0.7152546374367618 0.06783485553644761 0.06728499156829676 17-000766
3 0.7554704890387813 0.8885295109612135 0.09241291509267015 0.08128161888701516 17-000480
