3 0.7002544636497543 0.24446543001686305 0.6594401799705406 0.5378239460370988 23-000141
4 0.902313659359187 0.7349999999999994 0.06049566858990532 0.05824620573355831 23-003799
1 0.5989999999999895 0.9620919055649243 0.1574025232903493 0.08339780775716686 23-001630
3 0.7002544636497543 0.24446543001686305 0.6594401799705406 0.5378239460370988 23-000141
4 0.902313659359187 0.7349999999999994 0.06049566858990532 0.05824620573355831 23-003799
1 0.5989999999999895 0.9620919055649243 0.1574025232903493 0.08339780775716686 23-001630
3 0.7002544636497543 0.24446543001686305 0.6594401799705406 0.5378239460370988 23-000141
4 0.902313659359187 0.7349999999999994 0.06049566858990532 0.05824620573355831 23-003799
1 0.5989999999999895 0.9620919055649243 0.1574025232903493 0.08339780775716686 23-001630
3 0.7002544636497543 0.24446543001686305 0.6594401799705406 0.5378239460370988 23-000141
4 0.902313659359187 0.7349999999999994 0.06049566858990532 0.05824620573355831 23-003799
1 0.5989999999999895 0.9620919055649243 0.1574025232903493 0.08339780775716686 23-001630
3 0.7002544636497543 0.24446543001686305 0.6594401799705406 0.5378239460370988 23-000141
4 0.902313659359187 0.7349999999999994 0.06049566858990532 0.05824620573355831 23-003799
1 0.5989999999999895 0.9620919055649243 0.1574025232903493 0.08339780775716686 23-001630
3 0.7002544636497543 0.24446543001686305 0.6594401799705406 0.5378239460370988 23-000141
4 0.902313659359187 0.7349999999999994 0.06049566858990532 0.05824620573355831 23-003799
1 0.5989999999999895 0.9620919055649243 0.1574025232903493 0.08339780775716686 23-001630
