3 0.11962731871837157 0.31468634064081 0.1663156782236583 0.14747048903878582 23-001519
2 0.4253136593591831 0.32699999999999996 0.08154588556006058 0.07568296795952782 23-002988
3 0.9399999999999978 0.9808473861720064 0.07889090323950021 0.04213575042158589 23-003071
3 0.11962731871837157 0.31468634064081 0.1663156782236583 0.14747048903878582 23-001519
2 0.4253136593591831 0.32699999999999996 0.08154588556006058 0.07568296795952782 23-002988
3 0.9399999999999978 0.9808473861720064 0.07889090323950021 0.04213575042158589 23-003071
3 0.11962731871837157 0.31468634064081 0.1663156782236583 0.14747048903878582 23-001519
2 0.4253136593591831 0.32699999999999996 0.08154588556006058 0.07568296795952782 23-002988
3 0.9399999999999978 0.9808473861720064 0.07889090323950021 0.04213575042158589 23-003071
3 0.11962731871837157 0.31468634064081 0.1663156782236583 0.14747048903878582 23-001519
2 0.4253136593591831 0.32699999999999996 0.08154588556006058 0.07568296795952782 23-002988
3 0.9399999999999978 0.9808473861720064 0.07889090323950021 0.04213575042158589 23-003071
3 0.11962731871837157 0.31468634064081 0.1663156782236583 0.14747048903878582 23-001519
2 0.4253136593591831 0.32699999999999996 0.08154588556006058 0.07568296795952782 23-002988
3 0.9399999999999978 0.9808473861720064 0.07889090323950021 0.04213575042158589 23-003071
3 0.11962731871837157 0.31468634064081 0.1663156782236583 0.14747048903878582 23-001519
2 0.4253136593591831 0.32699999999999996 0.08154588556006058 0.07568296795952782 23-002988
3 0.9399999999999978 0.9808473861720064 0.07889090323950021 0.04213575042158589 23-003071
