3 0.1279999999999859 0.04400000000000048 0.05840961105232239 0.054721753794266456 23-003977
2 0.16900000000001114 0.44800000000000034 0.0635299340991169 0.05898819561551436 23-003670
1 0.20400000000000773 0.4499999999999993 0.07547735454163736 0.06807757166947724 23-003169
3 0.23599999999999 0.5600000000000005 0.16991886851584706 0.14895446880269803 23-001494
3 0.1279999999999859 0.04400000000000048 0.05840961105232239 0.054721753794266456 23-003977
2 0.16900000000001114 0.44800000000000034 0.0635299340991169 0.05898819561551436 23-003670
1 0.20400000000000773 0.4499999999999993 0.07547735454163736 0.06807757166947724 23-003169
3 0.23599999999999 0.5600000000000005 0.16991886851584706 0.14895446880269803 23-001494
3 0.1279999999999859 0.04400000000000048 0.05840961105232239 0.054721753794266456 23-003977
2 0.16900000000001114 0.44800000000000034 0.0635299340991169 0.05898819561551436 23-003670
1 0.20400000000000773 0.4499999999999993 0.07547735454163736 0.06807757166947724 23-003169
3 0.23599999999999 0.5600000000000005 0.16991886851584706 0.14895446880269803 23-001494
3 0.1279999999999859 0.04400000000000048 0.05840961105232239 0.054721753794266456 23-003977
2 0.16900000000001114 0.44800000000000034 0.0635299340991169 0.05898819561551436 23-003670
1 0.20400000000000773 0.4499999999999993 0.07547735454163736 0.06807757166947724 23-003169
3 0.23599999999999 0.5600000000000005 0.16991886851584706 0.14895446880269803 23-001494
