4 0.0943136593591942 0.359 0.15668011952535538 0.14487352445193924 23-001590
1 0.621313659359181 0.5103726812816185 0.10032858200469293 0.09404721753794264 23-002455
4 0.8743136593591952 0.5359999999999996 0.06777414647755349 0.06344013490725127 23-003472
1 0.2873136593591778 0.6056863406408086 0.19113832321197669 0.17381112984822944 23-001290
1 0.367999999999995 0.7445092748735236 0.1955169899787849 0.1769645868465429 23-001262
4 0.0943136593591942 0.359 0.15668011952535538 0.14487352445193924 23-001590
1 0.621313659359181 0.5103726812816185 0.10032858200469293 0.09404721753794264 23-002455
4 0.8743136593591952 0.5359999999999996 0.06777414647755349 0.06344013490725127 23-003472
1 0.2873136593591778 0.6056863406408086 0.19113832321197669 0.17381112984822944 23-001290
1 0.367999999999995 0.7445092748735236 0.1955169899787849 0.1769645868465429 23-001262
4 0.0943136593591942 0.359 0.15668011952535538 0.14487352445193924 23-001590
1 0.621313659359181 0.5103726812816185 0.10032858200469293 0.09404721753794264 23-002455
4 0.8743136593591952 0.5359999999999996 0.06777414647755349 0.06344013490725127 23-003472
1 0.2873136593591778 0.6056863406408086 0.19113832321197669 0.17381112984822944 23-001290
1 0.367999999999995 0.7445092748735236 0.1955169899787849 0.1769645868465429 23-001262
4 0.0943136593591942 0.359 0.15668011952535538 0.14487352445193924 23-001590
1 0.621313659359181 0.5103726812816185 0.10032858200469293 0.09404721753794264 23-002455
4 0.8743136593591952 0.5359999999999996 0.06777414647755349 0.06344013490725127 23-003472
1 0.2873136593591778 0.6056863406408086 0.19113832321197669 0.17381112984822944 23-001290
1 0.367999999999995 0.7445092748735236 0.1955169899787849 0.1769645868465429 23-001262
4 0.0943136593591942 0.359 0.15668011952535538 0.14487352445193924 23-001590
1 0.621313659359181 0.5103726812816185 0.10032858200469293 0.09404721753794264 23-002455
4 0.8743136593591952 0.5359999999999996 0.06777414647755349 0.06344013490725127 23-003472
1 0.2873136593591778 0.6056863406408086 0.19113832321197669 0.17381112984822944 23-001290
1 0.367999999999995 0.7445092748735236 0.1955169899787849 0.1769645868465429 23-001262
4 0.0943136593591942 0.359 0.15668011952535538 0.14487352445193924 23-001590
1 0.621313659359181 0.5103726812816185 0.10032858200469293 0.09404721753794264 23-002455
4 0.8743136593591952 0.5359999999999996 0.06777414647755349 0.06344013490725127 23-003472
1 0.2873136593591778 0.6056863406408086 0.19113832321197669 0.17381112984822944 23-001290
1 0.367999999999995 0.7445092748735236 0.1955169899787849 0.1769645868465429 23-001262
4 0.0943136593591942 0.359 0.15668011952535538 0.14487352445193924 23-001590
1 0.621313659359181 0.5103726812816185 0.10032858200469293 0.09404721753794264 23-002455
4 0.8743136593591952 0.5359999999999996 0.06777414647755349 0.06344013490725127 23-003472
1 0.2873136593591778 0.6056863406408086 0.19113832321197669 0.17381112984822944 23-001290
1 0.367999999999995 0.7445092748735236 0.1955169899787849 0.1769645868465429 23-001262
4 0.0943136593591942 0.359 0.15668011952535538 0.14487352445193924 23-001590
1 0.621313659359181 0.5103726812816185 0.10032858200469293 0.09404721753794264 23-002455
4 0.8743136593591952 0.5359999999999996 0.06777414647755349 0.06344013490725127 23-003472
1 0.2873136593591778 0.6056863406408086 0.19113832321197669 0.17381112984822944 23-001290
1 0.367999999999995 0.7445092748735236 0.1955169899787849 0.1769645868465429 23-001262
