1 0.2849999999999966 0.6829999999999998 0.2591028465054783 0.23112984822934224 23-000924
3 0.17300000000000182 0.968 0.07443733503573993 0.06789207419898818 23-003247
1 0.2849999999999966 0.6829999999999998 0.2591028465054783 0.23112984822934224 23-000924
3 0.17300000000000182 0.968 0.07443733503573993 0.06789207419898818 23-003247
1 0.2849999999999966 0.6829999999999998 0.2591028465054783 0.23112984822934224 23-000924
3 0.17300000000000182 0.968 0.07443733503573993 0.06789207419898818 23-003247
1 0.2849999999999966 0.6829999999999998 0.2591028465054783 0.23112984822934224 23-000924
3 0.17300000000000182 0.968 0.07443733503573993 0.06789207419898818 23-003247
1 0.2849999999999966 0.6829999999999998 0.2591028465054783 0.23112984822934224 23-000924
3 0.17300000000000182 0.968 0.07443733503573993 0.06789207419898818 23-003247
