3 0.34899999999998954 0.3390000000000004 0.19799188858611133 0.18048903878583478 23-001247
2 0.1599999999999966 0.9639924114671165 0.08433692946504551 0.07921669477234403 23-002840
3 0.34899999999998954 0.3390000000000004 0.19799188858611133 0.18048903878583478 23-001247
2 0.1599999999999966 0.9639924114671165 0.08433692946504551 0.07921669477234403 23-002840
3 0.34899999999998954 0.3390000000000004 0.19799188858611133 0.18048903878583478 23-001247
2 0.1599999999999966 0.9639924114671165 0.08433692946504551 0.07921669477234403 23-002840
3 0.34899999999998954 0.3390000000000004 0.19799188858611133 0.18048903878583478 23-001247
2 0.1599999999999966 0.9639924114671165 0.08433692946504551 0.07921669477234403 23-002840
3 0.34899999999998954 0.3390000000000004 0.19799188858611133 0.18048903878583478 23-001247
2 0.1599999999999966 0.9639924114671165 0.08433692946504551 0.07921669477234403 23-002840
