3 0.5409999999999968 0.29800000000000004 0.12717171305338695 0.11370994940978078 23-002018
3 0.756627318718372 0.49831365935919053 0.06434736379048632 0.060101180438448545 23-003630
1 0.3300000000000125 0.8100000000000005 0.15591861226156264 0.14561551433389539 23-001587
1 0.1150000000000091 0.8729999999999993 0.07881600180254815 0.07215851602023603 23-003096
3 0.5409999999999968 0.29800000000000004 0.12717171305338695 0.11370994940978078 23-002018
3 0.756627318718372 0.49831365935919053 0.06434736379048632 0.060101180438448545 23-003630
1 0.3300000000000125 0.8100000000000005 0.15591861226156264 0.14561551433389539 23-001587
1 0.1150000000000091 0.8729999999999993 0.07881600180254815 0.07215851602023603 23-003096
3 0.5409999999999968 0.29800000000000004 0.12717171305338695 0.11370994940978078 23-002018
3 0.756627318718372 0.49831365935919053 0.06434736379048632 0.060101180438448545 23-003630
1 0.3300000000000125 0.8100000000000005 0.15591861226156264 0.14561551433389539 23-001587
1 0.1150000000000091 0.8729999999999993 0.07881600180254815 0.07215851602023603 23-003096
3 0.5409999999999968 0.29800000000000004 0.12717171305338695 0.11370994940978078 23-002018
3 0.756627318718372 0.49831365935919053 0.06434736379048632 0.060101180438448545 23-003630
1 0.3300000000000125 0.8100000000000005 0.15591861226156264 0.14561551433389539 23-001587
1 0.1150000000000091 0.8729999999999993 0.07881600180254815 0.07215851602023603 23-003096
