4 0.76400000000001 0.19831365935918988 0.07272394369220635 0.0678920741989882 23-003284
1 0.09899999999998954 0.49900000000000055 0.1406884669857079 0.1305902192242834 23-001790
1 0.3710000000000093 0.6639999999999997 0.17609855475207017 0.16657672849915678 23-001385
1 0.8544114671163522 0.7129999999999992 0.09790676290593621 0.08403035413153465 23-002439
1 0.6014704890387993 0.9765944350758853 0.07566074803960177 0.05149224283305207 23-003032
4 0.76400000000001 0.19831365935918988 0.07272394369220635 0.0678920741989882 23-003284
1 0.09899999999998954 0.49900000000000055 0.1406884669857079 0.1305902192242834 23-001790
1 0.3710000000000093 0.6639999999999997 0.17609855475207017 0.16657672849915678 23-001385
1 0.8544114671163522 0.7129999999999992 0.09790676290593621 0.08403035413153465 23-002439
1 0.6014704890387993 0.9765944350758853 0.07566074803960177 0.05149224283305207 23-003032
4 0.76400000000001 0.19831365935918988 0.07272394369220635 0.0678920741989882 23-003284
1 0.09899999999998954 0.49900000000000055 0.1406884669857079 0.1305902192242834 23-001790
1 0.3710000000000093 0.6639999999999997 0.17609855475207017 0.16657672849915678 23-001385
1 0.8544114671163522 0.7129999999999992 0.09790676290593621 0.08403035413153465 23-002439
1 0.6014704890387993 0.9765944350758853 0.07566074803960177 0.05149224283305207 23-003032
4 0.76400000000001 0.19831365935918988 0.07272394369220635 0.0678920741989882 23-003284
1 0.09899999999998954 0.49900000000000055 0.1406884669857079 0.1305902192242834 23-001790
1 0.3710000000000093 0.6639999999999997 0.17609855475207017 0.16657672849915678 23-001385
1 0.8544114671163522 0.7129999999999992 0.09790676290593621 0.08403035413153465 23-002439
1 0.6014704890387993 0.9765944350758853 0.07566074803960177 0.05149224283305207 23-003032
4 0.76400000000001 0.19831365935918988 0.07272394369220635 0.0678920741989882 23-003284
1 0.09899999999998954 0.49900000000000055 0.1406884669857079 0.1305902192242834 23-001790
1 0.3710000000000093 0.6639999999999997 0.17609855475207017 0.16657672849915678 23-001385
1 0.8544114671163522 0.7129999999999992 0.09790676290593621 0.08403035413153465 23-002439
1 0.6014704890387993 0.9765944350758853 0.07566074803960177 0.05149224283305207 23-003032
4 0.76400000000001 0.19831365935918988 0.07272394369220635 0.0678920741989882 23-003284
1 0.09899999999998954 0.49900000000000055 0.1406884669857079 0.1305902192242834 23-001790
1 0.3710000000000093 0.6639999999999997 0.17609855475207017 0.16657672849915678 23-001385
1 0.8544114671163522 0.7129999999999992 0.09790676290593621 0.08403035413153465 23-002439
1 0.6014704890387993 0.9765944350758853 0.07566074803960177 0.05149224283305207 23-003032
4 0.76400000000001 0.19831365935918988 0.07272394369220635 0.0678920741989882 23-003284
1 0.09899999999998954 0.49900000000000055 0.1406884669857079 0.1305902192242834 23-001790
1 0.3710000000000093 0.6639999999999997 0.17609855475207017 0.16657672849915678 23-001385
1 0.8544114671163522 0.7129999999999992 0.09790676290593621 0.08403035413153465 23-002439
1 0.6014704890387993 0.9765944350758853 0.07566074803960177 0.05149224283305207 23-003032
4 0.76400000000001 0.19831365935918988 0.07272394369220635 0.0678920741989882 23-003284
1 0.09899999999998954 0.49900000000000055 0.1406884669857079 0.1305902192242834 23-001790
1 0.3710000000000093 0.6639999999999997 0.17609855475207017 0.16657672849915678 23-001385
1 0.8544114671163522 0.7129999999999992 0.09790676290593621 0.08403035413153465 23-002439
1 0.6014704890387993 0.9765944350758853 0.07566074803960177 0.05149224283305207 23-003032
