1 0.48599999999999 0.10189713322091047 0.24044591854255634 0.22417369308600305 23-000984
3 0.3335682967959657 0.3692546374367617 0.16829310529819463 0.15136593591905564 23-001491
3 0.16894097807757827 0.49562731871838167 0.07424695821979174 0.06622259696458682 23-003288
1 0.9267287994697582 0.7840000000000007 0.16119664116653212 0.2671163575042158 23-000779
1 0.48599999999999 0.10189713322091047 0.24044591854255634 0.22417369308600305 23-000984
3 0.3335682967959657 0.3692546374367617 0.16829310529819463 0.15136593591905564 23-001491
3 0.16894097807757827 0.49562731871838167 0.07424695821979174 0.06622259696458682 23-003288
1 0.9267287994697582 0.7840000000000007 0.16119664116653212 0.2671163575042158 23-000779
1 0.48599999999999 0.10189713322091047 0.24044591854255634 0.22417369308600305 23-000984
3 0.3335682967959657 0.3692546374367617 0.16829310529819463 0.15136593591905564 23-001491
3 0.16894097807757827 0.49562731871838167 0.07424695821979174 0.06622259696458682 23-003288
1 0.9267287994697582 0.7840000000000007 0.16119664116653212 0.2671163575042158 23-000779
1 0.48599999999999 0.10189713322091047 0.24044591854255634 0.22417369308600305 23-000984
3 0.3335682967959657 0.3692546374367617 0.16829310529819463 0.15136593591905564 23-001491
3 0.16894097807757827 0.49562731871838167 0.07424695821979174 0.06622259696458682 23-003288
1 0.9267287994697582 0.7840000000000007 0.16119664116653212 0.2671163575042158 23-000779
1 0.48599999999999 0.10189713322091047 0.24044591854255634 0.22417369308600305 23-000984
3 0.3335682967959657 0.3692546374367617 0.16829310529819463 0.15136593591905564 23-001491
3 0.16894097807757827 0.49562731871838167 0.07424695821979174 0.06622259696458682 23-003288
1 0.9267287994697582 0.7840000000000007 0.16119664116653212 0.2671163575042158 23-000779
1 0.48599999999999 0.10189713322091047 0.24044591854255634 0.22417369308600305 23-000984
3 0.3335682967959657 0.3692546374367617 0.16829310529819463 0.15136593591905564 23-001491
3 0.16894097807757827 0.49562731871838167 0.07424695821979174 0.06622259696458682 23-003288
1 0.9267287994697582 0.7840000000000007 0.16119664116653212 0.2671163575042158 23-000779
1 0.48599999999999 0.10189713322091047 0.24044591854255634 0.22417369308600305 23-000984
3 0.3335682967959657 0.3692546374367617 0.16829310529819463 0.15136593591905564 23-001491
3 0.16894097807757827 0.49562731871838167 0.07424695821979174 0.06622259696458682 23-003288
1 0.9267287994697582 0.7840000000000007 0.16119664116653212 0.2671163575042158 23-000779
