1 0.2989409780775737 0.11637268128161843 0.2147450483895515 0.20089376053962898 23-001135
3 0.18062731871837862 0.6756863406408089 0.07957750906634088 0.07419898819561552 23-003053
1 0.2983136593592019 0.7093726812816185 0.11137043732968767 0.10146711635750434 23-002253
1 0.2989409780775737 0.11637268128161843 0.2147450483895515 0.20089376053962898 23-001135
3 0.18062731871837862 0.6756863406408089 0.07957750906634088 0.07419898819561552 23-003053
1 0.2983136593592019 0.7093726812816185 0.11137043732968767 0.10146711635750434 23-002253
1 0.2989409780775737 0.11637268128161843 0.2147450483895515 0.20089376053962898 23-001135
3 0.18062731871837862 0.6756863406408089 0.07957750906634088 0.07419898819561552 23-003053
1 0.2983136593592019 0.7093726812816185 0.11137043732968767 0.10146711635750434 23-002253
1 0.2989409780775737 0.11637268128161843 0.2147450483895515 0.20089376053962898 23-001135
3 0.18062731871837862 0.6756863406408089 0.07957750906634088 0.07419898819561552 23-003053
1 0.2983136593592019 0.7093726812816185 0.11137043732968767 0.10146711635750434 23-002253
1 0.2989409780775737 0.11637268128161843 0.2147450483895515 0.20089376053962898 23-001135
3 0.18062731871837862 0.6756863406408089 0.07957750906634088 0.07419898819561552 23-003053
1 0.2983136593592019 0.7093726812816185 0.11137043732968767 0.10146711635750434 23-002253
1 0.2989409780775737 0.11637268128161843 0.2147450483895515 0.20089376053962898 23-001135
3 0.18062731871837862 0.6756863406408089 0.07957750906634088 0.07419898819561552 23-003053
1 0.2983136593592019 0.7093726812816185 0.11137043732968767 0.10146711635750434 23-002253
