3 0.2576273187183768 0.22037268128161944 0.12793322031717963 0.11890387858347387 23-001972
1 0.5910000000000082 0.3930000000000006 0.1305984957404542 0.1118549747048904 23-002005
3 0.4603136593591796 0.6039999999999992 0.08985785712754274 0.08198988195615516 23-002737
1 0.48099999999999454 0.9024721753794267 0.21322203386196595 0.19106239460370997 23-001172
3 0.2576273187183768 0.22037268128161944 0.12793322031717963 0.11890387858347387 23-001972
1 0.5910000000000082 0.3930000000000006 0.1305984957404542 0.1118549747048904 23-002005
3 0.4603136593591796 0.6039999999999992 0.08985785712754274 0.08198988195615516 23-002737
1 0.48099999999999454 0.9024721753794267 0.21322203386196595 0.19106239460370997 23-001172
3 0.2576273187183768 0.22037268128161944 0.12793322031717963 0.11890387858347387 23-001972
1 0.5910000000000082 0.3930000000000006 0.1305984957404542 0.1118549747048904 23-002005
3 0.4603136593591796 0.6039999999999992 0.08985785712754274 0.08198988195615516 23-002737
1 0.48099999999999454 0.9024721753794267 0.21322203386196595 0.19106239460370997 23-001172
3 0.2576273187183768 0.22037268128161944 0.12793322031717963 0.11890387858347387 23-001972
1 0.5910000000000082 0.3930000000000006 0.1305984957404542 0.1118549747048904 23-002005
3 0.4603136593591796 0.6039999999999992 0.08985785712754274 0.08198988195615516 23-002737
1 0.48099999999999454 0.9024721753794267 0.21322203386196595 0.19106239460370997 23-001172
