1 0.4869999999999947 0.04100000000000037 0.08205240767366737 0.07475548060708263 23-003007
3 0.19900000000001228 0.10100000000000087 0.07215281324436171 0.06696458684654301 23-003318
1 0.17194097807756417 0.22905902192242852 0.09061936439133553 0.07753794266441824 23-002798
1 0.9513280362692105 0.46400000000000047 0.10707832020773654 0.11408094435075886 23-002066
2 0.382000000000005 0.9220000000000006 0.18028684470293022 0.15674536256323784 23-001404
3 0.6020000000000039 0.962511804384486 0.11270307504132474 0.0824740303541306 23-002201
1 0.4869999999999947 0.04100000000000037 0.08205240767366737 0.07475548060708263 23-003007
3 0.19900000000001228 0.10100000000000087 0.07215281324436171 0.06696458684654301 23-003318
1 0.17194097807756417 0.22905902192242852 0.09061936439133553 0.07753794266441824 23-002798
1 0.9513280362692105 0.46400000000000047 0.10707832020773654 0.11408094435075886 23-002066
2 0.382000000000005 0.9220000000000006 0.18028684470293022 0.15674536256323784 23-001404
3 0.6020000000000039 0.962511804384486 0.11270307504132474 0.0824740303541306 23-002201
1 0.4869999999999947 0.04100000000000037 0.08205240767366737 0.07475548060708263 23-003007
3 0.19900000000001228 0.10100000000000087 0.07215281324436171 0.06696458684654301 23-003318
1 0.17194097807756417 0.22905902192242852 0.09061936439133553 0.07753794266441824 23-002798
1 0.9513280362692105 0.46400000000000047 0.10707832020773654 0.11408094435075886 23-002066
2 0.382000000000005 0.9220000000000006 0.18028684470293022 0.15674536256323784 23-001404
3 0.6020000000000039 0.962511804384486 0.11270307504132474 0.0824740303541306 23-002201
1 0.4869999999999947 0.04100000000000037 0.08205240767366737 0.07475548060708263 23-003007
3 0.19900000000001228 0.10100000000000087 0.07215281324436171 0.06696458684654301 23-003318
1 0.17194097807756417 0.22905902192242852 0.09061936439133553 0.07753794266441824 23-002798
1 0.9513280362692105 0.46400000000000047 0.10707832020773654 0.11408094435075886 23-002066
2 0.382000000000005 0.9220000000000006 0.18028684470293022 0.15674536256323784 23-001404
3 0.6020000000000039 0.962511804384486 0.11270307504132474 0.0824740303541306 23-002201
1 0.4869999999999947 0.04100000000000037 0.08205240767366737 0.07475548060708263 23-003007
3 0.19900000000001228 0.10100000000000087 0.07215281324436171 0.06696458684654301 23-003318
1 0.17194097807756417 0.22905902192242852 0.09061936439133553 0.07753794266441824 23-002798
1 0.9513280362692105 0.46400000000000047 0.10707832020773654 0.11408094435075886 23-002066
2 0.382000000000005 0.9220000000000006 0.18028684470293022 0.15674536256323784 23-001404
3 0.6020000000000039 0.962511804384486 0.11270307504132474 0.0824740303541306 23-002201
1 0.4869999999999947 0.04100000000000037 0.08205240767366737 0.07475548060708263 23-003007
3 0.19900000000001228 0.10100000000000087 0.07215281324436171 0.06696458684654301 23-003318
1 0.17194097807756417 0.22905902192242852 0.09061936439133553 0.07753794266441824 23-002798
1 0.9513280362692105 0.46400000000000047 0.10707832020773654 0.11408094435075886 23-002066
2 0.382000000000005 0.9220000000000006 0.18028684470293022 0.15674536256323784 23-001404
3 0.6020000000000039 0.962511804384486 0.11270307504132474 0.0824740303541306 23-002201
1 0.4869999999999947 0.04100000000000037 0.08205240767366737 0.07475548060708263 23-003007
3 0.19900000000001228 0.10100000000000087 0.07215281324436171 0.06696458684654301 23-003318
1 0.17194097807756417 0.22905902192242852 0.09061936439133553 0.07753794266441824 23-002798
1 0.9513280362692105 0.46400000000000047 0.10707832020773654 0.11408094435075886 23-002066
2 0.382000000000005 0.9220000000000006 0.18028684470293022 0.15674536256323784 23-001404
3 0.6020000000000039 0.962511804384486 0.11270307504132474 0.0824740303541306 23-002201
1 0.4869999999999947 0.04100000000000037 0.08205240767366737 0.07475548060708263 23-003007
3 0.19900000000001228 0.10100000000000087 0.07215281324436171 0.06696458684654301 23-003318
1 0.17194097807756417 0.22905902192242852 0.09061936439133553 0.07753794266441824 23-002798
1 0.9513280362692105 0.46400000000000047 0.10707832020773654 0.11408094435075886 23-002066
2 0.382000000000005 0.9220000000000006 0.18028684470293022 0.15674536256323784 23-001404
3 0.6020000000000039 0.962511804384486 0.11270307504132474 0.0824740303541306 23-002201
1 0.4869999999999947 0.04100000000000037 0.08205240767366737 0.07475548060708263 23-003007
3 0.19900000000001228 0.10100000000000087 0.07215281324436171 0.06696458684654301 23-003318
1 0.17194097807756417 0.22905902192242852 0.09061936439133553 0.07753794266441824 23-002798
1 0.9513280362692105 0.46400000000000047 0.10707832020773654 0.11408094435075886 23-002066
2 0.382000000000005 0.9220000000000006 0.18028684470293022 0.15674536256323784 23-001404
3 0.6020000000000039 0.962511804384486 0.11270307504132474 0.0824740303541306 23-002201
