3 0.7549409780775626 0.07947048903878656 0.07005866826893163 0.05974704890387858 23-003545
3 0.8079999999999927 0.35599999999999987 0.11137043732968767 0.10128161888701519 23-002239
3 0.5360000000000014 0.7040000000000006 0.08091014677797814 0.07568296795952782 23-002998
3 0.7549409780775626 0.07947048903878656 0.07005866826893163 0.05974704890387858 23-003545
3 0.8079999999999927 0.35599999999999987 0.11137043732968767 0.10128161888701519 23-002239
3 0.5360000000000014 0.7040000000000006 0.08091014677797814 0.07568296795952782 23-002998
3 0.7549409780775626 0.07947048903878656 0.07005866826893163 0.05974704890387858 23-003545
3 0.8079999999999927 0.35599999999999987 0.11137043732968767 0.10128161888701519 23-002239
3 0.5360000000000014 0.7040000000000006 0.08091014677797814 0.07568296795952782 23-002998
3 0.7549409780775626 0.07947048903878656 0.07005866826893163 0.05974704890387858 23-003545
3 0.8079999999999927 0.35599999999999987 0.11137043732968767 0.10128161888701519 23-002239
3 0.5360000000000014 0.7040000000000006 0.08091014677797814 0.07568296795952782 23-002998
3 0.7549409780775626 0.07947048903878656 0.07005866826893163 0.05974704890387858 23-003545
3 0.8079999999999927 0.35599999999999987 0.11137043732968767 0.10128161888701519 23-002239
3 0.5360000000000014 0.7040000000000006 0.08091014677797814 0.07568296795952782 23-002998
3 0.7549409780775626 0.07947048903878656 0.07005866826893163 0.05974704890387858 23-003545
3 0.8079999999999927 0.35599999999999987 0.11137043732968767 0.10128161888701519 23-002239
3 0.5360000000000014 0.7040000000000006 0.08091014677797814 0.07568296795952782 23-002998
