3 0.5389999999999873 0.1460000000000008 0.09499803115814369 0.08458684654300168 23-002625
1 0.20199999999999818 0.3000000000000007 0.20160904808912683 0.18234401349072515 23-001225
1 0.9293149656854784 0.40700000000000003 0.15550707549194714 0.2500505902192243 23-000883
1 0.21831365935918942 0.7813726812816193 0.11365495912106581 0.10851602023608754 23-002161
1 0.24100000000001387 0.9076863406408101 0.14525751056846437 0.12187183811129845 23-001823
3 0.5389999999999873 0.1460000000000008 0.09499803115814369 0.08458684654300168 23-002625
1 0.20199999999999818 0.3000000000000007 0.20160904808912683 0.18234401349072515 23-001225
1 0.9293149656854784 0.40700000000000003 0.15550707549194714 0.2500505902192243 23-000883
1 0.21831365935918942 0.7813726812816193 0.11365495912106581 0.10851602023608754 23-002161
1 0.24100000000001387 0.9076863406408101 0.14525751056846437 0.12187183811129845 23-001823
3 0.5389999999999873 0.1460000000000008 0.09499803115814369 0.08458684654300168 23-002625
1 0.20199999999999818 0.3000000000000007 0.20160904808912683 0.18234401349072515 23-001225
1 0.9293149656854784 0.40700000000000003 0.15550707549194714 0.2500505902192243 23-000883
1 0.21831365935918942 0.7813726812816193 0.11365495912106581 0.10851602023608754 23-002161
1 0.24100000000001387 0.9076863406408101 0.14525751056846437 0.12187183811129845 23-001823
3 0.5389999999999873 0.1460000000000008 0.09499803115814369 0.08458684654300168 23-002625
1 0.20199999999999818 0.3000000000000007 0.20160904808912683 0.18234401349072515 23-001225
1 0.9293149656854784 0.40700000000000003 0.15550707549194714 0.2500505902192243 23-000883
1 0.21831365935918942 0.7813726812816193 0.11365495912106581 0.10851602023608754 23-002161
1 0.24100000000001387 0.9076863406408101 0.14525751056846437 0.12187183811129845 23-001823
3 0.5389999999999873 0.1460000000000008 0.09499803115814369 0.08458684654300168 23-002625
1 0.20199999999999818 0.3000000000000007 0.20160904808912683 0.18234401349072515 23-001225
1 0.9293149656854784 0.40700000000000003 0.15550707549194714 0.2500505902192243 23-000883
1 0.21831365935918942 0.7813726812816193 0.11365495912106581 0.10851602023608754 23-002161
1 0.24100000000001387 0.9076863406408101 0.14525751056846437 0.12187183811129845 23-001823
