1 0.15191033112829905 0.1388625632377743 0.3342027284822579 0.30549763912310346 23-000662
1 0.5355682967959638 0.3439999999999994 0.13859432201027796 0.12762225969645868 23-001820
1 0.2196273187183943 0.5830590219224276 0.09766330658141834 0.08495784148397975 23-002594
1 0.1579409780775826 0.8176863406408101 0.0652992478702271 0.05880269814502549 23-003646
3 0.7078819561551326 0.894372681281619 0.10470724877150117 0.09887015177065776 23-002340
1 0.15191033112829905 0.1388625632377743 0.3342027284822579 0.30549763912310346 23-000662
1 0.5355682967959638 0.3439999999999994 0.13859432201027796 0.12762225969645868 23-001820
1 0.2196273187183943 0.5830590219224276 0.09766330658141834 0.08495784148397975 23-002594
1 0.1579409780775826 0.8176863406408101 0.0652992478702271 0.05880269814502549 23-003646
3 0.7078819561551326 0.894372681281619 0.10470724877150117 0.09887015177065776 23-002340
1 0.15191033112829905 0.1388625632377743 0.3342027284822579 0.30549763912310346 23-000662
1 0.5355682967959638 0.3439999999999994 0.13859432201027796 0.12762225969645868 23-001820
1 0.2196273187183943 0.5830590219224276 0.09766330658141834 0.08495784148397975 23-002594
1 0.1579409780775826 0.8176863406408101 0.0652992478702271 0.05880269814502549 23-003646
3 0.7078819561551326 0.894372681281619 0.10470724877150117 0.09887015177065776 23-002340
1 0.15191033112829905 0.1388625632377743 0.3342027284822579 0.30549763912310346 23-000662
1 0.5355682967959638 0.3439999999999994 0.13859432201027796 0.12762225969645868 23-001820
1 0.2196273187183943 0.5830590219224276 0.09766330658141834 0.08495784148397975 23-002594
1 0.1579409780775826 0.8176863406408101 0.0652992478702271 0.05880269814502549 23-003646
3 0.7078819561551326 0.894372681281619 0.10470724877150117 0.09887015177065776 23-002340
1 0.15191033112829905 0.1388625632377743 0.3342027284822579 0.30549763912310346 23-000662
1 0.5355682967959638 0.3439999999999994 0.13859432201027796 0.12762225969645868 23-001820
1 0.2196273187183943 0.5830590219224276 0.09766330658141834 0.08495784148397975 23-002594
1 0.1579409780775826 0.8176863406408101 0.0652992478702271 0.05880269814502549 23-003646
3 0.7078819561551326 0.894372681281619 0.10470724877150117 0.09887015177065776 23-002340
1 0.15191033112829905 0.1388625632377743 0.3342027284822579 0.30549763912310346 23-000662
1 0.5355682967959638 0.3439999999999994 0.13859432201027796 0.12762225969645868 23-001820
1 0.2196273187183943 0.5830590219224276 0.09766330658141834 0.08495784148397975 23-002594
1 0.1579409780775826 0.8176863406408101 0.0652992478702271 0.05880269814502549 23-003646
3 0.7078819561551326 0.894372681281619 0.10470724877150117 0.09887015177065776 23-002340
1 0.15191033112829905 0.1388625632377743 0.3342027284822579 0.30549763912310346 23-000662
1 0.5355682967959638 0.3439999999999994 0.13859432201027796 0.12762225969645868 23-001820
1 0.2196273187183943 0.5830590219224276 0.09766330658141834 0.08495784148397975 23-002594
1 0.1579409780775826 0.8176863406408101 0.0652992478702271 0.05880269814502549 23-003646
3 0.7078819561551326 0.894372681281619 0.10470724877150117 0.09887015177065776 23-002340
1 0.15191033112829905 0.1388625632377743 0.3342027284822579 0.30549763912310346 23-000662
1 0.5355682967959638 0.3439999999999994 0.13859432201027796 0.12762225969645868 23-001820
1 0.2196273187183943 0.5830590219224276 0.09766330658141834 0.08495784148397975 23-002594
1 0.1579409780775826 0.8176863406408101 0.0652992478702271 0.05880269814502549 23-003646
3 0.7078819561551326 0.894372681281619 0.10470724877150117 0.09887015177065776 23-002340
