1 0.5256273187183774 0.08231365935919019 0.09366539344650662 0.08569983136593592 23-002614
4 0.4479409780775746 0.1536863406408087 0.08643107444047542 0.07735244519392918 23-002868
3 0.1709409780775594 0.34062731871838053 0.08776371215211277 0.07939291736930867 23-002809
4 0.9702073777679389 0.46199999999999974 0.0655437689105342 0.05991568296795948 23-003513
3 0.25 0.8266273187183812 0.09937669792495203 0.09070826306914 23-002507
1 0.5256273187183774 0.08231365935919019 0.09366539344650662 0.08569983136593592 23-002614
4 0.4479409780775746 0.1536863406408087 0.08643107444047542 0.07735244519392918 23-002868
3 0.1709409780775594 0.34062731871838053 0.08776371215211277 0.07939291736930867 23-002809
4 0.9702073777679389 0.46199999999999974 0.0655437689105342 0.05991568296795948 23-003513
3 0.25 0.8266273187183812 0.09937669792495203 0.09070826306914 23-002507
1 0.5256273187183774 0.08231365935919019 0.09366539344650662 0.08569983136593592 23-002614
4 0.4479409780775746 0.1536863406408087 0.08643107444047542 0.07735244519392918 23-002868
3 0.1709409780775594 0.34062731871838053 0.08776371215211277 0.07939291736930867 23-002809
4 0.9702073777679389 0.46199999999999974 0.0655437689105342 0.05991568296795948 23-003513
3 0.25 0.8266273187183812 0.09937669792495203 0.09070826306914 23-002507
1 0.5256273187183774 0.08231365935919019 0.09366539344650662 0.08569983136593592 23-002614
4 0.4479409780775746 0.1536863406408087 0.08643107444047542 0.07735244519392918 23-002868
3 0.1709409780775594 0.34062731871838053 0.08776371215211277 0.07939291736930867 23-002809
4 0.9702073777679389 0.46199999999999974 0.0655437689105342 0.05991568296795948 23-003513
3 0.25 0.8266273187183812 0.09937669792495203 0.09070826306914 23-002507
1 0.5256273187183774 0.08231365935919019 0.09366539344650662 0.08569983136593592 23-002614
4 0.4479409780775746 0.1536863406408087 0.08643107444047542 0.07735244519392918 23-002868
3 0.1709409780775594 0.34062731871838053 0.08776371215211277 0.07939291736930867 23-002809
4 0.9702073777679389 0.46199999999999974 0.0655437689105342 0.05991568296795948 23-003513
3 0.25 0.8266273187183812 0.09937669792495203 0.09070826306914 23-002507
