1 0.5759999999999934 0.02407504215851642 0.06739339284565711 0.05296509274873613 23-003584
3 0.9310000000000116 0.3313726812816183 0.10775327782667217 0.09682967959527827 23-002337
3 0.18199999999998795 0.33200000000000074 0.11917588678356318 0.10981450252951097 23-002105
3 0.11462731871837611 0.47637268128161964 0.08414655264909732 0.07957841483979773 23-002858
1 0.5759999999999934 0.02407504215851642 0.06739339284565711 0.05296509274873613 23-003584
3 0.9310000000000116 0.3313726812816183 0.10775327782667217 0.09682967959527827 23-002337
3 0.18199999999998795 0.33200000000000074 0.11917588678356318 0.10981450252951097 23-002105
3 0.11462731871837611 0.47637268128161964 0.08414655264909732 0.07957841483979773 23-002858
1 0.5759999999999934 0.02407504215851642 0.06739339284565711 0.05296509274873613 23-003584
3 0.9310000000000116 0.3313726812816183 0.10775327782667217 0.09682967959527827 23-002337
3 0.18199999999998795 0.33200000000000074 0.11917588678356318 0.10981450252951097 23-002105
3 0.11462731871837611 0.47637268128161964 0.08414655264909732 0.07957841483979773 23-002858
1 0.5759999999999934 0.02407504215851642 0.06739339284565711 0.05296509274873613 23-003584
3 0.9310000000000116 0.3313726812816183 0.10775327782667217 0.09682967959527827 23-002337
3 0.18199999999998795 0.33200000000000074 0.11917588678356318 0.10981450252951097 23-002105
3 0.11462731871837611 0.47637268128161964 0.08414655264909732 0.07957841483979773 23-002858
