4 0.45350710608263495 0.4568887015177066 0.07780872206744517 0.07104553119730189 23-003125
3 0.12558932816298793 0.569308600337268 0.17377918515800392 0.16323777403035425 23-001409
4 0.45350710608263495 0.4568887015177066 0.07780872206744517 0.07104553119730189 23-003125
3 0.12558932816298793 0.569308600337268 0.17377918515800392 0.16323777403035425 23-001409
4 0.45350710608263495 0.4568887015177066 0.07780872206744517 0.07104553119730189 23-003125
3 0.12558932816298793 0.569308600337268 0.17377918515800392 0.16323777403035425 23-001409
4 0.45350710608263495 0.4568887015177066 0.07780872206744517 0.07104553119730189 23-003125
3 0.12558932816298793 0.569308600337268 0.17377918515800392 0.16323777403035425 23-001409
4 0.45350710608263495 0.4568887015177066 0.07780872206744517 0.07104553119730189 23-003125
3 0.12558932816298793 0.569308600337268 0.17377918515800392 0.16323777403035425 23-001409
