3 0.09600000000000364 0.12100000000000043 0.09711752041833441 0.09015177065767287 23-002533
3 0.23799999999999955 0.2959999999999994 0.05888227615914766 0.05602023608768976 23-003933
3 0.7830289264886965 0.4410000000000007 0.47733636172486776 0.5373861720067453 23-000262
3 0.06800000000001205 0.5210000000000008 0.14663216173398133 0.13801011804384491 23-001710
3 0.09600000000000364 0.12100000000000043 0.09711752041833441 0.09015177065767287 23-002533
3 0.23799999999999955 0.2959999999999994 0.05888227615914766 0.05602023608768976 23-003933
3 0.7830289264886965 0.4410000000000007 0.47733636172486776 0.5373861720067453 23-000262
3 0.06800000000001205 0.5210000000000008 0.14663216173398133 0.13801011804384491 23-001710
3 0.09600000000000364 0.12100000000000043 0.09711752041833441 0.09015177065767287 23-002533
3 0.23799999999999955 0.2959999999999994 0.05888227615914766 0.05602023608768976 23-003933
3 0.7830289264886965 0.4410000000000007 0.47733636172486776 0.5373861720067453 23-000262
3 0.06800000000001205 0.5210000000000008 0.14663216173398133 0.13801011804384491 23-001710
3 0.09600000000000364 0.12100000000000043 0.09711752041833441 0.09015177065767287 23-002533
3 0.23799999999999955 0.2959999999999994 0.05888227615914766 0.05602023608768976 23-003933
3 0.7830289264886965 0.4410000000000007 0.47733636172486776 0.5373861720067453 23-000262
3 0.06800000000001205 0.5210000000000008 0.14663216173398133 0.13801011804384491 23-001710
3 0.09600000000000364 0.12100000000000043 0.09711752041833441 0.09015177065767287 23-002533
3 0.23799999999999955 0.2959999999999994 0.05888227615914766 0.05602023608768976 23-003933
3 0.7830289264886965 0.4410000000000007 0.47733636172486776 0.5373861720067453 23-000262
3 0.06800000000001205 0.5210000000000008 0.14663216173398133 0.13801011804384491 23-001710
3 0.09600000000000364 0.12100000000000043 0.09711752041833441 0.09015177065767287 23-002533
3 0.23799999999999955 0.2959999999999994 0.05888227615914766 0.05602023608768976 23-003933
3 0.7830289264886965 0.4410000000000007 0.47733636172486776 0.5373861720067453 23-000262
3 0.06800000000001205 0.5210000000000008 0.14663216173398133 0.13801011804384491 23-001710
3 0.09600000000000364 0.12100000000000043 0.09711752041833441 0.09015177065767287 23-002533
3 0.23799999999999955 0.2959999999999994 0.05888227615914766 0.05602023608768976 23-003933
3 0.7830289264886965 0.4410000000000007 0.47733636172486776 0.5373861720067453 23-000262
3 0.06800000000001205 0.5210000000000008 0.14663216173398133 0.13801011804384491 23-001710
