4 0.6399999999999864 0.2579999999999991 0.0636616816915461 0.05416526138279933 23-003873
3 0.5289999999999964 0.6039999999999992 0.05926462860173948 0.05416526138279933 23-003976
4 0.6399999999999864 0.2579999999999991 0.0636616816915461 0.05416526138279933 23-003873
3 0.5289999999999964 0.6039999999999992 0.05926462860173948 0.05416526138279933 23-003976
4 0.6399999999999864 0.2579999999999991 0.0636616816915461 0.05416526138279933 23-003873
3 0.5289999999999964 0.6039999999999992 0.05926462860173948 0.05416526138279933 23-003976
4 0.6399999999999864 0.2579999999999991 0.0636616816915461 0.05416526138279933 23-003873
3 0.5289999999999964 0.6039999999999992 0.05926462860173948 0.05416526138279933 23-003976
4 0.6399999999999864 0.2579999999999991 0.0636616816915461 0.05416526138279933 23-003873
3 0.5289999999999964 0.6039999999999992 0.05926462860173948 0.05416526138279933 23-003976
