3 0.22810384093614341 0.11264755480607082 0.08679400446835397 0.08161888701517707 23-002796
3 0.43028484877837736 0.14019392917369308 0.16135273077376813 0.1378246205733558 23-001616
1 0.9269999999999925 0.4090000000000007 0.09501458198407915 0.08236087689713317 23-002672
1 0.03715772250921869 0.41999999999999993 0.08174698952028112 0.09163575042158517 23-002415
1 0.48599999999999 0.49099999999999966 0.30072019609850403 0.26544688026981444 23-000787
1 0.2769999999999868 0.5850000000000009 0.2072350238847924 0.19922428330522762 23-001162
1 0.9333055258727511 0.609 0.14672784307994752 0.14320404721753788 23-001646
3 0.28600000000000136 0.7859999999999996 0.061941095699882584 0.05639123102866788 23-003820
1 0.7107164556800624 0.8716216694772346 0.3559701240530288 0.2567566610455307 23-000600
3 0.22810384093614341 0.11264755480607082 0.08679400446835397 0.08161888701517707 23-002796
3 0.43028484877837736 0.14019392917369308 0.16135273077376813 0.1378246205733558 23-001616
1 0.9269999999999925 0.4090000000000007 0.09501458198407915 0.08236087689713317 23-002672
1 0.03715772250921869 0.41999999999999993 0.08174698952028112 0.09163575042158517 23-002415
1 0.48599999999999 0.49099999999999966 0.30072019609850403 0.26544688026981444 23-000787
1 0.2769999999999868 0.5850000000000009 0.2072350238847924 0.19922428330522762 23-001162
1 0.9333055258727511 0.609 0.14672784307994752 0.14320404721753788 23-001646
3 0.28600000000000136 0.7859999999999996 0.061941095699882584 0.05639123102866788 23-003820
1 0.7107164556800624 0.8716216694772346 0.3559701240530288 0.2567566610455307 23-000600
3 0.22810384093614341 0.11264755480607082 0.08679400446835397 0.08161888701517707 23-002796
3 0.43028484877837736 0.14019392917369308 0.16135273077376813 0.1378246205733558 23-001616
1 0.9269999999999925 0.4090000000000007 0.09501458198407915 0.08236087689713317 23-002672
1 0.03715772250921869 0.41999999999999993 0.08174698952028112 0.09163575042158517 23-002415
1 0.48599999999999 0.49099999999999966 0.30072019609850403 0.26544688026981444 23-000787
1 0.2769999999999868 0.5850000000000009 0.2072350238847924 0.19922428330522762 23-001162
1 0.9333055258727511 0.609 0.14672784307994752 0.14320404721753788 23-001646
3 0.28600000000000136 0.7859999999999996 0.061941095699882584 0.05639123102866788 23-003820
1 0.7107164556800624 0.8716216694772346 0.3559701240530288 0.2567566610455307 23-000600
3 0.22810384093614341 0.11264755480607082 0.08679400446835397 0.08161888701517707 23-002796
3 0.43028484877837736 0.14019392917369308 0.16135273077376813 0.1378246205733558 23-001616
1 0.9269999999999925 0.4090000000000007 0.09501458198407915 0.08236087689713317 23-002672
1 0.03715772250921869 0.41999999999999993 0.08174698952028112 0.09163575042158517 23-002415
1 0.48599999999999 0.49099999999999966 0.30072019609850403 0.26544688026981444 23-000787
1 0.2769999999999868 0.5850000000000009 0.2072350238847924 0.19922428330522762 23-001162
1 0.9333055258727511 0.609 0.14672784307994752 0.14320404721753788 23-001646
3 0.28600000000000136 0.7859999999999996 0.061941095699882584 0.05639123102866788 23-003820
1 0.7107164556800624 0.8716216694772346 0.3559701240530288 0.2567566610455307 23-000600
3 0.22810384093614341 0.11264755480607082 0.08679400446835397 0.08161888701517707 23-002796
3 0.43028484877837736 0.14019392917369308 0.16135273077376813 0.1378246205733558 23-001616
1 0.9269999999999925 0.4090000000000007 0.09501458198407915 0.08236087689713317 23-002672
1 0.03715772250921869 0.41999999999999993 0.08174698952028112 0.09163575042158517 23-002415
1 0.48599999999999 0.49099999999999966 0.30072019609850403 0.26544688026981444 23-000787
1 0.2769999999999868 0.5850000000000009 0.2072350238847924 0.19922428330522762 23-001162
1 0.9333055258727511 0.609 0.14672784307994752 0.14320404721753788 23-001646
3 0.28600000000000136 0.7859999999999996 0.061941095699882584 0.05639123102866788 23-003820
1 0.7107164556800624 0.8716216694772346 0.3559701240530288 0.2567566610455307 23-000600
3 0.22810384093614341 0.11264755480607082 0.08679400446835397 0.08161888701517707 23-002796
3 0.43028484877837736 0.14019392917369308 0.16135273077376813 0.1378246205733558 23-001616
1 0.9269999999999925 0.4090000000000007 0.09501458198407915 0.08236087689713317 23-002672
1 0.03715772250921869 0.41999999999999993 0.08174698952028112 0.09163575042158517 23-002415
1 0.48599999999999 0.49099999999999966 0.30072019609850403 0.26544688026981444 23-000787
1 0.2769999999999868 0.5850000000000009 0.2072350238847924 0.19922428330522762 23-001162
1 0.9333055258727511 0.609 0.14672784307994752 0.14320404721753788 23-001646
3 0.28600000000000136 0.7859999999999996 0.061941095699882584 0.05639123102866788 23-003820
1 0.7107164556800624 0.8716216694772346 0.3559701240530288 0.2567566610455307 23-000600
3 0.22810384093614341 0.11264755480607082 0.08679400446835397 0.08161888701517707 23-002796
3 0.43028484877837736 0.14019392917369308 0.16135273077376813 0.1378246205733558 23-001616
1 0.9269999999999925 0.4090000000000007 0.09501458198407915 0.08236087689713317 23-002672
1 0.03715772250921869 0.41999999999999993 0.08174698952028112 0.09163575042158517 23-002415
1 0.48599999999999 0.49099999999999966 0.30072019609850403 0.26544688026981444 23-000787
1 0.2769999999999868 0.5850000000000009 0.2072350238847924 0.19922428330522762 23-001162
1 0.9333055258727511 0.609 0.14672784307994752 0.14320404721753788 23-001646
3 0.28600000000000136 0.7859999999999996 0.061941095699882584 0.05639123102866788 23-003820
1 0.7107164556800624 0.8716216694772346 0.3559701240530288 0.2567566610455307 23-000600
3 0.22810384093614341 0.11264755480607082 0.08679400446835397 0.08161888701517707 23-002796
3 0.43028484877837736 0.14019392917369308 0.16135273077376813 0.1378246205733558 23-001616
1 0.9269999999999925 0.4090000000000007 0.09501458198407915 0.08236087689713317 23-002672
1 0.03715772250921869 0.41999999999999993 0.08174698952028112 0.09163575042158517 23-002415
1 0.48599999999999 0.49099999999999966 0.30072019609850403 0.26544688026981444 23-000787
1 0.2769999999999868 0.5850000000000009 0.2072350238847924 0.19922428330522762 23-001162
1 0.9333055258727511 0.609 0.14672784307994752 0.14320404721753788 23-001646
3 0.28600000000000136 0.7859999999999996 0.061941095699882584 0.05639123102866788 23-003820
1 0.7107164556800624 0.8716216694772346 0.3559701240530288 0.2567566610455307 23-000600
3 0.22810384093614341 0.11264755480607082 0.08679400446835397 0.08161888701517707 23-002796
3 0.43028484877837736 0.14019392917369308 0.16135273077376813 0.1378246205733558 23-001616
1 0.9269999999999925 0.4090000000000007 0.09501458198407915 0.08236087689713317 23-002672
1 0.03715772250921869 0.41999999999999993 0.08174698952028112 0.09163575042158517 23-002415
1 0.48599999999999 0.49099999999999966 0.30072019609850403 0.26544688026981444 23-000787
1 0.2769999999999868 0.5850000000000009 0.2072350238847924 0.19922428330522762 23-001162
1 0.9333055258727511 0.609 0.14672784307994752 0.14320404721753788 23-001646
3 0.28600000000000136 0.7859999999999996 0.061941095699882584 0.05639123102866788 23-003820
1 0.7107164556800624 0.8716216694772346 0.3559701240530288 0.2567566610455307 23-000600
3 0.22810384093614341 0.11264755480607082 0.08679400446835397 0.08161888701517707 23-002796
3 0.43028484877837736 0.14019392917369308 0.16135273077376813 0.1378246205733558 23-001616
1 0.9269999999999925 0.4090000000000007 0.09501458198407915 0.08236087689713317 23-002672
1 0.03715772250921869 0.41999999999999993 0.08174698952028112 0.09163575042158517 23-002415
1 0.48599999999999 0.49099999999999966 0.30072019609850403 0.26544688026981444 23-000787
1 0.2769999999999868 0.5850000000000009 0.2072350238847924 0.19922428330522762 23-001162
1 0.9333055258727511 0.609 0.14672784307994752 0.14320404721753788 23-001646
3 0.28600000000000136 0.7859999999999996 0.061941095699882584 0.05639123102866788 23-003820
1 0.7107164556800624 0.8716216694772346 0.3559701240530288 0.2567566610455307 23-000600
3 0.22810384093614341 0.11264755480607082 0.08679400446835397 0.08161888701517707 23-002796
3 0.43028484877837736 0.14019392917369308 0.16135273077376813 0.1378246205733558 23-001616
1 0.9269999999999925 0.4090000000000007 0.09501458198407915 0.08236087689713317 23-002672
1 0.03715772250921869 0.41999999999999993 0.08174698952028112 0.09163575042158517 23-002415
1 0.48599999999999 0.49099999999999966 0.30072019609850403 0.26544688026981444 23-000787
1 0.2769999999999868 0.5850000000000009 0.2072350238847924 0.19922428330522762 23-001162
1 0.9333055258727511 0.609 0.14672784307994752 0.14320404721753788 23-001646
3 0.28600000000000136 0.7859999999999996 0.061941095699882584 0.05639123102866788 23-003820
1 0.7107164556800624 0.8716216694772346 0.3559701240530288 0.2567566610455307 23-000600
3 0.22810384093614341 0.11264755480607082 0.08679400446835397 0.08161888701517707 23-002796
3 0.43028484877837736 0.14019392917369308 0.16135273077376813 0.1378246205733558 23-001616
1 0.9269999999999925 0.4090000000000007 0.09501458198407915 0.08236087689713317 23-002672
1 0.03715772250921869 0.41999999999999993 0.08174698952028112 0.09163575042158517 23-002415
1 0.48599999999999 0.49099999999999966 0.30072019609850403 0.26544688026981444 23-000787
1 0.2769999999999868 0.5850000000000009 0.2072350238847924 0.19922428330522762 23-001162
1 0.9333055258727511 0.609 0.14672784307994752 0.14320404721753788 23-001646
3 0.28600000000000136 0.7859999999999996 0.061941095699882584 0.05639123102866788 23-003820
1 0.7107164556800624 0.8716216694772346 0.3559701240530288 0.2567566610455307 23-000600
