3 0.6846273187183834 0.698411467116357 0.4727644993810166 0.439123102866779 17-000030
2 0.5021568296795954 0.7708431703204043 0.12459835505026713 0.12327150084317036 17-000286
3 0.6846273187183834 0.698411467116357 0.4727644993810166 0.439123102866779 17-000030
2 0.5021568296795954 0.7708431703204043 0.12459835505026713 0.12327150084317036 17-000286
3 0.6846273187183834 0.698411467116357 0.4727644993810166 0.439123102866779 17-000030
2 0.5021568296795954 0.7708431703204043 0.12459835505026713 0.12327150084317036 17-000286
3 0.6846273187183834 0.698411467116357 0.4727644993810166 0.439123102866779 17-000030
2 0.5021568296795954 0.7708431703204043 0.12459835505026713 0.12327150084317036 17-000286
3 0.6846273187183834 0.698411467116357 0.4727644993810166 0.439123102866779 17-000030
2 0.5021568296795954 0.7708431703204043 0.12459835505026713 0.12327150084317036 17-000286
