1 0.2663136593591912 0.10525463743676232 0.13439688357104151 0.11556492411467116 23-001988
3 0.8786273187183862 0.11537268128161898 0.09864693018870185 0.09404721753794268 23-002480
1 0.2849999999999966 0.3949999999999996 0.2307496991041922 0.21016863406408104 23-001052
1 0.6642546374367545 0.39899999999999913 0.06174991947858672 0.05045531197301858 23-003982
1 0.34294097807758483 0.5380000000000003 0.11030867968775387 0.10295109612141665 23-002252
1 0.15531365935920124 0.5470000000000006 0.16192625943765604 0.14988195615514333 23-001534
1 0.40462731871836816 0.744059021922429 0.23552910463659055 0.2029342327150085 23-001064
1 0.5496273187183783 0.9093726812816195 0.10667633148313117 0.09998313659359184 23-002318
3 0.7792546374367636 0.9223726812816194 0.06646083430927711 0.06276559865092754 23-003793
1 0.2663136593591912 0.10525463743676232 0.13439688357104151 0.11556492411467116 23-001988
3 0.8786273187183862 0.11537268128161898 0.09864693018870185 0.09404721753794268 23-002480
1 0.2849999999999966 0.3949999999999996 0.2307496991041922 0.21016863406408104 23-001052
1 0.6642546374367545 0.39899999999999913 0.06174991947858672 0.05045531197301858 23-003982
1 0.34294097807758483 0.5380000000000003 0.11030867968775387 0.10295109612141665 23-002252
1 0.15531365935920124 0.5470000000000006 0.16192625943765604 0.14988195615514333 23-001534
1 0.40462731871836816 0.744059021922429 0.23552910463659055 0.2029342327150085 23-001064
1 0.5496273187183783 0.9093726812816195 0.10667633148313117 0.09998313659359184 23-002318
3 0.7792546374367636 0.9223726812816194 0.06646083430927711 0.06276559865092754 23-003793
1 0.2663136593591912 0.10525463743676232 0.13439688357104151 0.11556492411467116 23-001988
3 0.8786273187183862 0.11537268128161898 0.09864693018870185 0.09404721753794268 23-002480
1 0.2849999999999966 0.3949999999999996 0.2307496991041922 0.21016863406408104 23-001052
1 0.6642546374367545 0.39899999999999913 0.06174991947858672 0.05045531197301858 23-003982
1 0.34294097807758483 0.5380000000000003 0.11030867968775387 0.10295109612141665 23-002252
1 0.15531365935920124 0.5470000000000006 0.16192625943765604 0.14988195615514333 23-001534
1 0.40462731871836816 0.744059021922429 0.23552910463659055 0.2029342327150085 23-001064
1 0.5496273187183783 0.9093726812816195 0.10667633148313117 0.09998313659359184 23-002318
3 0.7792546374367636 0.9223726812816194 0.06646083430927711 0.06276559865092754 23-003793
1 0.2663136593591912 0.10525463743676232 0.13439688357104151 0.11556492411467116 23-001988
3 0.8786273187183862 0.11537268128161898 0.09864693018870185 0.09404721753794268 23-002480
1 0.2849999999999966 0.3949999999999996 0.2307496991041922 0.21016863406408104 23-001052
1 0.6642546374367545 0.39899999999999913 0.06174991947858672 0.05045531197301858 23-003982
1 0.34294097807758483 0.5380000000000003 0.11030867968775387 0.10295109612141665 23-002252
1 0.15531365935920124 0.5470000000000006 0.16192625943765604 0.14988195615514333 23-001534
1 0.40462731871836816 0.744059021922429 0.23552910463659055 0.2029342327150085 23-001064
1 0.5496273187183783 0.9093726812816195 0.10667633148313117 0.09998313659359184 23-002318
3 0.7792546374367636 0.9223726812816194 0.06646083430927711 0.06276559865092754 23-003793
1 0.2663136593591912 0.10525463743676232 0.13439688357104151 0.11556492411467116 23-001988
3 0.8786273187183862 0.11537268128161898 0.09864693018870185 0.09404721753794268 23-002480
1 0.2849999999999966 0.3949999999999996 0.2307496991041922 0.21016863406408104 23-001052
1 0.6642546374367545 0.39899999999999913 0.06174991947858672 0.05045531197301858 23-003982
1 0.34294097807758483 0.5380000000000003 0.11030867968775387 0.10295109612141665 23-002252
1 0.15531365935920124 0.5470000000000006 0.16192625943765604 0.14988195615514333 23-001534
1 0.40462731871836816 0.744059021922429 0.23552910463659055 0.2029342327150085 23-001064
1 0.5496273187183783 0.9093726812816195 0.10667633148313117 0.09998313659359184 23-002318
3 0.7792546374367636 0.9223726812816194 0.06646083430927711 0.06276559865092754 23-003793
1 0.2663136593591912 0.10525463743676232 0.13439688357104151 0.11556492411467116 23-001988
3 0.8786273187183862 0.11537268128161898 0.09864693018870185 0.09404721753794268 23-002480
1 0.2849999999999966 0.3949999999999996 0.2307496991041922 0.21016863406408104 23-001052
1 0.6642546374367545 0.39899999999999913 0.06174991947858672 0.05045531197301858 23-003982
1 0.34294097807758483 0.5380000000000003 0.11030867968775387 0.10295109612141665 23-002252
1 0.15531365935920124 0.5470000000000006 0.16192625943765604 0.14988195615514333 23-001534
1 0.40462731871836816 0.744059021922429 0.23552910463659055 0.2029342327150085 23-001064
1 0.5496273187183783 0.9093726812816195 0.10667633148313117 0.09998313659359184 23-002318
3 0.7792546374367636 0.9223726812816194 0.06646083430927711 0.06276559865092754 23-003793
1 0.2663136593591912 0.10525463743676232 0.13439688357104151 0.11556492411467116 23-001988
3 0.8786273187183862 0.11537268128161898 0.09864693018870185 0.09404721753794268 23-002480
1 0.2849999999999966 0.3949999999999996 0.2307496991041922 0.21016863406408104 23-001052
1 0.6642546374367545 0.39899999999999913 0.06174991947858672 0.05045531197301858 23-003982
1 0.34294097807758483 0.5380000000000003 0.11030867968775387 0.10295109612141665 23-002252
1 0.15531365935920124 0.5470000000000006 0.16192625943765604 0.14988195615514333 23-001534
1 0.40462731871836816 0.744059021922429 0.23552910463659055 0.2029342327150085 23-001064
1 0.5496273187183783 0.9093726812816195 0.10667633148313117 0.09998313659359184 23-002318
3 0.7792546374367636 0.9223726812816194 0.06646083430927711 0.06276559865092754 23-003793
1 0.2663136593591912 0.10525463743676232 0.13439688357104151 0.11556492411467116 23-001988
3 0.8786273187183862 0.11537268128161898 0.09864693018870185 0.09404721753794268 23-002480
1 0.2849999999999966 0.3949999999999996 0.2307496991041922 0.21016863406408104 23-001052
1 0.6642546374367545 0.39899999999999913 0.06174991947858672 0.05045531197301858 23-003982
1 0.34294097807758483 0.5380000000000003 0.11030867968775387 0.10295109612141665 23-002252
1 0.15531365935920124 0.5470000000000006 0.16192625943765604 0.14988195615514333 23-001534
1 0.40462731871836816 0.744059021922429 0.23552910463659055 0.2029342327150085 23-001064
1 0.5496273187183783 0.9093726812816195 0.10667633148313117 0.09998313659359184 23-002318
3 0.7792546374367636 0.9223726812816194 0.06646083430927711 0.06276559865092754 23-003793
1 0.2663136593591912 0.10525463743676232 0.13439688357104151 0.11556492411467116 23-001988
3 0.8786273187183862 0.11537268128161898 0.09864693018870185 0.09404721753794268 23-002480
1 0.2849999999999966 0.3949999999999996 0.2307496991041922 0.21016863406408104 23-001052
1 0.6642546374367545 0.39899999999999913 0.06174991947858672 0.05045531197301858 23-003982
1 0.34294097807758483 0.5380000000000003 0.11030867968775387 0.10295109612141665 23-002252
1 0.15531365935920124 0.5470000000000006 0.16192625943765604 0.14988195615514333 23-001534
1 0.40462731871836816 0.744059021922429 0.23552910463659055 0.2029342327150085 23-001064
1 0.5496273187183783 0.9093726812816195 0.10667633148313117 0.09998313659359184 23-002318
3 0.7792546374367636 0.9223726812816194 0.06646083430927711 0.06276559865092754 23-003793
