3 0.4376273187183837 0.12074536256323855 0.06977932077301595 0.06121416526138282 23-003493
1 0.8729072010858171 0.48199999999999926 0.2796041576112027 0.33463743676222607 23-000565
3 0.862254637436762 0.7609999999999992 0.10419104060628402 0.09553119730185494 23-002401
1 0.1529999999999916 0.9515134907251264 0.1567645014626658 0.10667032040472173 23-001655
3 0.4376273187183837 0.12074536256323855 0.06977932077301595 0.06121416526138282 23-003493
1 0.8729072010858171 0.48199999999999926 0.2796041576112027 0.33463743676222607 23-000565
3 0.862254637436762 0.7609999999999992 0.10419104060628402 0.09553119730185494 23-002401
1 0.1529999999999916 0.9515134907251264 0.1567645014626658 0.10667032040472173 23-001655
3 0.4376273187183837 0.12074536256323855 0.06977932077301595 0.06121416526138282 23-003493
1 0.8729072010858171 0.48199999999999926 0.2796041576112027 0.33463743676222607 23-000565
3 0.862254637436762 0.7609999999999992 0.10419104060628402 0.09553119730185494 23-002401
1 0.1529999999999916 0.9515134907251264 0.1567645014626658 0.10667032040472173 23-001655
3 0.4376273187183837 0.12074536256323855 0.06977932077301595 0.06121416526138282 23-003493
1 0.8729072010858171 0.48199999999999926 0.2796041576112027 0.33463743676222607 23-000565
3 0.862254637436762 0.7609999999999992 0.10419104060628402 0.09553119730185494 23-002401
1 0.1529999999999916 0.9515134907251264 0.1567645014626658 0.10667032040472173 23-001655
