3 0.5073136593591767 0.20700000000000074 0.07796869176579138 0.06956155143338955 23-003167
4 0.9763395344350817 0.3200000000000003 0.05205302424282037 0.07642495784148406 23-002930
3 0.5073136593591767 0.20700000000000074 0.07796869176579138 0.06956155143338955 23-003167
4 0.9763395344350817 0.3200000000000003 0.05205302424282037 0.07642495784148406 23-002930
3 0.5073136593591767 0.20700000000000074 0.07796869176579138 0.06956155143338955 23-003167
4 0.9763395344350817 0.3200000000000003 0.05205302424282037 0.07642495784148406 23-002930
3 0.5073136593591767 0.20700000000000074 0.07796869176579138 0.06956155143338955 23-003167
4 0.9763395344350817 0.3200000000000003 0.05205302424282037 0.07642495784148406 23-002930
3 0.5073136593591767 0.20700000000000074 0.07796869176579138 0.06956155143338955 23-003167
4 0.9763395344350817 0.3200000000000003 0.05205302424282037 0.07642495784148406 23-002930
