1 0.9628440265690509 0.1620000000000008 0.08174314154808777 0.09478920741989884 23-002417
3 0.07900000000000773 0.5310000000000006 0.1332765322301952 0.12187183811129845 23-001912
1 0.9628440265690509 0.1620000000000008 0.08174314154808777 0.09478920741989884 23-002417
3 0.07900000000000773 0.5310000000000006 0.1332765322301952 0.12187183811129845 23-001912
1 0.9628440265690509 0.1620000000000008 0.08174314154808777 0.09478920741989884 23-002417
3 0.07900000000000773 0.5310000000000006 0.1332765322301952 0.12187183811129845 23-001912
1 0.9628440265690509 0.1620000000000008 0.08174314154808777 0.09478920741989884 23-002417
3 0.07900000000000773 0.5310000000000006 0.1332765322301952 0.12187183811129845 23-001912
1 0.9628440265690509 0.1620000000000008 0.08174314154808777 0.09478920741989884 23-002417
3 0.07900000000000773 0.5310000000000006 0.1332765322301952 0.12187183811129845 23-001912
