1 0.7189999999999941 0.3390000000000004 0.2934388202416978 0.27731871838111294 23-000783
3 0.1956273187183934 0.7153136593591911 0.10831118757612403 0.09497470489038794 23-002378
3 0.5093136593591862 0.8070000000000004 0.08161747290754019 0.0747554806070827 23-003017
1 0.7189999999999941 0.3390000000000004 0.2934388202416978 0.27731871838111294 23-000783
3 0.1956273187183934 0.7153136593591911 0.10831118757612403 0.09497470489038794 23-002378
3 0.5093136593591862 0.8070000000000004 0.08161747290754019 0.0747554806070827 23-003017
1 0.7189999999999941 0.3390000000000004 0.2934388202416978 0.27731871838111294 23-000783
3 0.1956273187183934 0.7153136593591911 0.10831118757612403 0.09497470489038794 23-002378
3 0.5093136593591862 0.8070000000000004 0.08161747290754019 0.0747554806070827 23-003017
1 0.7189999999999941 0.3390000000000004 0.2934388202416978 0.27731871838111294 23-000783
3 0.1956273187183934 0.7153136593591911 0.10831118757612403 0.09497470489038794 23-002378
3 0.5093136593591862 0.8070000000000004 0.08161747290754019 0.0747554806070827 23-003017
1 0.7189999999999941 0.3390000000000004 0.2934388202416978 0.27731871838111294 23-000783
3 0.1956273187183934 0.7153136593591911 0.10831118757612403 0.09497470489038794 23-002378
3 0.5093136593591862 0.8070000000000004 0.08161747290754019 0.0747554806070827 23-003017
1 0.7189999999999941 0.3390000000000004 0.2934388202416978 0.27731871838111294 23-000783
3 0.1956273187183934 0.7153136593591911 0.10831118757612403 0.09497470489038794 23-002378
3 0.5093136593591862 0.8070000000000004 0.08161747290754019 0.0747554806070827 23-003017
