2 0.8029409780775644 0.2710000000000008 0.06932684169322834 0.06139966273187188 23-003491
3 0.12794097807758145 0.3210590219224291 0.06471785498786137 0.058802698145025305 23-003677
3 0.2576273187183768 0.7126863406408097 0.06932684169322824 0.0638111298482292 23-003446
1 0.39494097807757733 0.8054317032040479 0.06567806055147948 0.060101180438448545 23-003606
1 0.48625463743675723 0.8263726812816192 0.08430604848567104 0.07846543001686336 23-002891
2 0.8759409780775719 0.8480590219224283 0.10888731091429484 0.10128161888701519 23-002284
2 0.8029409780775644 0.2710000000000008 0.06932684169322834 0.06139966273187188 23-003491
3 0.12794097807758145 0.3210590219224291 0.06471785498786137 0.058802698145025305 23-003677
3 0.2576273187183768 0.7126863406408097 0.06932684169322824 0.0638111298482292 23-003446
1 0.39494097807757733 0.8054317032040479 0.06567806055147948 0.060101180438448545 23-003606
1 0.48625463743675723 0.8263726812816192 0.08430604848567104 0.07846543001686336 23-002891
2 0.8759409780775719 0.8480590219224283 0.10888731091429484 0.10128161888701519 23-002284
2 0.8029409780775644 0.2710000000000008 0.06932684169322834 0.06139966273187188 23-003491
3 0.12794097807758145 0.3210590219224291 0.06471785498786137 0.058802698145025305 23-003677
3 0.2576273187183768 0.7126863406408097 0.06932684169322824 0.0638111298482292 23-003446
1 0.39494097807757733 0.8054317032040479 0.06567806055147948 0.060101180438448545 23-003606
1 0.48625463743675723 0.8263726812816192 0.08430604848567104 0.07846543001686336 23-002891
2 0.8759409780775719 0.8480590219224283 0.10888731091429484 0.10128161888701519 23-002284
2 0.8029409780775644 0.2710000000000008 0.06932684169322834 0.06139966273187188 23-003491
3 0.12794097807758145 0.3210590219224291 0.06471785498786137 0.058802698145025305 23-003677
3 0.2576273187183768 0.7126863406408097 0.06932684169322824 0.0638111298482292 23-003446
1 0.39494097807757733 0.8054317032040479 0.06567806055147948 0.060101180438448545 23-003606
1 0.48625463743675723 0.8263726812816192 0.08430604848567104 0.07846543001686336 23-002891
2 0.8759409780775719 0.8480590219224283 0.10888731091429484 0.10128161888701519 23-002284
2 0.8029409780775644 0.2710000000000008 0.06932684169322834 0.06139966273187188 23-003491
3 0.12794097807758145 0.3210590219224291 0.06471785498786137 0.058802698145025305 23-003677
3 0.2576273187183768 0.7126863406408097 0.06932684169322824 0.0638111298482292 23-003446
1 0.39494097807757733 0.8054317032040479 0.06567806055147948 0.060101180438448545 23-003606
1 0.48625463743675723 0.8263726812816192 0.08430604848567104 0.07846543001686336 23-002891
2 0.8759409780775719 0.8480590219224283 0.10888731091429484 0.10128161888701519 23-002284
2 0.8029409780775644 0.2710000000000008 0.06932684169322834 0.06139966273187188 23-003491
3 0.12794097807758145 0.3210590219224291 0.06471785498786137 0.058802698145025305 23-003677
3 0.2576273187183768 0.7126863406408097 0.06932684169322824 0.0638111298482292 23-003446
1 0.39494097807757733 0.8054317032040479 0.06567806055147948 0.060101180438448545 23-003606
1 0.48625463743675723 0.8263726812816192 0.08430604848567104 0.07846543001686336 23-002891
2 0.8759409780775719 0.8480590219224283 0.10888731091429484 0.10128161888701519 23-002284
2 0.8029409780775644 0.2710000000000008 0.06932684169322834 0.06139966273187188 23-003491
3 0.12794097807758145 0.3210590219224291 0.06471785498786137 0.058802698145025305 23-003677
3 0.2576273187183768 0.7126863406408097 0.06932684169322824 0.0638111298482292 23-003446
1 0.39494097807757733 0.8054317032040479 0.06567806055147948 0.060101180438448545 23-003606
1 0.48625463743675723 0.8263726812816192 0.08430604848567104 0.07846543001686336 23-002891
2 0.8759409780775719 0.8480590219224283 0.10888731091429484 0.10128161888701519 23-002284
2 0.8029409780775644 0.2710000000000008 0.06932684169322834 0.06139966273187188 23-003491
3 0.12794097807758145 0.3210590219224291 0.06471785498786137 0.058802698145025305 23-003677
3 0.2576273187183768 0.7126863406408097 0.06932684169322824 0.0638111298482292 23-003446
1 0.39494097807757733 0.8054317032040479 0.06567806055147948 0.060101180438448545 23-003606
1 0.48625463743675723 0.8263726812816192 0.08430604848567104 0.07846543001686336 23-002891
2 0.8759409780775719 0.8480590219224283 0.10888731091429484 0.10128161888701519 23-002284
2 0.8029409780775644 0.2710000000000008 0.06932684169322834 0.06139966273187188 23-003491
3 0.12794097807758145 0.3210590219224291 0.06471785498786137 0.058802698145025305 23-003677
3 0.2576273187183768 0.7126863406408097 0.06932684169322824 0.0638111298482292 23-003446
1 0.39494097807757733 0.8054317032040479 0.06567806055147948 0.060101180438448545 23-003606
1 0.48625463743675723 0.8263726812816192 0.08430604848567104 0.07846543001686336 23-002891
2 0.8759409780775719 0.8480590219224283 0.10888731091429484 0.10128161888701519 23-002284
