3 0.7239999999999895 0.018965430016864012 0.0887675403956105 0.041723946037100834 23-002773
3 0.7520000000000095 0.05999999999999873 0.06483889907157656 0.05694772344013493 23-003737
4 0.8988769456031538 0.37117200674536255 0.0605934949656991 0.053608768971332245 23-003973
2 0.06499999999999773 0.8619999999999983 0.07062808648868146 0.05657672849915704 23-003588
3 0.7239999999999895 0.018965430016864012 0.0887675403956105 0.041723946037100834 23-002773
3 0.7520000000000095 0.05999999999999873 0.06483889907157656 0.05694772344013493 23-003737
4 0.8988769456031538 0.37117200674536255 0.0605934949656991 0.053608768971332245 23-003973
2 0.06499999999999773 0.8619999999999983 0.07062808648868146 0.05657672849915704 23-003588
3 0.7239999999999895 0.018965430016864012 0.0887675403956105 0.041723946037100834 23-002773
3 0.7520000000000095 0.05999999999999873 0.06483889907157656 0.05694772344013493 23-003737
4 0.8988769456031538 0.37117200674536255 0.0605934949656991 0.053608768971332245 23-003973
2 0.06499999999999773 0.8619999999999983 0.07062808648868146 0.05657672849915704 23-003588
3 0.7239999999999895 0.018965430016864012 0.0887675403956105 0.041723946037100834 23-002773
3 0.7520000000000095 0.05999999999999873 0.06483889907157656 0.05694772344013493 23-003737
4 0.8988769456031538 0.37117200674536255 0.0605934949656991 0.053608768971332245 23-003973
2 0.06499999999999773 0.8619999999999983 0.07062808648868146 0.05657672849915704 23-003588
