3 0.47062731871837066 0.06599999999999895 0.06561079072719032 0.05917369308600338 23-003649
3 0.4743136593591896 0.3276863406408099 0.14106320006345938 0.11927487352445187 23-001877
1 0.8739999999999952 0.6580000000000013 0.10131077979933818 0.08959527824620572 23-002503
3 0.47062731871837066 0.06599999999999895 0.06561079072719032 0.05917369308600338 23-003649
3 0.4743136593591896 0.3276863406408099 0.14106320006345938 0.11927487352445187 23-001877
1 0.8739999999999952 0.6580000000000013 0.10131077979933818 0.08959527824620572 23-002503
3 0.47062731871837066 0.06599999999999895 0.06561079072719032 0.05917369308600338 23-003649
3 0.4743136593591896 0.3276863406408099 0.14106320006345938 0.11927487352445187 23-001877
1 0.8739999999999952 0.6580000000000013 0.10131077979933818 0.08959527824620572 23-002503
3 0.47062731871837066 0.06599999999999895 0.06561079072719032 0.05917369308600338 23-003649
3 0.4743136593591896 0.3276863406408099 0.14106320006345938 0.11927487352445187 23-001877
1 0.8739999999999952 0.6580000000000013 0.10131077979933818 0.08959527824620572 23-002503
3 0.47062731871837066 0.06599999999999895 0.06561079072719032 0.05917369308600338 23-003649
3 0.4743136593591896 0.3276863406408099 0.14106320006345938 0.11927487352445187 23-001877
1 0.8739999999999952 0.6580000000000013 0.10131077979933818 0.08959527824620572 23-002503
3 0.47062731871837066 0.06599999999999895 0.06561079072719032 0.05917369308600338 23-003649
3 0.4743136593591896 0.3276863406408099 0.14106320006345938 0.11927487352445187 23-001877
1 0.8739999999999952 0.6580000000000013 0.10131077979933818 0.08959527824620572 23-002503
