1 0.041849623690044364 0.5689999999999991 0.0920691721180976 0.09701517706576743 23-002288
3 0.4730000000000132 0.6739999999999995 0.14723833330837144 0.1315177065767287 23-001758
1 0.041849623690044364 0.5689999999999991 0.0920691721180976 0.09701517706576743 23-002288
3 0.4730000000000132 0.6739999999999995 0.14723833330837144 0.1315177065767287 23-001758
1 0.041849623690044364 0.5689999999999991 0.0920691721180976 0.09701517706576743 23-002288
3 0.4730000000000132 0.6739999999999995 0.14723833330837144 0.1315177065767287 23-001758
1 0.041849623690044364 0.5689999999999991 0.0920691721180976 0.09701517706576743 23-002288
3 0.4730000000000132 0.6739999999999995 0.14723833330837144 0.1315177065767287 23-001758
1 0.041849623690044364 0.5689999999999991 0.0920691721180976 0.09701517706576743 23-002288
3 0.4730000000000132 0.6739999999999995 0.14723833330837144 0.1315177065767287 23-001758
