3 0.9744043046812279 0.20899999999999963 0.05631052970129853 0.06399662731871836 23-003414
3 0.7276273187183756 0.3787453625632377 0.08645186542876862 0.08161888701517712 23-002821
3 0.9706498818485894 0.559000000000001 0.06457025993310331 0.06102866779089366 23-003555
1 0.7079999999999984 0.6409999999999982 0.2294447946312628 0.2097976391231028 23-001067
3 0.9744043046812279 0.20899999999999963 0.05631052970129853 0.06399662731871836 23-003414
3 0.7276273187183756 0.3787453625632377 0.08645186542876862 0.08161888701517712 23-002821
3 0.9706498818485894 0.559000000000001 0.06457025993310331 0.06102866779089366 23-003555
1 0.7079999999999984 0.6409999999999982 0.2294447946312628 0.2097976391231028 23-001067
3 0.9744043046812279 0.20899999999999963 0.05631052970129853 0.06399662731871836 23-003414
3 0.7276273187183756 0.3787453625632377 0.08645186542876862 0.08161888701517712 23-002821
3 0.9706498818485894 0.559000000000001 0.06457025993310331 0.06102866779089366 23-003555
1 0.7079999999999984 0.6409999999999982 0.2294447946312628 0.2097976391231028 23-001067
3 0.9744043046812279 0.20899999999999963 0.05631052970129853 0.06399662731871836 23-003414
3 0.7276273187183756 0.3787453625632377 0.08645186542876862 0.08161888701517712 23-002821
3 0.9706498818485894 0.559000000000001 0.06457025993310331 0.06102866779089366 23-003555
1 0.7079999999999984 0.6409999999999982 0.2294447946312628 0.2097976391231028 23-001067
