3 0.4142546374367545 0.16100000000000136 0.09725834860736465 0.09052276559865094 23-002538
3 0.4133136593591826 0.26399999999999935 0.13565995847416137 0.11908937605396291 23-001922
3 0.5773136593591983 0.7779999999999987 0.09918807774639946 0.09089376053962916 23-002514
4 0.29594097807755937 0.7779999999999987 0.07139997814429543 0.06362563237774034 23-003413
3 0.6843136593591976 0.7860000000000014 0.14569454999714335 0.13745362563237792 23-001732
4 0.9216273187183924 0.9365295109612153 0.07853997595872528 0.0764755480607085 23-003132
3 0.4142546374367545 0.16100000000000136 0.09725834860736465 0.09052276559865094 23-002538
3 0.4133136593591826 0.26399999999999935 0.13565995847416137 0.11908937605396291 23-001922
3 0.5773136593591983 0.7779999999999987 0.09918807774639946 0.09089376053962916 23-002514
4 0.29594097807755937 0.7779999999999987 0.07139997814429543 0.06362563237774034 23-003413
3 0.6843136593591976 0.7860000000000014 0.14569454999714335 0.13745362563237792 23-001732
4 0.9216273187183924 0.9365295109612153 0.07853997595872528 0.0764755480607085 23-003132
3 0.4142546374367545 0.16100000000000136 0.09725834860736465 0.09052276559865094 23-002538
3 0.4133136593591826 0.26399999999999935 0.13565995847416137 0.11908937605396291 23-001922
3 0.5773136593591983 0.7779999999999987 0.09918807774639946 0.09089376053962916 23-002514
4 0.29594097807755937 0.7779999999999987 0.07139997814429543 0.06362563237774034 23-003413
3 0.6843136593591976 0.7860000000000014 0.14569454999714335 0.13745362563237792 23-001732
4 0.9216273187183924 0.9365295109612153 0.07853997595872528 0.0764755480607085 23-003132
3 0.4142546374367545 0.16100000000000136 0.09725834860736465 0.09052276559865094 23-002538
3 0.4133136593591826 0.26399999999999935 0.13565995847416137 0.11908937605396291 23-001922
3 0.5773136593591983 0.7779999999999987 0.09918807774639946 0.09089376053962916 23-002514
4 0.29594097807755937 0.7779999999999987 0.07139997814429543 0.06362563237774034 23-003413
3 0.6843136593591976 0.7860000000000014 0.14569454999714335 0.13745362563237792 23-001732
4 0.9216273187183924 0.9365295109612153 0.07853997595872528 0.0764755480607085 23-003132
3 0.4142546374367545 0.16100000000000136 0.09725834860736465 0.09052276559865094 23-002538
3 0.4133136593591826 0.26399999999999935 0.13565995847416137 0.11908937605396291 23-001922
3 0.5773136593591983 0.7779999999999987 0.09918807774639946 0.09089376053962916 23-002514
4 0.29594097807755937 0.7779999999999987 0.07139997814429543 0.06362563237774034 23-003413
3 0.6843136593591976 0.7860000000000014 0.14569454999714335 0.13745362563237792 23-001732
4 0.9216273187183924 0.9365295109612153 0.07853997595872528 0.0764755480607085 23-003132
3 0.4142546374367545 0.16100000000000136 0.09725834860736465 0.09052276559865094 23-002538
3 0.4133136593591826 0.26399999999999935 0.13565995847416137 0.11908937605396291 23-001922
3 0.5773136593591983 0.7779999999999987 0.09918807774639946 0.09089376053962916 23-002514
4 0.29594097807755937 0.7779999999999987 0.07139997814429543 0.06362563237774034 23-003413
3 0.6843136593591976 0.7860000000000014 0.14569454999714335 0.13745362563237792 23-001732
4 0.9216273187183924 0.9365295109612153 0.07853997595872528 0.0764755480607085 23-003132
