1 0.777627318718387 0.044000000000000476 0.06908430317745344 0.060101180438448594 23-003562
1 0.8843136593591862 0.22500000000000142 0.1570799519174499 0.14301854974704892 23-001617
1 0.777627318718387 0.044000000000000476 0.06908430317745344 0.060101180438448594 23-003562
1 0.8843136593591862 0.22500000000000142 0.1570799519174499 0.14301854974704892 23-001617
1 0.777627318718387 0.044000000000000476 0.06908430317745344 0.060101180438448594 23-003562
1 0.8843136593591862 0.22500000000000142 0.1570799519174499 0.14301854974704892 23-001617
1 0.777627318718387 0.044000000000000476 0.06908430317745344 0.060101180438448594 23-003562
1 0.8843136593591862 0.22500000000000142 0.1570799519174499 0.14301854974704892 23-001617
1 0.777627318718387 0.044000000000000476 0.06908430317745344 0.060101180438448594 23-003562
1 0.8843136593591862 0.22500000000000142 0.1570799519174499 0.14301854974704892 23-001617
