1 0.28462731871839203 0.1769999999999996 0.14994126484671533 0.13930860033726816 23-001679
1 0.9575418599234875 0.5500000000000007 0.09340790816832761 0.14728499156829666 23-001572
1 0.9173019111717409 0.7860000000000013 0.18193579542217003 0.2817706576728501 23-000752
4 0.09700000000000841 0.812000000000001 0.11599595909228431 0.10740303541315345 23-002176
1 0.28462731871839203 0.1769999999999996 0.14994126484671533 0.13930860033726816 23-001679
1 0.9575418599234875 0.5500000000000007 0.09340790816832761 0.14728499156829666 23-001572
1 0.9173019111717409 0.7860000000000013 0.18193579542217003 0.2817706576728501 23-000752
4 0.09700000000000841 0.812000000000001 0.11599595909228431 0.10740303541315345 23-002176
1 0.28462731871839203 0.1769999999999996 0.14994126484671533 0.13930860033726816 23-001679
1 0.9575418599234875 0.5500000000000007 0.09340790816832761 0.14728499156829666 23-001572
1 0.9173019111717409 0.7860000000000013 0.18193579542217003 0.2817706576728501 23-000752
4 0.09700000000000841 0.812000000000001 0.11599595909228431 0.10740303541315345 23-002176
1 0.28462731871839203 0.1769999999999996 0.14994126484671533 0.13930860033726816 23-001679
1 0.9575418599234875 0.5500000000000007 0.09340790816832761 0.14728499156829666 23-001572
1 0.9173019111717409 0.7860000000000013 0.18193579542217003 0.2817706576728501 23-000752
4 0.09700000000000841 0.812000000000001 0.11599595909228431 0.10740303541315345 23-002176
