2 0.5916830767133302 0.2310682967959531 0.898297231230674 0.5083502529510968 23-000108
3 0.649313659359201 0.4407453625632389 0.0603256576550175 0.05527824620573351 23-003944
1 0.9449096054854804 0.4349999999999987 0.1211988679319434 0.14301854974704886 23-001595
3 0.6709999999999923 0.9130000000000001 0.09601672199110485 0.0812478920741991 23-002685
2 0.5916830767133302 0.2310682967959531 0.898297231230674 0.5083502529510968 23-000108
3 0.649313659359201 0.4407453625632389 0.0603256576550175 0.05527824620573351 23-003944
1 0.9449096054854804 0.4349999999999987 0.1211988679319434 0.14301854974704886 23-001595
3 0.6709999999999923 0.9130000000000001 0.09601672199110485 0.0812478920741991 23-002685
2 0.5916830767133302 0.2310682967959531 0.898297231230674 0.5083502529510968 23-000108
3 0.649313659359201 0.4407453625632389 0.0603256576550175 0.05527824620573351 23-003944
1 0.9449096054854804 0.4349999999999987 0.1211988679319434 0.14301854974704886 23-001595
3 0.6709999999999923 0.9130000000000001 0.09601672199110485 0.0812478920741991 23-002685
2 0.5916830767133302 0.2310682967959531 0.898297231230674 0.5083502529510968 23-000108
3 0.649313659359201 0.4407453625632389 0.0603256576550175 0.05527824620573351 23-003944
1 0.9449096054854804 0.4349999999999987 0.1211988679319434 0.14301854974704886 23-001595
3 0.6709999999999923 0.9130000000000001 0.09601672199110485 0.0812478920741991 23-002685
