3 0.04139285209682648 0.0539999999999985 0.09106427461301825 0.10369308600337267 23-002238
2 0.8189999999999884 0.4559999999999996 0.3408108697744874 0.3068128161888701 23-000669
1 0.2609999999999957 0.49200000000000094 0.17438188498990567 0.14858347386172008 23-001566
1 0.9405452090313393 0.6460000000000008 0.13080054013105355 0.16305227655986518 23-001388
3 0.04139285209682648 0.0539999999999985 0.09106427461301825 0.10369308600337267 23-002238
2 0.8189999999999884 0.4559999999999996 0.3408108697744874 0.3068128161888701 23-000669
1 0.2609999999999957 0.49200000000000094 0.17438188498990567 0.14858347386172008 23-001566
1 0.9405452090313393 0.6460000000000008 0.13080054013105355 0.16305227655986518 23-001388
3 0.04139285209682648 0.0539999999999985 0.09106427461301825 0.10369308600337267 23-002238
2 0.8189999999999884 0.4559999999999996 0.3408108697744874 0.3068128161888701 23-000669
1 0.2609999999999957 0.49200000000000094 0.17438188498990567 0.14858347386172008 23-001566
1 0.9405452090313393 0.6460000000000008 0.13080054013105355 0.16305227655986518 23-001388
3 0.04139285209682648 0.0539999999999985 0.09106427461301825 0.10369308600337267 23-002238
2 0.8189999999999884 0.4559999999999996 0.3408108697744874 0.3068128161888701 23-000669
1 0.2609999999999957 0.49200000000000094 0.17438188498990567 0.14858347386172008 23-001566
1 0.9405452090313393 0.6460000000000008 0.13080054013105355 0.16305227655986518 23-001388
