3 0.23794097807756667 0.3181568296795943 0.06363623397388132 0.07487352445193925 17-000754
4 0.045470489038787656 0.7907841483979782 0.07614597546223692 0.0731871838111298 17-000590
3 0.23794097807756667 0.3181568296795943 0.06363623397388132 0.07487352445193925 17-000754
4 0.045470489038787656 0.7907841483979782 0.07614597546223692 0.0731871838111298 17-000590
3 0.23794097807756667 0.3181568296795943 0.06363623397388132 0.07487352445193925 17-000754
4 0.045470489038787656 0.7907841483979782 0.07614597546223692 0.0731871838111298 17-000590
3 0.23794097807756667 0.3181568296795943 0.06363623397388132 0.07487352445193925 17-000754
4 0.045470489038787656 0.7907841483979782 0.07614597546223692 0.0731871838111298 17-000590
3 0.23794097807756667 0.3181568296795943 0.06363623397388132 0.07487352445193925 17-000754
4 0.045470489038787656 0.7907841483979782 0.07614597546223692 0.0731871838111298 17-000590
