3 0.8959999999999866 0.6039999999999992 0.1012539977360743 0.09274873524451939 23-002481
1 0.40100000000001046 0.843 0.3778597463407524 0.33575042158516016 23-000580
3 0.01936829982194587 0.8949999999999997 0.042610259608280916 0.07661045531197302 23-002977
3 0.03092298621812572 0.9593844856661049 0.06803056967987657 0.08935413153456896 23-002475
3 0.8959999999999866 0.6039999999999992 0.1012539977360743 0.09274873524451939 23-002481
1 0.40100000000001046 0.843 0.3778597463407524 0.33575042158516016 23-000580
3 0.01936829982194587 0.8949999999999997 0.042610259608280916 0.07661045531197302 23-002977
3 0.03092298621812572 0.9593844856661049 0.06803056967987657 0.08935413153456896 23-002475
3 0.8959999999999866 0.6039999999999992 0.1012539977360743 0.09274873524451939 23-002481
1 0.40100000000001046 0.843 0.3778597463407524 0.33575042158516016 23-000580
3 0.01936829982194587 0.8949999999999997 0.042610259608280916 0.07661045531197302 23-002977
3 0.03092298621812572 0.9593844856661049 0.06803056967987657 0.08935413153456896 23-002475
3 0.8959999999999866 0.6039999999999992 0.1012539977360743 0.09274873524451939 23-002481
1 0.40100000000001046 0.843 0.3778597463407524 0.33575042158516016 23-000580
3 0.01936829982194587 0.8949999999999997 0.042610259608280916 0.07661045531197302 23-002977
3 0.03092298621812572 0.9593844856661049 0.06803056967987657 0.08935413153456896 23-002475
