2 0.74009712412779 0.2459999999999987 0.5717863269188618 0.5195784148397977 23-000299
1 0.2920000000000016 0.40800000000000125 0.1266644837579627 0.10332209106239472 23-002116
3 0.804000000000002 0.9653903878583474 0.10202989043903263 0.07614114671163556 23-002519
2 0.74009712412779 0.2459999999999987 0.5717863269188618 0.5195784148397977 23-000299
1 0.2920000000000016 0.40800000000000125 0.1266644837579627 0.10332209106239472 23-002116
3 0.804000000000002 0.9653903878583474 0.10202989043903263 0.07614114671163556 23-002519
2 0.74009712412779 0.2459999999999987 0.5717863269188618 0.5195784148397977 23-000299
1 0.2920000000000016 0.40800000000000125 0.1266644837579627 0.10332209106239472 23-002116
3 0.804000000000002 0.9653903878583474 0.10202989043903263 0.07614114671163556 23-002519
2 0.74009712412779 0.2459999999999987 0.5717863269188618 0.5195784148397977 23-000299
1 0.2920000000000016 0.40800000000000125 0.1266644837579627 0.10332209106239472 23-002116
3 0.804000000000002 0.9653903878583474 0.10202989043903263 0.07614114671163556 23-002519
2 0.74009712412779 0.2459999999999987 0.5717863269188618 0.5195784148397977 23-000299
1 0.2920000000000016 0.40800000000000125 0.1266644837579627 0.10332209106239472 23-002116
3 0.804000000000002 0.9653903878583474 0.10202989043903263 0.07614114671163556 23-002519
2 0.74009712412779 0.2459999999999987 0.5717863269188618 0.5195784148397977 23-000299
1 0.2920000000000016 0.40800000000000125 0.1266644837579627 0.10332209106239472 23-002116
3 0.804000000000002 0.9653903878583474 0.10202989043903263 0.07614114671163556 23-002519
