1 0.48342096822658215 0.2494013490725127 0.577846090528286 0.4988026981450254 23-000308
3 0.9809241104367997 0.379999999999999 0.041966957039041 0.06789207419898828 23-003312
3 0.8100000000000023 0.6879999999999988 0.09116739259761468 0.07846543001686336 23-002799
1 0.6730000000000018 0.7480000000000011 0.37068273883838687 0.3465092748735245 23-000577
1 0.48342096822658215 0.2494013490725127 0.577846090528286 0.4988026981450254 23-000308
3 0.9809241104367997 0.379999999999999 0.041966957039041 0.06789207419898828 23-003312
3 0.8100000000000023 0.6879999999999988 0.09116739259761468 0.07846543001686336 23-002799
1 0.6730000000000018 0.7480000000000011 0.37068273883838687 0.3465092748735245 23-000577
1 0.48342096822658215 0.2494013490725127 0.577846090528286 0.4988026981450254 23-000308
3 0.9809241104367997 0.379999999999999 0.041966957039041 0.06789207419898828 23-003312
3 0.8100000000000023 0.6879999999999988 0.09116739259761468 0.07846543001686336 23-002799
1 0.6730000000000018 0.7480000000000011 0.37068273883838687 0.3465092748735245 23-000577
1 0.48342096822658215 0.2494013490725127 0.577846090528286 0.4988026981450254 23-000308
3 0.9809241104367997 0.379999999999999 0.041966957039041 0.06789207419898828 23-003312
3 0.8100000000000023 0.6879999999999988 0.09116739259761468 0.07846543001686336 23-002799
1 0.6730000000000018 0.7480000000000011 0.37068273883838687 0.3465092748735245 23-000577
