4 0.016210376739774414 0.41000000000000014 0.03242075347954883 0.05615514333895449 17-000799
4 0.6784704890387832 0.49994097807757065 0.0742507147425287 0.07015177065767289 17-000751
4 0.016210376739774414 0.41000000000000014 0.03242075347954883 0.05615514333895449 17-000799
4 0.6784704890387832 0.49994097807757065 0.0742507147425287 0.07015177065767289 17-000751
4 0.016210376739774414 0.41000000000000014 0.03242075347954883 0.05615514333895449 17-000799
4 0.6784704890387832 0.49994097807757065 0.0742507147425287 0.07015177065767289 17-000751
4 0.016210376739774414 0.41000000000000014 0.03242075347954883 0.05615514333895449 17-000799
4 0.6784704890387832 0.49994097807757065 0.0742507147425287 0.07015177065767289 17-000751
4 0.016210376739774414 0.41000000000000014 0.03242075347954883 0.05615514333895449 17-000799
4 0.6784704890387832 0.49994097807757065 0.0742507147425287 0.07015177065767289 17-000751
