1 0.7680000000000007 0.054881956155143914 0.19164549763073074 0.12074030354131662 23-001300
2 0.27899999999999636 0.07775969645868462 0.2236510716277656 0.1710713322091062 23-001089
3 0.2009999999999934 0.3509999999999991 0.10164194408755348 0.09349072512647565 23-002476
1 0.789999999999992 0.38700000000000045 0.19668880019996046 0.16787521079258008 23-001305
1 0.5200000000000102 0.48100000000000165 0.09601672199110485 0.0847723440134907 23-002634
1 0.46500000000000347 0.625 0.18602027553428213 0.15118043844856657 23-001423
1 0.07900000000000773 0.6690000000000005 0.10629730030530406 0.08236087689713327 23-002551
1 0.7680000000000007 0.054881956155143914 0.19164549763073074 0.12074030354131662 23-001300
2 0.27899999999999636 0.07775969645868462 0.2236510716277656 0.1710713322091062 23-001089
3 0.2009999999999934 0.3509999999999991 0.10164194408755348 0.09349072512647565 23-002476
1 0.789999999999992 0.38700000000000045 0.19668880019996046 0.16787521079258008 23-001305
1 0.5200000000000102 0.48100000000000165 0.09601672199110485 0.0847723440134907 23-002634
1 0.46500000000000347 0.625 0.18602027553428213 0.15118043844856657 23-001423
1 0.07900000000000773 0.6690000000000005 0.10629730030530406 0.08236087689713327 23-002551
1 0.7680000000000007 0.054881956155143914 0.19164549763073074 0.12074030354131662 23-001300
2 0.27899999999999636 0.07775969645868462 0.2236510716277656 0.1710713322091062 23-001089
3 0.2009999999999934 0.3509999999999991 0.10164194408755348 0.09349072512647565 23-002476
1 0.789999999999992 0.38700000000000045 0.19668880019996046 0.16787521079258008 23-001305
1 0.5200000000000102 0.48100000000000165 0.09601672199110485 0.0847723440134907 23-002634
1 0.46500000000000347 0.625 0.18602027553428213 0.15118043844856657 23-001423
1 0.07900000000000773 0.6690000000000005 0.10629730030530406 0.08236087689713327 23-002551
1 0.7680000000000007 0.054881956155143914 0.19164549763073074 0.12074030354131662 23-001300
2 0.27899999999999636 0.07775969645868462 0.2236510716277656 0.1710713322091062 23-001089
3 0.2009999999999934 0.3509999999999991 0.10164194408755348 0.09349072512647565 23-002476
1 0.789999999999992 0.38700000000000045 0.19668880019996046 0.16787521079258008 23-001305
1 0.5200000000000102 0.48100000000000165 0.09601672199110485 0.0847723440134907 23-002634
1 0.46500000000000347 0.625 0.18602027553428213 0.15118043844856657 23-001423
1 0.07900000000000773 0.6690000000000005 0.10629730030530406 0.08236087689713327 23-002551
1 0.7680000000000007 0.054881956155143914 0.19164549763073074 0.12074030354131662 23-001300
2 0.27899999999999636 0.07775969645868462 0.2236510716277656 0.1710713322091062 23-001089
3 0.2009999999999934 0.3509999999999991 0.10164194408755348 0.09349072512647565 23-002476
1 0.789999999999992 0.38700000000000045 0.19668880019996046 0.16787521079258008 23-001305
1 0.5200000000000102 0.48100000000000165 0.09601672199110485 0.0847723440134907 23-002634
1 0.46500000000000347 0.625 0.18602027553428213 0.15118043844856657 23-001423
1 0.07900000000000773 0.6690000000000005 0.10629730030530406 0.08236087689713327 23-002551
1 0.7680000000000007 0.054881956155143914 0.19164549763073074 0.12074030354131662 23-001300
2 0.27899999999999636 0.07775969645868462 0.2236510716277656 0.1710713322091062 23-001089
3 0.2009999999999934 0.3509999999999991 0.10164194408755348 0.09349072512647565 23-002476
1 0.789999999999992 0.38700000000000045 0.19668880019996046 0.16787521079258008 23-001305
1 0.5200000000000102 0.48100000000000165 0.09601672199110485 0.0847723440134907 23-002634
1 0.46500000000000347 0.625 0.18602027553428213 0.15118043844856657 23-001423
1 0.07900000000000773 0.6690000000000005 0.10629730030530406 0.08236087689713327 23-002551
1 0.7680000000000007 0.054881956155143914 0.19164549763073074 0.12074030354131662 23-001300
2 0.27899999999999636 0.07775969645868462 0.2236510716277656 0.1710713322091062 23-001089
3 0.2009999999999934 0.3509999999999991 0.10164194408755348 0.09349072512647565 23-002476
1 0.789999999999992 0.38700000000000045 0.19668880019996046 0.16787521079258008 23-001305
1 0.5200000000000102 0.48100000000000165 0.09601672199110485 0.0847723440134907 23-002634
1 0.46500000000000347 0.625 0.18602027553428213 0.15118043844856657 23-001423
1 0.07900000000000773 0.6690000000000005 0.10629730030530406 0.08236087689713327 23-002551
