2 0.5989409780775852 0.16600000000000037 0.2523591016372272 0.229274873524452 23-000964
3 0.5106273187183911 0.1740590219224288 0.0795290020532384 0.07178752107925805 23-003116
3 0.26231365935920054 0.8689999999999998 0.28067918529520974 0.2537605396290051 23-000850
2 0.5989409780775852 0.16600000000000037 0.2523591016372272 0.229274873524452 23-000964
3 0.5106273187183911 0.1740590219224288 0.0795290020532384 0.07178752107925805 23-003116
3 0.26231365935920054 0.8689999999999998 0.28067918529520974 0.2537605396290051 23-000850
2 0.5989409780775852 0.16600000000000037 0.2523591016372272 0.229274873524452 23-000964
3 0.5106273187183911 0.1740590219224288 0.0795290020532384 0.07178752107925805 23-003116
3 0.26231365935920054 0.8689999999999998 0.28067918529520974 0.2537605396290051 23-000850
2 0.5989409780775852 0.16600000000000037 0.2523591016372272 0.229274873524452 23-000964
3 0.5106273187183911 0.1740590219224288 0.0795290020532384 0.07178752107925805 23-003116
3 0.26231365935920054 0.8689999999999998 0.28067918529520974 0.2537605396290051 23-000850
2 0.5989409780775852 0.16600000000000037 0.2523591016372272 0.229274873524452 23-000964
3 0.5106273187183911 0.1740590219224288 0.0795290020532384 0.07178752107925805 23-003116
3 0.26231365935920054 0.8689999999999998 0.28067918529520974 0.2537605396290051 23-000850
2 0.5989409780775852 0.16600000000000037 0.2523591016372272 0.229274873524452 23-000964
3 0.5106273187183911 0.1740590219224288 0.0795290020532384 0.07178752107925805 23-003116
3 0.26231365935920054 0.8689999999999998 0.28067918529520974 0.2537605396290051 23-000850
