3 0.7889409780775828 0.09562731871838132 0.07060623596921656 0.060657672849915696 23-003486
3 0.1570000000000107 0.3999999999999986 0.16196760174257097 0.148026981450253 23-001558
1 0.24100000000001387 0.41866610455311953 0.09834440009998023 0.09123102866779093 23-002574
4 0.5236273187183679 0.536999999999999 0.06265333576389269 0.056576728499156945 23-003828
3 0.7889409780775828 0.09562731871838132 0.07060623596921656 0.060657672849915696 23-003486
3 0.1570000000000107 0.3999999999999986 0.16196760174257097 0.148026981450253 23-001558
1 0.24100000000001387 0.41866610455311953 0.09834440009998023 0.09123102866779093 23-002574
4 0.5236273187183679 0.536999999999999 0.06265333576389269 0.056576728499156945 23-003828
3 0.7889409780775828 0.09562731871838132 0.07060623596921656 0.060657672849915696 23-003486
3 0.1570000000000107 0.3999999999999986 0.16196760174257097 0.148026981450253 23-001558
1 0.24100000000001387 0.41866610455311953 0.09834440009998023 0.09123102866779093 23-002574
4 0.5236273187183679 0.536999999999999 0.06265333576389269 0.056576728499156945 23-003828
3 0.7889409780775828 0.09562731871838132 0.07060623596921656 0.060657672849915696 23-003486
3 0.1570000000000107 0.3999999999999986 0.16196760174257097 0.148026981450253 23-001558
1 0.24100000000001387 0.41866610455311953 0.09834440009998023 0.09123102866779093 23-002574
4 0.5236273187183679 0.536999999999999 0.06265333576389269 0.056576728499156945 23-003828
3 0.7889409780775828 0.09562731871838132 0.07060623596921656 0.060657672849915696 23-003486
3 0.1570000000000107 0.3999999999999986 0.16196760174257097 0.148026981450253 23-001558
1 0.24100000000001387 0.41866610455311953 0.09834440009998023 0.09123102866779093 23-002574
4 0.5236273187183679 0.536999999999999 0.06265333576389269 0.056576728499156945 23-003828
3 0.7889409780775828 0.09562731871838132 0.07060623596921656 0.060657672849915696 23-003486
3 0.1570000000000107 0.3999999999999986 0.16196760174257097 0.148026981450253 23-001558
1 0.24100000000001387 0.41866610455311953 0.09834440009998023 0.09123102866779093 23-002574
4 0.5236273187183679 0.536999999999999 0.06265333576389269 0.056576728499156945 23-003828
3 0.7889409780775828 0.09562731871838132 0.07060623596921656 0.060657672849915696 23-003486
3 0.1570000000000107 0.3999999999999986 0.16196760174257097 0.148026981450253 23-001558
1 0.24100000000001387 0.41866610455311953 0.09834440009998023 0.09123102866779093 23-002574
4 0.5236273187183679 0.536999999999999 0.06265333576389269 0.056576728499156945 23-003828
