3 0.08400000000000318 0.3030000000000008 0.10746113935974169 0.086256323777403 23-002489
1 0.3950000000000103 0.5440000000000005 0.45603093616381357 0.3982630691399664 23-000444
1 0.09399999999999409 0.7260590219224284 0.15886403093073725 0.14079258010118045 23-001650
1 0.15000000000000568 0.8309999999999994 0.1685626897177175 0.14654300168634068 23-001530
3 0.08400000000000318 0.3030000000000008 0.10746113935974169 0.086256323777403 23-002489
1 0.3950000000000103 0.5440000000000005 0.45603093616381357 0.3982630691399664 23-000444
1 0.09399999999999409 0.7260590219224284 0.15886403093073725 0.14079258010118045 23-001650
1 0.15000000000000568 0.8309999999999994 0.1685626897177175 0.14654300168634068 23-001530
3 0.08400000000000318 0.3030000000000008 0.10746113935974169 0.086256323777403 23-002489
1 0.3950000000000103 0.5440000000000005 0.45603093616381357 0.3982630691399664 23-000444
1 0.09399999999999409 0.7260590219224284 0.15886403093073725 0.14079258010118045 23-001650
1 0.15000000000000568 0.8309999999999994 0.1685626897177175 0.14654300168634068 23-001530
3 0.08400000000000318 0.3030000000000008 0.10746113935974169 0.086256323777403 23-002489
1 0.3950000000000103 0.5440000000000005 0.45603093616381357 0.3982630691399664 23-000444
1 0.09399999999999409 0.7260590219224284 0.15886403093073725 0.14079258010118045 23-001650
1 0.15000000000000568 0.8309999999999994 0.1685626897177175 0.14654300168634068 23-001530
