2 0.6659999999999968 0.06476897133220968 0.1691446092449364 0.14249173693086128 23-001528
2 0.7040000000000077 0.24800000000000108 0.06071360400649657 0.05602023608768976 23-003907
3 0.39300000000000074 0.2890000000000015 0.631964606559636 0.5806070826306913 23-000247
3 0.06068358387693565 0.8709999999999988 0.13350388452925843 0.20219224283305243 23-001128
2 0.6659999999999968 0.06476897133220968 0.1691446092449364 0.14249173693086128 23-001528
2 0.7040000000000077 0.24800000000000108 0.06071360400649657 0.05602023608768976 23-003907
3 0.39300000000000074 0.2890000000000015 0.631964606559636 0.5806070826306913 23-000247
3 0.06068358387693565 0.8709999999999988 0.13350388452925843 0.20219224283305243 23-001128
2 0.6659999999999968 0.06476897133220968 0.1691446092449364 0.14249173693086128 23-001528
2 0.7040000000000077 0.24800000000000108 0.06071360400649657 0.05602023608768976 23-003907
3 0.39300000000000074 0.2890000000000015 0.631964606559636 0.5806070826306913 23-000247
3 0.06068358387693565 0.8709999999999988 0.13350388452925843 0.20219224283305243 23-001128
2 0.6659999999999968 0.06476897133220968 0.1691446092449364 0.14249173693086128 23-001528
2 0.7040000000000077 0.24800000000000108 0.06071360400649657 0.05602023608768976 23-003907
3 0.39300000000000074 0.2890000000000015 0.631964606559636 0.5806070826306913 23-000247
3 0.06068358387693565 0.8709999999999988 0.13350388452925843 0.20219224283305243 23-001128
