3 0.76400000000001 0.015755480607082074 0.0727399409023523 0.034662057335580566 23-003380
3 0.46399999999999864 0.3619999999999983 0.07545556536270674 0.06696458684654297 23-003286
3 0.76400000000001 0.015755480607082074 0.0727399409023523 0.034662057335580566 23-003380
3 0.46399999999999864 0.3619999999999983 0.07545556536270674 0.06696458684654297 23-003286
3 0.76400000000001 0.015755480607082074 0.0727399409023523 0.034662057335580566 23-003380
3 0.46399999999999864 0.3619999999999983 0.07545556536270674 0.06696458684654297 23-003286
3 0.76400000000001 0.015755480607082074 0.0727399409023523 0.034662057335580566 23-003380
3 0.46399999999999864 0.3619999999999983 0.07545556536270674 0.06696458684654297 23-003286
3 0.76400000000001 0.015755480607082074 0.0727399409023523 0.034662057335580566 23-003380
3 0.46399999999999864 0.3619999999999983 0.07545556536270674 0.06696458684654297 23-003286
