2 0.5749999999999886 0.13299999999999912 0.07254596772661268 0.06381112984822934 23-003400
3 0.7930000000000064 0.2510000000000012 0.08534819732542653 0.07902192242833052 23-002874
1 0.3894207142326105 0.4390000000000001 0.8567255713117431 0.8634907251264756 23-000096
3 0.76400000000001 0.4969999999999999 0.13636314254494294 0.13040472175379433 23-001836
3 0.27899999999999636 0.629999999999999 0.08961560719169792 0.07197301854974697 23-002944
2 0.9089999999999918 0.6329999999999991 0.15401470153724717 0.143575042158516 23-001633
2 0.5749999999999886 0.13299999999999912 0.07254596772661268 0.06381112984822934 23-003400
3 0.7930000000000064 0.2510000000000012 0.08534819732542653 0.07902192242833052 23-002874
1 0.3894207142326105 0.4390000000000001 0.8567255713117431 0.8634907251264756 23-000096
3 0.76400000000001 0.4969999999999999 0.13636314254494294 0.13040472175379433 23-001836
3 0.27899999999999636 0.629999999999999 0.08961560719169792 0.07197301854974697 23-002944
2 0.9089999999999918 0.6329999999999991 0.15401470153724717 0.143575042158516 23-001633
2 0.5749999999999886 0.13299999999999912 0.07254596772661268 0.06381112984822934 23-003400
3 0.7930000000000064 0.2510000000000012 0.08534819732542653 0.07902192242833052 23-002874
1 0.3894207142326105 0.4390000000000001 0.8567255713117431 0.8634907251264756 23-000096
3 0.76400000000001 0.4969999999999999 0.13636314254494294 0.13040472175379433 23-001836
3 0.27899999999999636 0.629999999999999 0.08961560719169792 0.07197301854974697 23-002944
2 0.9089999999999918 0.6329999999999991 0.15401470153724717 0.143575042158516 23-001633
2 0.5749999999999886 0.13299999999999912 0.07254596772661268 0.06381112984822934 23-003400
3 0.7930000000000064 0.2510000000000012 0.08534819732542653 0.07902192242833052 23-002874
1 0.3894207142326105 0.4390000000000001 0.8567255713117431 0.8634907251264756 23-000096
3 0.76400000000001 0.4969999999999999 0.13636314254494294 0.13040472175379433 23-001836
3 0.27899999999999636 0.629999999999999 0.08961560719169792 0.07197301854974697 23-002944
2 0.9089999999999918 0.6329999999999991 0.15401470153724717 0.143575042158516 23-001633
2 0.5749999999999886 0.13299999999999912 0.07254596772661268 0.06381112984822934 23-003400
3 0.7930000000000064 0.2510000000000012 0.08534819732542653 0.07902192242833052 23-002874
1 0.3894207142326105 0.4390000000000001 0.8567255713117431 0.8634907251264756 23-000096
3 0.76400000000001 0.4969999999999999 0.13636314254494294 0.13040472175379433 23-001836
3 0.27899999999999636 0.629999999999999 0.08961560719169792 0.07197301854974697 23-002944
2 0.9089999999999918 0.6329999999999991 0.15401470153724717 0.143575042158516 23-001633
2 0.5749999999999886 0.13299999999999912 0.07254596772661268 0.06381112984822934 23-003400
3 0.7930000000000064 0.2510000000000012 0.08534819732542653 0.07902192242833052 23-002874
1 0.3894207142326105 0.4390000000000001 0.8567255713117431 0.8634907251264756 23-000096
3 0.76400000000001 0.4969999999999999 0.13636314254494294 0.13040472175379433 23-001836
3 0.27899999999999636 0.629999999999999 0.08961560719169792 0.07197301854974697 23-002944
2 0.9089999999999918 0.6329999999999991 0.15401470153724717 0.143575042158516 23-001633
