3 0.33262731871839385 0.2579999999999991 0.06168346988519473 0.054536256323777364 23-003919
3 0.4060000000000059 0.29299999999999926 0.1198754226070765 0.1016526138279932 23-002194
1 0.09899999999998954 0.3875295109612157 0.13558724984198453 0.08816188870151766 23-002251
4 0.7609999999999957 0.7609999999999992 0.08379641191950969 0.07846543001686336 23-002920
4 0.8789999999999907 0.8679999999999986 0.06808458468460175 0.05806070826306925 23-003607
3 0.33262731871839385 0.2579999999999991 0.06168346988519473 0.054536256323777364 23-003919
3 0.4060000000000059 0.29299999999999926 0.1198754226070765 0.1016526138279932 23-002194
1 0.09899999999998954 0.3875295109612157 0.13558724984198453 0.08816188870151766 23-002251
4 0.7609999999999957 0.7609999999999992 0.08379641191950969 0.07846543001686336 23-002920
4 0.8789999999999907 0.8679999999999986 0.06808458468460175 0.05806070826306925 23-003607
3 0.33262731871839385 0.2579999999999991 0.06168346988519473 0.054536256323777364 23-003919
3 0.4060000000000059 0.29299999999999926 0.1198754226070765 0.1016526138279932 23-002194
1 0.09899999999998954 0.3875295109612157 0.13558724984198453 0.08816188870151766 23-002251
4 0.7609999999999957 0.7609999999999992 0.08379641191950969 0.07846543001686336 23-002920
4 0.8789999999999907 0.8679999999999986 0.06808458468460175 0.05806070826306925 23-003607
3 0.33262731871839385 0.2579999999999991 0.06168346988519473 0.054536256323777364 23-003919
3 0.4060000000000059 0.29299999999999926 0.1198754226070765 0.1016526138279932 23-002194
1 0.09899999999998954 0.3875295109612157 0.13558724984198453 0.08816188870151766 23-002251
4 0.7609999999999957 0.7609999999999992 0.08379641191950969 0.07846543001686336 23-002920
4 0.8789999999999907 0.8679999999999986 0.06808458468460175 0.05806070826306925 23-003607
3 0.33262731871839385 0.2579999999999991 0.06168346988519473 0.054536256323777364 23-003919
3 0.4060000000000059 0.29299999999999926 0.1198754226070765 0.1016526138279932 23-002194
1 0.09899999999998954 0.3875295109612157 0.13558724984198453 0.08816188870151766 23-002251
4 0.7609999999999957 0.7609999999999992 0.08379641191950969 0.07846543001686336 23-002920
4 0.8789999999999907 0.8679999999999986 0.06808458468460175 0.05806070826306925 23-003607
3 0.33262731871839385 0.2579999999999991 0.06168346988519473 0.054536256323777364 23-003919
3 0.4060000000000059 0.29299999999999926 0.1198754226070765 0.1016526138279932 23-002194
1 0.09899999999998954 0.3875295109612157 0.13558724984198453 0.08816188870151766 23-002251
4 0.7609999999999957 0.7609999999999992 0.08379641191950969 0.07846543001686336 23-002920
4 0.8789999999999907 0.8679999999999986 0.06808458468460175 0.05806070826306925 23-003607
3 0.33262731871839385 0.2579999999999991 0.06168346988519473 0.054536256323777364 23-003919
3 0.4060000000000059 0.29299999999999926 0.1198754226070765 0.1016526138279932 23-002194
1 0.09899999999998954 0.3875295109612157 0.13558724984198453 0.08816188870151766 23-002251
4 0.7609999999999957 0.7609999999999992 0.08379641191950969 0.07846543001686336 23-002920
4 0.8789999999999907 0.8679999999999986 0.06808458468460175 0.05806070826306925 23-003607
3 0.33262731871839385 0.2579999999999991 0.06168346988519473 0.054536256323777364 23-003919
3 0.4060000000000059 0.29299999999999926 0.1198754226070765 0.1016526138279932 23-002194
1 0.09899999999998954 0.3875295109612157 0.13558724984198453 0.08816188870151766 23-002251
4 0.7609999999999957 0.7609999999999992 0.08379641191950969 0.07846543001686336 23-002920
4 0.8789999999999907 0.8679999999999986 0.06808458468460175 0.05806070826306925 23-003607
