3 0.6806273187183786 0.4873726812816206 0.07060623596921656 0.06214165261382803 23-003471
3 0.6006273187183946 0.5996863406408084 0.06789061150886212 0.06177065767284991 23-003540
3 0.3639409780775714 0.7263726812816179 0.07758927029584238 0.06919055649241161 23-003179
4 0.8366273187183846 0.7846863406408107 0.06983034326625805 0.06399662731871845 23-003447
3 0.22399999999998954 0.9459747048903874 0.2199655812887131 0.1188556492411473 23-001142
2 0.6920000000000073 0.9622647554806077 0.11754774449820111 0.08301753794266278 23-002189
3 0.6806273187183786 0.4873726812816206 0.07060623596921656 0.06214165261382803 23-003471
3 0.6006273187183946 0.5996863406408084 0.06789061150886212 0.06177065767284991 23-003540
3 0.3639409780775714 0.7263726812816179 0.07758927029584238 0.06919055649241161 23-003179
4 0.8366273187183846 0.7846863406408107 0.06983034326625805 0.06399662731871845 23-003447
3 0.22399999999998954 0.9459747048903874 0.2199655812887131 0.1188556492411473 23-001142
2 0.6920000000000073 0.9622647554806077 0.11754774449820111 0.08301753794266278 23-002189
3 0.6806273187183786 0.4873726812816206 0.07060623596921656 0.06214165261382803 23-003471
3 0.6006273187183946 0.5996863406408084 0.06789061150886212 0.06177065767284991 23-003540
3 0.3639409780775714 0.7263726812816179 0.07758927029584238 0.06919055649241161 23-003179
4 0.8366273187183846 0.7846863406408107 0.06983034326625805 0.06399662731871845 23-003447
3 0.22399999999998954 0.9459747048903874 0.2199655812887131 0.1188556492411473 23-001142
2 0.6920000000000073 0.9622647554806077 0.11754774449820111 0.08301753794266278 23-002189
3 0.6806273187183786 0.4873726812816206 0.07060623596921656 0.06214165261382803 23-003471
3 0.6006273187183946 0.5996863406408084 0.06789061150886212 0.06177065767284991 23-003540
3 0.3639409780775714 0.7263726812816179 0.07758927029584238 0.06919055649241161 23-003179
4 0.8366273187183846 0.7846863406408107 0.06983034326625805 0.06399662731871845 23-003447
3 0.22399999999998954 0.9459747048903874 0.2199655812887131 0.1188556492411473 23-001142
2 0.6920000000000073 0.9622647554806077 0.11754774449820111 0.08301753794266278 23-002189
3 0.6806273187183786 0.4873726812816206 0.07060623596921656 0.06214165261382803 23-003471
3 0.6006273187183946 0.5996863406408084 0.06789061150886212 0.06177065767284991 23-003540
3 0.3639409780775714 0.7263726812816179 0.07758927029584238 0.06919055649241161 23-003179
4 0.8366273187183846 0.7846863406408107 0.06983034326625805 0.06399662731871845 23-003447
3 0.22399999999998954 0.9459747048903874 0.2199655812887131 0.1188556492411473 23-001142
2 0.6920000000000073 0.9622647554806077 0.11754774449820111 0.08301753794266278 23-002189
3 0.6806273187183786 0.4873726812816206 0.07060623596921656 0.06214165261382803 23-003471
3 0.6006273187183946 0.5996863406408084 0.06789061150886212 0.06177065767284991 23-003540
3 0.3639409780775714 0.7263726812816179 0.07758927029584238 0.06919055649241161 23-003179
4 0.8366273187183846 0.7846863406408107 0.06983034326625805 0.06399662731871845 23-003447
3 0.22399999999998954 0.9459747048903874 0.2199655812887131 0.1188556492411473 23-001142
2 0.6920000000000073 0.9622647554806077 0.11754774449820111 0.08301753794266278 23-002189
