1 0.3536273187183804 0.3000000000000007 0.14979347167563029 0.13485666104553123 23-001730
1 0.033554443003103056 0.3760000000000012 0.07381977460682673 0.1240978077571669 23-001914
3 0.6450000000000102 0.45799999999999835 0.07216612567706164 0.06251264755480615 23-003439
1 0.7460000000000093 0.4869999999999984 0.20421063130779302 0.16861720067453628 23-001280
3 0.42500000000001137 0.5180000000000007 0.07548186658654808 0.0697470489038786 23-003221
1 0.22131365935920375 0.8249999999999993 0.15818034574080236 0.14172006745362567 23-001624
1 0.3536273187183804 0.3000000000000007 0.14979347167563029 0.13485666104553123 23-001730
1 0.033554443003103056 0.3760000000000012 0.07381977460682673 0.1240978077571669 23-001914
3 0.6450000000000102 0.45799999999999835 0.07216612567706164 0.06251264755480615 23-003439
1 0.7460000000000093 0.4869999999999984 0.20421063130779302 0.16861720067453628 23-001280
3 0.42500000000001137 0.5180000000000007 0.07548186658654808 0.0697470489038786 23-003221
1 0.22131365935920375 0.8249999999999993 0.15818034574080236 0.14172006745362567 23-001624
1 0.3536273187183804 0.3000000000000007 0.14979347167563029 0.13485666104553123 23-001730
1 0.033554443003103056 0.3760000000000012 0.07381977460682673 0.1240978077571669 23-001914
3 0.6450000000000102 0.45799999999999835 0.07216612567706164 0.06251264755480615 23-003439
1 0.7460000000000093 0.4869999999999984 0.20421063130779302 0.16861720067453628 23-001280
3 0.42500000000001137 0.5180000000000007 0.07548186658654808 0.0697470489038786 23-003221
1 0.22131365935920375 0.8249999999999993 0.15818034574080236 0.14172006745362567 23-001624
1 0.3536273187183804 0.3000000000000007 0.14979347167563029 0.13485666104553123 23-001730
1 0.033554443003103056 0.3760000000000012 0.07381977460682673 0.1240978077571669 23-001914
3 0.6450000000000102 0.45799999999999835 0.07216612567706164 0.06251264755480615 23-003439
1 0.7460000000000093 0.4869999999999984 0.20421063130779302 0.16861720067453628 23-001280
3 0.42500000000001137 0.5180000000000007 0.07548186658654808 0.0697470489038786 23-003221
1 0.22131365935920375 0.8249999999999993 0.15818034574080236 0.14172006745362567 23-001624
1 0.3536273187183804 0.3000000000000007 0.14979347167563029 0.13485666104553123 23-001730
1 0.033554443003103056 0.3760000000000012 0.07381977460682673 0.1240978077571669 23-001914
3 0.6450000000000102 0.45799999999999835 0.07216612567706164 0.06251264755480615 23-003439
1 0.7460000000000093 0.4869999999999984 0.20421063130779302 0.16861720067453628 23-001280
3 0.42500000000001137 0.5180000000000007 0.07548186658654808 0.0697470489038786 23-003221
1 0.22131365935920375 0.8249999999999993 0.15818034574080236 0.14172006745362567 23-001624
1 0.3536273187183804 0.3000000000000007 0.14979347167563029 0.13485666104553123 23-001730
1 0.033554443003103056 0.3760000000000012 0.07381977460682673 0.1240978077571669 23-001914
3 0.6450000000000102 0.45799999999999835 0.07216612567706164 0.06251264755480615 23-003439
1 0.7460000000000093 0.4869999999999984 0.20421063130779302 0.16861720067453628 23-001280
3 0.42500000000001137 0.5180000000000007 0.07548186658654808 0.0697470489038786 23-003221
1 0.22131365935920375 0.8249999999999993 0.15818034574080236 0.14172006745362567 23-001624
