3 0.9189679452073796 0.0809409780775702 0.16206410958524092 0.1537942664418213 17-000159
3 0.35362731871838043 0.16152951096121307 0.13564394629717946 0.12866779089376057 17-000222
3 0.9189679452073796 0.0809409780775702 0.16206410958524092 0.1537942664418213 17-000159
3 0.35362731871838043 0.16152951096121307 0.13564394629717946 0.12866779089376057 17-000222
3 0.9189679452073796 0.0809409780775702 0.16206410958524092 0.1537942664418213 17-000159
3 0.35362731871838043 0.16152951096121307 0.13564394629717946 0.12866779089376057 17-000222
3 0.9189679452073796 0.0809409780775702 0.16206410958524092 0.1537942664418213 17-000159
3 0.35362731871838043 0.16152951096121307 0.13564394629717946 0.12866779089376057 17-000222
3 0.9189679452073796 0.0809409780775702 0.16206410958524092 0.1537942664418213 17-000159
3 0.35362731871838043 0.16152951096121307 0.13564394629717946 0.12866779089376057 17-000222
