3 0.6944846582840752 0.096610455311973 0.10512849118901646 0.09682967959527827 23-002396
1 0.21000000000000796 0.10699999999999932 0.14023633611299252 0.12836424957841486 23-001826
3 0.06381901319137526 0.7519999999999989 0.1404018290210256 0.1426475548060707 23-001536
3 0.1419999999999959 0.9594089376053966 0.12170719573644968 0.08930033726812724 23-002217
1 0.9449999999999931 0.9609999999999985 0.10142266311370798 0.07086003372681278 23-002795
3 0.6944846582840752 0.096610455311973 0.10512849118901646 0.09682967959527827 23-002396
1 0.21000000000000796 0.10699999999999932 0.14023633611299252 0.12836424957841486 23-001826
3 0.06381901319137526 0.7519999999999989 0.1404018290210256 0.1426475548060707 23-001536
3 0.1419999999999959 0.9594089376053966 0.12170719573644968 0.08930033726812724 23-002217
1 0.9449999999999931 0.9609999999999985 0.10142266311370798 0.07086003372681278 23-002795
3 0.6944846582840752 0.096610455311973 0.10512849118901646 0.09682967959527827 23-002396
1 0.21000000000000796 0.10699999999999932 0.14023633611299252 0.12836424957841486 23-001826
3 0.06381901319137526 0.7519999999999989 0.1404018290210256 0.1426475548060707 23-001536
3 0.1419999999999959 0.9594089376053966 0.12170719573644968 0.08930033726812724 23-002217
1 0.9449999999999931 0.9609999999999985 0.10142266311370798 0.07086003372681278 23-002795
3 0.6944846582840752 0.096610455311973 0.10512849118901646 0.09682967959527827 23-002396
1 0.21000000000000796 0.10699999999999932 0.14023633611299252 0.12836424957841486 23-001826
3 0.06381901319137526 0.7519999999999989 0.1404018290210256 0.1426475548060707 23-001536
3 0.1419999999999959 0.9594089376053966 0.12170719573644968 0.08930033726812724 23-002217
1 0.9449999999999931 0.9609999999999985 0.10142266311370798 0.07086003372681278 23-002795
3 0.6944846582840752 0.096610455311973 0.10512849118901646 0.09682967959527827 23-002396
1 0.21000000000000796 0.10699999999999932 0.14023633611299252 0.12836424957841486 23-001826
3 0.06381901319137526 0.7519999999999989 0.1404018290210256 0.1426475548060707 23-001536
3 0.1419999999999959 0.9594089376053966 0.12170719573644968 0.08930033726812724 23-002217
1 0.9449999999999931 0.9609999999999985 0.10142266311370798 0.07086003372681278 23-002795
