3 0.5096273187183864 0.10768634064081109 0.06416933877771144 0.05861720067453627 23-003739
3 0.4853136593591853 0.30505902192242906 0.07470169225490422 0.06418212478920743 23-003351
3 0.9492546374367511 0.37674536256323876 0.08172326123969928 0.07512647554806073 23-003031
1 0.9594703390823418 0.5650000000000013 0.0891652540188481 0.11946037099494083 23-001921
1 0.21031365935917964 0.6334907251264765 0.1659820890572415 0.14988195615514333 23-001521
3 0.8662546374367528 0.89168634064081 0.0655346438580884 0.05898819561551427 23-003680
1 0.2909999999999968 0.8960000000000007 0.2484855246285848 0.20664418212478944 23-001028
3 0.5096273187183864 0.10768634064081109 0.06416933877771144 0.05861720067453627 23-003739
3 0.4853136593591853 0.30505902192242906 0.07470169225490422 0.06418212478920743 23-003351
3 0.9492546374367511 0.37674536256323876 0.08172326123969928 0.07512647554806073 23-003031
1 0.9594703390823418 0.5650000000000013 0.0891652540188481 0.11946037099494083 23-001921
1 0.21031365935917964 0.6334907251264765 0.1659820890572415 0.14988195615514333 23-001521
3 0.8662546374367528 0.89168634064081 0.0655346438580884 0.05898819561551427 23-003680
1 0.2909999999999968 0.8960000000000007 0.2484855246285848 0.20664418212478944 23-001028
3 0.5096273187183864 0.10768634064081109 0.06416933877771144 0.05861720067453627 23-003739
3 0.4853136593591853 0.30505902192242906 0.07470169225490422 0.06418212478920743 23-003351
3 0.9492546374367511 0.37674536256323876 0.08172326123969928 0.07512647554806073 23-003031
1 0.9594703390823418 0.5650000000000013 0.0891652540188481 0.11946037099494083 23-001921
1 0.21031365935917964 0.6334907251264765 0.1659820890572415 0.14988195615514333 23-001521
3 0.8662546374367528 0.89168634064081 0.0655346438580884 0.05898819561551427 23-003680
1 0.2909999999999968 0.8960000000000007 0.2484855246285848 0.20664418212478944 23-001028
3 0.5096273187183864 0.10768634064081109 0.06416933877771144 0.05861720067453627 23-003739
3 0.4853136593591853 0.30505902192242906 0.07470169225490422 0.06418212478920743 23-003351
3 0.9492546374367511 0.37674536256323876 0.08172326123969928 0.07512647554806073 23-003031
1 0.9594703390823418 0.5650000000000013 0.0891652540188481 0.11946037099494083 23-001921
1 0.21031365935917964 0.6334907251264765 0.1659820890572415 0.14988195615514333 23-001521
3 0.8662546374367528 0.89168634064081 0.0655346438580884 0.05898819561551427 23-003680
1 0.2909999999999968 0.8960000000000007 0.2484855246285848 0.20664418212478944 23-001028
3 0.5096273187183864 0.10768634064081109 0.06416933877771144 0.05861720067453627 23-003739
3 0.4853136593591853 0.30505902192242906 0.07470169225490422 0.06418212478920743 23-003351
3 0.9492546374367511 0.37674536256323876 0.08172326123969928 0.07512647554806073 23-003031
1 0.9594703390823418 0.5650000000000013 0.0891652540188481 0.11946037099494083 23-001921
1 0.21031365935917964 0.6334907251264765 0.1659820890572415 0.14988195615514333 23-001521
3 0.8662546374367528 0.89168634064081 0.0655346438580884 0.05898819561551427 23-003680
1 0.2909999999999968 0.8960000000000007 0.2484855246285848 0.20664418212478944 23-001028
3 0.5096273187183864 0.10768634064081109 0.06416933877771144 0.05861720067453627 23-003739
3 0.4853136593591853 0.30505902192242906 0.07470169225490422 0.06418212478920743 23-003351
3 0.9492546374367511 0.37674536256323876 0.08172326123969928 0.07512647554806073 23-003031
1 0.9594703390823418 0.5650000000000013 0.0891652540188481 0.11946037099494083 23-001921
1 0.21031365935917964 0.6334907251264765 0.1659820890572415 0.14988195615514333 23-001521
3 0.8662546374367528 0.89168634064081 0.0655346438580884 0.05898819561551427 23-003680
1 0.2909999999999968 0.8960000000000007 0.2484855246285848 0.20664418212478944 23-001028
3 0.5096273187183864 0.10768634064081109 0.06416933877771144 0.05861720067453627 23-003739
3 0.4853136593591853 0.30505902192242906 0.07470169225490422 0.06418212478920743 23-003351
3 0.9492546374367511 0.37674536256323876 0.08172326123969928 0.07512647554806073 23-003031
1 0.9594703390823418 0.5650000000000013 0.0891652540188481 0.11946037099494083 23-001921
1 0.21031365935917964 0.6334907251264765 0.1659820890572415 0.14988195615514333 23-001521
3 0.8662546374367528 0.89168634064081 0.0655346438580884 0.05898819561551427 23-003680
1 0.2909999999999968 0.8960000000000007 0.2484855246285848 0.20664418212478944 23-001028
