1 0.8261137661899131 0.11926644182124788 0.2432193478899883 0.22352445193929177 23-001000
3 0.9533136593592031 0.4009999999999998 0.06533960027517735 0.05787521079258009 23-003723
3 0.335000000000008 0.7689999999999984 0.33684026768725744 0.28325463743676216 23-000714
1 0.8700000000000045 0.9009999999999998 0.18685175242871593 0.16472175379426654 23-001354
1 0.8261137661899131 0.11926644182124788 0.2432193478899883 0.22352445193929177 23-001000
3 0.9533136593592031 0.4009999999999998 0.06533960027517735 0.05787521079258009 23-003723
3 0.335000000000008 0.7689999999999984 0.33684026768725744 0.28325463743676216 23-000714
1 0.8700000000000045 0.9009999999999998 0.18685175242871593 0.16472175379426654 23-001354
1 0.8261137661899131 0.11926644182124788 0.2432193478899883 0.22352445193929177 23-001000
3 0.9533136593592031 0.4009999999999998 0.06533960027517735 0.05787521079258009 23-003723
3 0.335000000000008 0.7689999999999984 0.33684026768725744 0.28325463743676216 23-000714
1 0.8700000000000045 0.9009999999999998 0.18685175242871593 0.16472175379426654 23-001354
1 0.8261137661899131 0.11926644182124788 0.2432193478899883 0.22352445193929177 23-001000
3 0.9533136593592031 0.4009999999999998 0.06533960027517735 0.05787521079258009 23-003723
3 0.335000000000008 0.7689999999999984 0.33684026768725744 0.28325463743676216 23-000714
1 0.8700000000000045 0.9009999999999998 0.18685175242871593 0.16472175379426654 23-001354
1 0.8261137661899131 0.11926644182124788 0.2432193478899883 0.22352445193929177 23-001000
3 0.9533136593592031 0.4009999999999998 0.06533960027517735 0.05787521079258009 23-003723
3 0.335000000000008 0.7689999999999984 0.33684026768725744 0.28325463743676216 23-000714
1 0.8700000000000045 0.9009999999999998 0.18685175242871593 0.16472175379426654 23-001354
1 0.8261137661899131 0.11926644182124788 0.2432193478899883 0.22352445193929177 23-001000
3 0.9533136593592031 0.4009999999999998 0.06533960027517735 0.05787521079258009 23-003723
3 0.335000000000008 0.7689999999999984 0.33684026768725744 0.28325463743676216 23-000714
1 0.8700000000000045 0.9009999999999998 0.18685175242871593 0.16472175379426654 23-001354
1 0.8261137661899131 0.11926644182124788 0.2432193478899883 0.22352445193929177 23-001000
3 0.9533136593592031 0.4009999999999998 0.06533960027517735 0.05787521079258009 23-003723
3 0.335000000000008 0.7689999999999984 0.33684026768725744 0.28325463743676216 23-000714
1 0.8700000000000045 0.9009999999999998 0.18685175242871593 0.16472175379426654 23-001354
