3 0.04856491517082431 0.04899999999999949 0.10684281337581349 0.09386172006745365 23-002392
4 0.7059999999999889 0.21000000000000085 0.0739215179232604 0.0649241146711636 23-003367
1 0.5080000000000098 0.5620000000000012 0.31987147597400223 0.2901180438448566 23-000727
1 0.32499999999998863 0.869655143338954 0.32845339362208537 0.2867586846543014 23-000694
3 0.04856491517082431 0.04899999999999949 0.10684281337581349 0.09386172006745365 23-002392
4 0.7059999999999889 0.21000000000000085 0.0739215179232604 0.0649241146711636 23-003367
1 0.5080000000000098 0.5620000000000012 0.31987147597400223 0.2901180438448566 23-000727
1 0.32499999999998863 0.869655143338954 0.32845339362208537 0.2867586846543014 23-000694
3 0.04856491517082431 0.04899999999999949 0.10684281337581349 0.09386172006745365 23-002392
4 0.7059999999999889 0.21000000000000085 0.0739215179232604 0.0649241146711636 23-003367
1 0.5080000000000098 0.5620000000000012 0.31987147597400223 0.2901180438448566 23-000727
1 0.32499999999998863 0.869655143338954 0.32845339362208537 0.2867586846543014 23-000694
3 0.04856491517082431 0.04899999999999949 0.10684281337581349 0.09386172006745365 23-002392
4 0.7059999999999889 0.21000000000000085 0.0739215179232604 0.0649241146711636 23-003367
1 0.5080000000000098 0.5620000000000012 0.31987147597400223 0.2901180438448566 23-000727
1 0.32499999999998863 0.869655143338954 0.32845339362208537 0.2867586846543014 23-000694
3 0.04856491517082431 0.04899999999999949 0.10684281337581349 0.09386172006745365 23-002392
4 0.7059999999999889 0.21000000000000085 0.0739215179232604 0.0649241146711636 23-003367
1 0.5080000000000098 0.5620000000000012 0.31987147597400223 0.2901180438448566 23-000727
1 0.32499999999998863 0.869655143338954 0.32845339362208537 0.2867586846543014 23-000694
3 0.04856491517082431 0.04899999999999949 0.10684281337581349 0.09386172006745365 23-002392
4 0.7059999999999889 0.21000000000000085 0.0739215179232604 0.0649241146711636 23-003367
1 0.5080000000000098 0.5620000000000012 0.31987147597400223 0.2901180438448566 23-000727
1 0.32499999999998863 0.869655143338954 0.32845339362208537 0.2867586846543014 23-000694
3 0.04856491517082431 0.04899999999999949 0.10684281337581349 0.09386172006745365 23-002392
4 0.7059999999999889 0.21000000000000085 0.0739215179232604 0.0649241146711636 23-003367
1 0.5080000000000098 0.5620000000000012 0.31987147597400223 0.2901180438448566 23-000727
1 0.32499999999998863 0.869655143338954 0.32845339362208537 0.2867586846543014 23-000694
