1 0.4759999999999991 0.4789999999999992 0.27466034553583024 0.24170320404721757 23-000894
3 0.12331365935919056 0.6773726812816183 0.07415829329467413 0.06807757166947724 23-003300
3 0.1983136593591792 0.7227453625632388 0.07003838811163668 0.06158516020236084 23-003506
1 0.4759999999999991 0.4789999999999992 0.27466034553583024 0.24170320404721757 23-000894
3 0.12331365935919056 0.6773726812816183 0.07415829329467413 0.06807757166947724 23-003300
3 0.1983136593591792 0.7227453625632388 0.07003838811163668 0.06158516020236084 23-003506
1 0.4759999999999991 0.4789999999999992 0.27466034553583024 0.24170320404721757 23-000894
3 0.12331365935919056 0.6773726812816183 0.07415829329467413 0.06807757166947724 23-003300
3 0.1983136593591792 0.7227453625632388 0.07003838811163668 0.06158516020236084 23-003506
1 0.4759999999999991 0.4789999999999992 0.27466034553583024 0.24170320404721757 23-000894
3 0.12331365935919056 0.6773726812816183 0.07415829329467413 0.06807757166947724 23-003300
3 0.1983136593591792 0.7227453625632388 0.07003838811163668 0.06158516020236084 23-003506
1 0.4759999999999991 0.4789999999999992 0.27466034553583024 0.24170320404721757 23-000894
3 0.12331365935919056 0.6773726812816183 0.07415829329467413 0.06807757166947724 23-003300
3 0.1983136593591792 0.7227453625632388 0.07003838811163668 0.06158516020236084 23-003506
1 0.4759999999999991 0.4789999999999992 0.27466034553583024 0.24170320404721757 23-000894
3 0.12331365935919056 0.6773726812816183 0.07415829329467413 0.06807757166947724 23-003300
3 0.1983136593591792 0.7227453625632388 0.07003838811163668 0.06158516020236084 23-003506
