3 0.5730978077571605 0.08584317032040557 0.06302305588291202 0.05851602023608769 17-000737
4 0.2631568296795911 0.48384317032040525 0.09118650861224538 0.08060708263069133 17-000453
3 0.5730978077571605 0.08584317032040557 0.06302305588291202 0.05851602023608769 17-000737
4 0.2631568296795911 0.48384317032040525 0.09118650861224538 0.08060708263069133 17-000453
3 0.5730978077571605 0.08584317032040557 0.06302305588291202 0.05851602023608769 17-000737
4 0.2631568296795911 0.48384317032040525 0.09118650861224538 0.08060708263069133 17-000453
3 0.5730978077571605 0.08584317032040557 0.06302305588291202 0.05851602023608769 17-000737
4 0.2631568296795911 0.48384317032040525 0.09118650861224538 0.08060708263069133 17-000453
3 0.5730978077571605 0.08584317032040557 0.06302305588291202 0.05851602023608769 17-000737
4 0.2631568296795911 0.48384317032040525 0.09118650861224538 0.08060708263069133 17-000453
