4 0.696156829679598 0.44215682967959663 0.07119522543594628 0.06374367622259694 17-000702
3 0.2494704890387812 0.6219021922428327 0.11562057831251078 0.10792580101180438 17-000320
4 0.696156829679598 0.44215682967959663 0.07119522543594628 0.06374367622259694 17-000702
3 0.2494704890387812 0.6219021922428327 0.11562057831251078 0.10792580101180438 17-000320
4 0.696156829679598 0.44215682967959663 0.07119522543594628 0.06374367622259694 17-000702
3 0.2494704890387812 0.6219021922428327 0.11562057831251078 0.10792580101180438 17-000320
4 0.696156829679598 0.44215682967959663 0.07119522543594628 0.06374367622259694 17-000702
3 0.2494704890387812 0.6219021922428327 0.11562057831251078 0.10792580101180438 17-000320
4 0.696156829679598 0.44215682967959663 0.07119522543594628 0.06374367622259694 17-000702
3 0.2494704890387812 0.6219021922428327 0.11562057831251078 0.10792580101180438 17-000320
