4 0.506627318718372 0.2283726812816203 0.12183148184125032 0.10443507588532885 23-002160
2 0.1307228405548825 0.5429999999999993 0.2875902492207415 0.2828836424957842 23-000696
3 0.407999999999987 0.6630000000000003 0.06258332158994988 0.05620573355817882 23-003854
4 0.506627318718372 0.2283726812816203 0.12183148184125032 0.10443507588532885 23-002160
2 0.1307228405548825 0.5429999999999993 0.2875902492207415 0.2828836424957842 23-000696
3 0.407999999999987 0.6630000000000003 0.06258332158994988 0.05620573355817882 23-003854
4 0.506627318718372 0.2283726812816203 0.12183148184125032 0.10443507588532885 23-002160
2 0.1307228405548825 0.5429999999999993 0.2875902492207415 0.2828836424957842 23-000696
3 0.407999999999987 0.6630000000000003 0.06258332158994988 0.05620573355817882 23-003854
4 0.506627318718372 0.2283726812816203 0.12183148184125032 0.10443507588532885 23-002160
2 0.1307228405548825 0.5429999999999993 0.2875902492207415 0.2828836424957842 23-000696
3 0.407999999999987 0.6630000000000003 0.06258332158994988 0.05620573355817882 23-003854
4 0.506627318718372 0.2283726812816203 0.12183148184125032 0.10443507588532885 23-002160
2 0.1307228405548825 0.5429999999999993 0.2875902492207415 0.2828836424957842 23-000696
3 0.407999999999987 0.6630000000000003 0.06258332158994988 0.05620573355817882 23-003854
4 0.506627318718372 0.2283726812816203 0.12183148184125032 0.10443507588532885 23-002160
2 0.1307228405548825 0.5429999999999993 0.2875902492207415 0.2828836424957842 23-000696
3 0.407999999999987 0.6630000000000003 0.06258332158994988 0.05620573355817882 23-003854
