3 0.6132848927092455 0.11323397976391279 0.36196309822400485 0.22646795952782559 23-000833
3 0.2761956155143448 0.1333726812816179 0.07631633886674136 0.06826306913996626 23-003246
2 0.06045422706953735 0.3550000000000005 0.13299929955298218 0.16397976391231034 23-001252
2 0.25956829679595345 0.41131365935919084 0.0939730753654733 0.08069139966273191 23-002740
3 0.6132848927092455 0.11323397976391279 0.36196309822400485 0.22646795952782559 23-000833
3 0.2761956155143448 0.1333726812816179 0.07631633886674136 0.06826306913996626 23-003246
2 0.06045422706953735 0.3550000000000005 0.13299929955298218 0.16397976391231034 23-001252
2 0.25956829679595345 0.41131365935919084 0.0939730753654733 0.08069139966273191 23-002740
3 0.6132848927092455 0.11323397976391279 0.36196309822400485 0.22646795952782559 23-000833
3 0.2761956155143448 0.1333726812816179 0.07631633886674136 0.06826306913996626 23-003246
2 0.06045422706953735 0.3550000000000005 0.13299929955298218 0.16397976391231034 23-001252
2 0.25956829679595345 0.41131365935919084 0.0939730753654733 0.08069139966273191 23-002740
3 0.6132848927092455 0.11323397976391279 0.36196309822400485 0.22646795952782559 23-000833
3 0.2761956155143448 0.1333726812816179 0.07631633886674136 0.06826306913996626 23-003246
2 0.06045422706953735 0.3550000000000005 0.13299929955298218 0.16397976391231034 23-001252
2 0.25956829679595345 0.41131365935919084 0.0939730753654733 0.08069139966273191 23-002740
