2 0.6129999999999997 0.5360000000000014 0.7386401435302861 0.6798482293423275 23-000184
2 0.26400000000001 0.5549999999999997 0.10240907169264524 0.0907082630691401 23-002506
4 0.49462731871837157 0.5976863406408095 0.0706269459949277 0.05880269814502549 23-003567
1 0.13871975278702428 0.8588735244519385 0.30518345613145337 0.31047824620573533 23-000616
2 0.6129999999999997 0.5360000000000014 0.7386401435302861 0.6798482293423275 23-000184
2 0.26400000000001 0.5549999999999997 0.10240907169264524 0.0907082630691401 23-002506
4 0.49462731871837157 0.5976863406408095 0.0706269459949277 0.05880269814502549 23-003567
1 0.13871975278702428 0.8588735244519385 0.30518345613145337 0.31047824620573533 23-000616
2 0.6129999999999997 0.5360000000000014 0.7386401435302861 0.6798482293423275 23-000184
2 0.26400000000001 0.5549999999999997 0.10240907169264524 0.0907082630691401 23-002506
4 0.49462731871837157 0.5976863406408095 0.0706269459949277 0.05880269814502549 23-003567
1 0.13871975278702428 0.8588735244519385 0.30518345613145337 0.31047824620573533 23-000616
2 0.6129999999999997 0.5360000000000014 0.7386401435302861 0.6798482293423275 23-000184
2 0.26400000000001 0.5549999999999997 0.10240907169264524 0.0907082630691401 23-002506
4 0.49462731871837157 0.5976863406408095 0.0706269459949277 0.05880269814502549 23-003567
1 0.13871975278702428 0.8588735244519385 0.30518345613145337 0.31047824620573533 23-000616
