3 0.6040433357733818 0.17449409780775715 0.07690489675003241 0.06585160202360879 23-003298
1 0.28499999999999664 0.6230000000000011 0.518715681140525 0.4724620573355817 23-000360
1 0.9371991498676464 0.8019999999999996 0.1381618702911779 0.14524451939291727 23-001554
3 0.6040433357733818 0.17449409780775715 0.07690489675003241 0.06585160202360879 23-003298
1 0.28499999999999664 0.6230000000000011 0.518715681140525 0.4724620573355817 23-000360
1 0.9371991498676464 0.8019999999999996 0.1381618702911779 0.14524451939291727 23-001554
3 0.6040433357733818 0.17449409780775715 0.07690489675003241 0.06585160202360879 23-003298
1 0.28499999999999664 0.6230000000000011 0.518715681140525 0.4724620573355817 23-000360
1 0.9371991498676464 0.8019999999999996 0.1381618702911779 0.14524451939291727 23-001554
3 0.6040433357733818 0.17449409780775715 0.07690489675003241 0.06585160202360879 23-003298
1 0.28499999999999664 0.6230000000000011 0.518715681140525 0.4724620573355817 23-000360
1 0.9371991498676464 0.8019999999999996 0.1381618702911779 0.14524451939291727 23-001554
3 0.6040433357733818 0.17449409780775715 0.07690489675003241 0.06585160202360879 23-003298
1 0.28499999999999664 0.6230000000000011 0.518715681140525 0.4724620573355817 23-000360
1 0.9371991498676464 0.8019999999999996 0.1381618702911779 0.14524451939291727 23-001554
3 0.6040433357733818 0.17449409780775715 0.07690489675003241 0.06585160202360879 23-003298
1 0.28499999999999664 0.6230000000000011 0.518715681140525 0.4724620573355817 23-000360
1 0.9371991498676464 0.8019999999999996 0.1381618702911779 0.14524451939291727 23-001554
