3 0.4316273187183834 0.11937268128161854 0.07867057039990567 0.06752107925801011 23-003220
3 0.21331365935919397 0.6110000000000007 0.3301809725262872 0.30384485666104566 23-000693
3 0.8760000000000048 0.7800000000000011 0.14243100775643763 0.12836424957841486 23-001813
1 0.1055694636176954 0.9012554806070818 0.23225281995892988 0.21723794266442 23-000814
1 0.8290000000000078 0.9059999999999987 0.13674161488462405 0.10387858347386157 23-002032
1 0.45699999999999363 0.926847386172006 0.3239030217711826 0.16093575042158703 23-000716
3 0.4316273187183834 0.11937268128161854 0.07867057039990567 0.06752107925801011 23-003220
3 0.21331365935919397 0.6110000000000007 0.3301809725262872 0.30384485666104566 23-000693
3 0.8760000000000048 0.7800000000000011 0.14243100775643763 0.12836424957841486 23-001813
1 0.1055694636176954 0.9012554806070818 0.23225281995892988 0.21723794266442 23-000814
1 0.8290000000000078 0.9059999999999987 0.13674161488462405 0.10387858347386157 23-002032
1 0.45699999999999363 0.926847386172006 0.3239030217711826 0.16093575042158703 23-000716
3 0.4316273187183834 0.11937268128161854 0.07867057039990567 0.06752107925801011 23-003220
3 0.21331365935919397 0.6110000000000007 0.3301809725262872 0.30384485666104566 23-000693
3 0.8760000000000048 0.7800000000000011 0.14243100775643763 0.12836424957841486 23-001813
1 0.1055694636176954 0.9012554806070818 0.23225281995892988 0.21723794266442 23-000814
1 0.8290000000000078 0.9059999999999987 0.13674161488462405 0.10387858347386157 23-002032
1 0.45699999999999363 0.926847386172006 0.3239030217711826 0.16093575042158703 23-000716
3 0.4316273187183834 0.11937268128161854 0.07867057039990567 0.06752107925801011 23-003220
3 0.21331365935919397 0.6110000000000007 0.3301809725262872 0.30384485666104566 23-000693
3 0.8760000000000048 0.7800000000000011 0.14243100775643763 0.12836424957841486 23-001813
1 0.1055694636176954 0.9012554806070818 0.23225281995892988 0.21723794266442 23-000814
1 0.8290000000000078 0.9059999999999987 0.13674161488462405 0.10387858347386157 23-002032
1 0.45699999999999363 0.926847386172006 0.3239030217711826 0.16093575042158703 23-000716
3 0.4316273187183834 0.11937268128161854 0.07867057039990567 0.06752107925801011 23-003220
3 0.21331365935919397 0.6110000000000007 0.3301809725262872 0.30384485666104566 23-000693
3 0.8760000000000048 0.7800000000000011 0.14243100775643763 0.12836424957841486 23-001813
1 0.1055694636176954 0.9012554806070818 0.23225281995892988 0.21723794266442 23-000814
1 0.8290000000000078 0.9059999999999987 0.13674161488462405 0.10387858347386157 23-002032
1 0.45699999999999363 0.926847386172006 0.3239030217711826 0.16093575042158703 23-000716
3 0.4316273187183834 0.11937268128161854 0.07867057039990567 0.06752107925801011 23-003220
3 0.21331365935919397 0.6110000000000007 0.3301809725262872 0.30384485666104566 23-000693
3 0.8760000000000048 0.7800000000000011 0.14243100775643763 0.12836424957841486 23-001813
1 0.1055694636176954 0.9012554806070818 0.23225281995892988 0.21723794266442 23-000814
1 0.8290000000000078 0.9059999999999987 0.13674161488462405 0.10387858347386157 23-002032
1 0.45699999999999363 0.926847386172006 0.3239030217711826 0.16093575042158703 23-000716
