3 0.6040000000000134 0.05300000000000082 0.12242003972454148 0.11018549747048904 23-002114
2 0.8969999999999912 0.4840000000000017 0.21031135029600695 0.18252951096121423 23-001209
2 0.3201956155143275 0.7277453625632379 0.12732468875196698 0.11408094435075901 23-002037
2 0.7403136593591807 0.9370590219224268 0.07631633886674145 0.06344013490725108 23-003348
3 0.6040000000000134 0.05300000000000082 0.12242003972454148 0.11018549747048904 23-002114
2 0.8969999999999912 0.4840000000000017 0.21031135029600695 0.18252951096121423 23-001209
2 0.3201956155143275 0.7277453625632379 0.12732468875196698 0.11408094435075901 23-002037
2 0.7403136593591807 0.9370590219224268 0.07631633886674145 0.06344013490725108 23-003348
3 0.6040000000000134 0.05300000000000082 0.12242003972454148 0.11018549747048904 23-002114
2 0.8969999999999912 0.4840000000000017 0.21031135029600695 0.18252951096121423 23-001209
2 0.3201956155143275 0.7277453625632379 0.12732468875196698 0.11408094435075901 23-002037
2 0.7403136593591807 0.9370590219224268 0.07631633886674145 0.06344013490725108 23-003348
3 0.6040000000000134 0.05300000000000082 0.12242003972454148 0.11018549747048904 23-002114
2 0.8969999999999912 0.4840000000000017 0.21031135029600695 0.18252951096121423 23-001209
2 0.3201956155143275 0.7277453625632379 0.12732468875196698 0.11408094435075901 23-002037
2 0.7403136593591807 0.9370590219224268 0.07631633886674145 0.06344013490725108 23-003348
3 0.6040000000000134 0.05300000000000082 0.12242003972454148 0.11018549747048904 23-002114
2 0.8969999999999912 0.4840000000000017 0.21031135029600695 0.18252951096121423 23-001209
2 0.3201956155143275 0.7277453625632379 0.12732468875196698 0.11408094435075901 23-002037
2 0.7403136593591807 0.9370590219224268 0.07631633886674145 0.06344013490725108 23-003348
3 0.6040000000000134 0.05300000000000082 0.12242003972454148 0.11018549747048904 23-002114
2 0.8969999999999912 0.4840000000000017 0.21031135029600695 0.18252951096121423 23-001209
2 0.3201956155143275 0.7277453625632379 0.12732468875196698 0.11408094435075901 23-002037
2 0.7403136593591807 0.9370590219224268 0.07631633886674145 0.06344013490725108 23-003348
3 0.6040000000000134 0.05300000000000082 0.12242003972454148 0.11018549747048904 23-002114
2 0.8969999999999912 0.4840000000000017 0.21031135029600695 0.18252951096121423 23-001209
2 0.3201956155143275 0.7277453625632379 0.12732468875196698 0.11408094435075901 23-002037
2 0.7403136593591807 0.9370590219224268 0.07631633886674145 0.06344013490725108 23-003348
