3 0.038251128724038824 0.40915682967959516 0.07650225744807765 0.0932546374367623 17-000408
3 0.801156829679602 0.44062731871838107 0.06577550505464608 0.06273187183811132 17-000755
3 0.1299409780775768 0.5451568296795953 0.1278430643398863 0.12377740303541311 17-000241
3 0.038251128724038824 0.40915682967959516 0.07650225744807765 0.0932546374367623 17-000408
3 0.801156829679602 0.44062731871838107 0.06577550505464608 0.06273187183811132 17-000755
3 0.1299409780775768 0.5451568296795953 0.1278430643398863 0.12377740303541311 17-000241
3 0.038251128724038824 0.40915682967959516 0.07650225744807765 0.0932546374367623 17-000408
3 0.801156829679602 0.44062731871838107 0.06577550505464608 0.06273187183811132 17-000755
3 0.1299409780775768 0.5451568296795953 0.1278430643398863 0.12377740303541311 17-000241
3 0.038251128724038824 0.40915682967959516 0.07650225744807765 0.0932546374367623 17-000408
3 0.801156829679602 0.44062731871838107 0.06577550505464608 0.06273187183811132 17-000755
3 0.1299409780775768 0.5451568296795953 0.1278430643398863 0.12377740303541311 17-000241
3 0.038251128724038824 0.40915682967959516 0.07650225744807765 0.0932546374367623 17-000408
3 0.801156829679602 0.44062731871838107 0.06577550505464608 0.06273187183811132 17-000755
3 0.1299409780775768 0.5451568296795953 0.1278430643398863 0.12377740303541311 17-000241
3 0.038251128724038824 0.40915682967959516 0.07650225744807765 0.0932546374367623 17-000408
3 0.801156829679602 0.44062731871838107 0.06577550505464608 0.06273187183811132 17-000755
3 0.1299409780775768 0.5451568296795953 0.1278430643398863 0.12377740303541311 17-000241
