3 0.7779999999999916 0.04542833052276562 0.10686281872658004 0.10011096121416531 23-002257
3 0.3480000000000132 0.754 0.2653017895468916 0.24838111298482307 23-000874
3 0.1189409780775669 0.8559409780775716 0.07550897087103838 0.06919055649241151 23-003170
3 0.7779999999999916 0.04542833052276562 0.10686281872658004 0.10011096121416531 23-002257
3 0.3480000000000132 0.754 0.2653017895468916 0.24838111298482307 23-000874
3 0.1189409780775669 0.8559409780775716 0.07550897087103838 0.06919055649241151 23-003170
3 0.7779999999999916 0.04542833052276562 0.10686281872658004 0.10011096121416531 23-002257
3 0.3480000000000132 0.754 0.2653017895468916 0.24838111298482307 23-000874
3 0.1189409780775669 0.8559409780775716 0.07550897087103838 0.06919055649241151 23-003170
3 0.7779999999999916 0.04542833052276562 0.10686281872658004 0.10011096121416531 23-002257
3 0.3480000000000132 0.754 0.2653017895468916 0.24838111298482307 23-000874
3 0.1189409780775669 0.8559409780775716 0.07550897087103838 0.06919055649241151 23-003170
3 0.7779999999999916 0.04542833052276562 0.10686281872658004 0.10011096121416531 23-002257
3 0.3480000000000132 0.754 0.2653017895468916 0.24838111298482307 23-000874
3 0.1189409780775669 0.8559409780775716 0.07550897087103838 0.06919055649241151 23-003170
3 0.7779999999999916 0.04542833052276562 0.10686281872658004 0.10011096121416531 23-002257
3 0.3480000000000132 0.754 0.2653017895468916 0.24838111298482307 23-000874
3 0.1189409780775669 0.8559409780775716 0.07550897087103838 0.06919055649241151 23-003170
