2 0.2820000000000107 0.643 0.10426545854919793 0.09738617200674556 23-002339
4 0.32099999999999795 0.9813836424957841 0.08571288585361105 0.04095598650927459 23-002882
2 0.2820000000000107 0.643 0.10426545854919793 0.09738617200674556 23-002339
4 0.32099999999999795 0.9813836424957841 0.08571288585361105 0.04095598650927459 23-002882
2 0.2820000000000107 0.643 0.10426545854919793 0.09738617200674556 23-002339
4 0.32099999999999795 0.9813836424957841 0.08571288585361105 0.04095598650927459 23-002882
2 0.2820000000000107 0.643 0.10426545854919793 0.09738617200674556 23-002339
4 0.32099999999999795 0.9813836424957841 0.08571288585361105 0.04095598650927459 23-002882
2 0.2820000000000107 0.643 0.10426545854919793 0.09738617200674556 23-002339
4 0.32099999999999795 0.9813836424957841 0.08571288585361105 0.04095598650927459 23-002882
