2 0.10994097807758077 0.19700000000000006 0.07996158831797917 0.07382799325463744 23-003010
1 0.02390845026634922 0.22199999999999998 0.052598590585968295 0.05657672849915685 23-003855
2 0.10994097807758077 0.19700000000000006 0.07996158831797917 0.07382799325463744 23-003010
1 0.02390845026634922 0.22199999999999998 0.052598590585968295 0.05657672849915685 23-003855
2 0.10994097807758077 0.19700000000000006 0.07996158831797917 0.07382799325463744 23-003010
1 0.02390845026634922 0.22199999999999998 0.052598590585968295 0.05657672849915685 23-003855
2 0.10994097807758077 0.19700000000000006 0.07996158831797917 0.07382799325463744 23-003010
1 0.02390845026634922 0.22199999999999998 0.052598590585968295 0.05657672849915685 23-003855
2 0.10994097807758077 0.19700000000000006 0.07996158831797917 0.07382799325463744 23-003010
1 0.02390845026634922 0.22199999999999998 0.052598590585968295 0.05657672849915685 23-003855
