3 0.918213775782341 0.28500000000000014 0.17992969327885 0.19644182124789208 23-001147
1 0.0519999999999925 0.3666273187183821 0.09712192419291124 0.08440134907251266 23-002729
3 0.45400000000000773 0.41799999999999926 0.2893917497292844 0.253018549747049 23-000847
3 0.46399999999999864 0.8680160202360876 0.33617609126123543 0.2903647554806072 23-000704
3 0.918213775782341 0.28500000000000014 0.17992969327885 0.19644182124789208 23-001147
1 0.0519999999999925 0.3666273187183821 0.09712192419291124 0.08440134907251266 23-002729
3 0.45400000000000773 0.41799999999999926 0.2893917497292844 0.253018549747049 23-000847
3 0.46399999999999864 0.8680160202360876 0.33617609126123543 0.2903647554806072 23-000704
3 0.918213775782341 0.28500000000000014 0.17992969327885 0.19644182124789208 23-001147
1 0.0519999999999925 0.3666273187183821 0.09712192419291124 0.08440134907251266 23-002729
3 0.45400000000000773 0.41799999999999926 0.2893917497292844 0.253018549747049 23-000847
3 0.46399999999999864 0.8680160202360876 0.33617609126123543 0.2903647554806072 23-000704
3 0.918213775782341 0.28500000000000014 0.17992969327885 0.19644182124789208 23-001147
1 0.0519999999999925 0.3666273187183821 0.09712192419291124 0.08440134907251266 23-002729
3 0.45400000000000773 0.41799999999999926 0.2893917497292844 0.253018549747049 23-000847
3 0.46399999999999864 0.8680160202360876 0.33617609126123543 0.2903647554806072 23-000704
3 0.918213775782341 0.28500000000000014 0.17992969327885 0.19644182124789208 23-001147
1 0.0519999999999925 0.3666273187183821 0.09712192419291124 0.08440134907251266 23-002729
3 0.45400000000000773 0.41799999999999926 0.2893917497292844 0.253018549747049 23-000847
3 0.46399999999999864 0.8680160202360876 0.33617609126123543 0.2903647554806072 23-000704
3 0.918213775782341 0.28500000000000014 0.17992969327885 0.19644182124789208 23-001147
1 0.0519999999999925 0.3666273187183821 0.09712192419291124 0.08440134907251266 23-002729
3 0.45400000000000773 0.41799999999999926 0.2893917497292844 0.253018549747049 23-000847
3 0.46399999999999864 0.8680160202360876 0.33617609126123543 0.2903647554806072 23-000704
3 0.918213775782341 0.28500000000000014 0.17992969327885 0.19644182124789208 23-001147
1 0.0519999999999925 0.3666273187183821 0.09712192419291124 0.08440134907251266 23-002729
3 0.45400000000000773 0.41799999999999926 0.2893917497292844 0.253018549747049 23-000847
3 0.46399999999999864 0.8680160202360876 0.33617609126123543 0.2903647554806072 23-000704
