3 0.3240000000000123 0.0710000000000015 0.10610296277611986 0.08829679595278249 23-002497
1 0.21100000000001273 0.5410000000000004 0.18836256313063984 0.16880269814502533 23-001345
3 0.8969999999999912 0.9029999999999987 0.06537055197255344 0.05546374367622277 23-003781
4 0.18600000000000705 0.9714856661045531 0.07709353849650659 0.06273153456998291 23-003258
3 0.3240000000000123 0.0710000000000015 0.10610296277611986 0.08829679595278249 23-002497
1 0.21100000000001273 0.5410000000000004 0.18836256313063984 0.16880269814502533 23-001345
3 0.8969999999999912 0.9029999999999987 0.06537055197255344 0.05546374367622277 23-003781
4 0.18600000000000705 0.9714856661045531 0.07709353849650659 0.06273153456998291 23-003258
3 0.3240000000000123 0.0710000000000015 0.10610296277611986 0.08829679595278249 23-002497
1 0.21100000000001273 0.5410000000000004 0.18836256313063984 0.16880269814502533 23-001345
3 0.8969999999999912 0.9029999999999987 0.06537055197255344 0.05546374367622277 23-003781
4 0.18600000000000705 0.9714856661045531 0.07709353849650659 0.06273153456998291 23-003258
3 0.3240000000000123 0.0710000000000015 0.10610296277611986 0.08829679595278249 23-002497
1 0.21100000000001273 0.5410000000000004 0.18836256313063984 0.16880269814502533 23-001345
3 0.8969999999999912 0.9029999999999987 0.06537055197255344 0.05546374367622277 23-003781
4 0.18600000000000705 0.9714856661045531 0.07709353849650659 0.06273153456998291 23-003258
3 0.3240000000000123 0.0710000000000015 0.10610296277611986 0.08829679595278249 23-002497
1 0.21100000000001273 0.5410000000000004 0.18836256313063984 0.16880269814502533 23-001345
3 0.8969999999999912 0.9029999999999987 0.06537055197255344 0.05546374367622277 23-003781
4 0.18600000000000705 0.9714856661045531 0.07709353849650659 0.06273153456998291 23-003258
3 0.3240000000000123 0.0710000000000015 0.10610296277611986 0.08829679595278249 23-002497
1 0.21100000000001273 0.5410000000000004 0.18836256313063984 0.16880269814502533 23-001345
3 0.8969999999999912 0.9029999999999987 0.06537055197255344 0.05546374367622277 23-003781
4 0.18600000000000705 0.9714856661045531 0.07709353849650659 0.06273153456998291 23-003258
3 0.3240000000000123 0.0710000000000015 0.10610296277611986 0.08829679595278249 23-002497
1 0.21100000000001273 0.5410000000000004 0.18836256313063984 0.16880269814502533 23-001345
3 0.8969999999999912 0.9029999999999987 0.06537055197255344 0.05546374367622277 23-003781
4 0.18600000000000705 0.9714856661045531 0.07709353849650659 0.06273153456998291 23-003258
