3 0.5890289640049341 0.4276053962900506 0.1305424092582599 0.11612141652613821 23-002010
1 0.09899999999998954 0.5189999999999984 0.11365336087629319 0.10332209106239476 23-002259
1 0.6275031895074863 0.7096250421585163 0.7449936209850275 0.5807499156829673 23-000103
1 0.19700000000000273 0.7469999999999999 0.23942709765023307 0.19922428330522762 23-001094
3 0.5890289640049341 0.4276053962900506 0.1305424092582599 0.11612141652613821 23-002010
1 0.09899999999998954 0.5189999999999984 0.11365336087629319 0.10332209106239476 23-002259
1 0.6275031895074863 0.7096250421585163 0.7449936209850275 0.5807499156829673 23-000103
1 0.19700000000000273 0.7469999999999999 0.23942709765023307 0.19922428330522762 23-001094
3 0.5890289640049341 0.4276053962900506 0.1305424092582599 0.11612141652613821 23-002010
1 0.09899999999998954 0.5189999999999984 0.11365336087629319 0.10332209106239476 23-002259
1 0.6275031895074863 0.7096250421585163 0.7449936209850275 0.5807499156829673 23-000103
1 0.19700000000000273 0.7469999999999999 0.23942709765023307 0.19922428330522762 23-001094
3 0.5890289640049341 0.4276053962900506 0.1305424092582599 0.11612141652613821 23-002010
1 0.09899999999998954 0.5189999999999984 0.11365336087629319 0.10332209106239476 23-002259
1 0.6275031895074863 0.7096250421585163 0.7449936209850275 0.5807499156829673 23-000103
1 0.19700000000000273 0.7469999999999999 0.23942709765023307 0.19922428330522762 23-001094
3 0.5890289640049341 0.4276053962900506 0.1305424092582599 0.11612141652613821 23-002010
1 0.09899999999998954 0.5189999999999984 0.11365336087629319 0.10332209106239476 23-002259
1 0.6275031895074863 0.7096250421585163 0.7449936209850275 0.5807499156829673 23-000103
1 0.19700000000000273 0.7469999999999999 0.23942709765023307 0.19922428330522762 23-001094
3 0.5890289640049341 0.4276053962900506 0.1305424092582599 0.11612141652613821 23-002010
1 0.09899999999998954 0.5189999999999984 0.11365336087629319 0.10332209106239476 23-002259
1 0.6275031895074863 0.7096250421585163 0.7449936209850275 0.5807499156829673 23-000103
1 0.19700000000000273 0.7469999999999999 0.23942709765023307 0.19922428330522762 23-001094
3 0.5890289640049341 0.4276053962900506 0.1305424092582599 0.11612141652613821 23-002010
1 0.09899999999998954 0.5189999999999984 0.11365336087629319 0.10332209106239476 23-002259
1 0.6275031895074863 0.7096250421585163 0.7449936209850275 0.5807499156829673 23-000103
1 0.19700000000000273 0.7469999999999999 0.23942709765023307 0.19922428330522762 23-001094
