2 0.3918431703204101 0.40415682967959643 0.07225395238330103 0.06610455311973017 17-000630
3 0.8037841483979833 0.46084317032040556 0.08098626181500544 0.07166947723440135 17-000585
3 0.2336273187183759 0.6806863406408079 0.12759053644173673 0.11062394603709953 17-000313
2 0.3918431703204101 0.40415682967959643 0.07225395238330103 0.06610455311973017 17-000630
3 0.8037841483979833 0.46084317032040556 0.08098626181500544 0.07166947723440135 17-000585
3 0.2336273187183759 0.6806863406408079 0.12759053644173673 0.11062394603709953 17-000313
2 0.3918431703204101 0.40415682967959643 0.07225395238330103 0.06610455311973017 17-000630
3 0.8037841483979833 0.46084317032040556 0.08098626181500544 0.07166947723440135 17-000585
3 0.2336273187183759 0.6806863406408079 0.12759053644173673 0.11062394603709953 17-000313
2 0.3918431703204101 0.40415682967959643 0.07225395238330103 0.06610455311973017 17-000630
3 0.8037841483979833 0.46084317032040556 0.08098626181500544 0.07166947723440135 17-000585
3 0.2336273187183759 0.6806863406408079 0.12759053644173673 0.11062394603709953 17-000313
2 0.3918431703204101 0.40415682967959643 0.07225395238330103 0.06610455311973017 17-000630
3 0.8037841483979833 0.46084317032040556 0.08098626181500544 0.07166947723440135 17-000585
3 0.2336273187183759 0.6806863406408079 0.12759053644173673 0.11062394603709953 17-000313
2 0.3918431703204101 0.40415682967959643 0.07225395238330103 0.06610455311973017 17-000630
3 0.8037841483979833 0.46084317032040556 0.08098626181500544 0.07166947723440135 17-000585
3 0.2336273187183759 0.6806863406408079 0.12759053644173673 0.11062394603709953 17-000313
