3 0.8719409780775811 0.4873726812816206 0.09994342748387333 0.08959527824620572 23-002552
3 0.1332546374367486 0.7689999999999984 0.10053951154441323 0.09107925801011803 23-002530
3 0.8719409780775811 0.4873726812816206 0.09994342748387333 0.08959527824620572 23-002552
3 0.1332546374367486 0.7689999999999984 0.10053951154441323 0.09107925801011803 23-002530
3 0.8719409780775811 0.4873726812816206 0.09994342748387333 0.08959527824620572 23-002552
3 0.1332546374367486 0.7689999999999984 0.10053951154441323 0.09107925801011803 23-002530
3 0.8719409780775811 0.4873726812816206 0.09994342748387333 0.08959527824620572 23-002552
3 0.1332546374367486 0.7689999999999984 0.10053951154441323 0.09107925801011803 23-002530
3 0.8719409780775811 0.4873726812816206 0.09994342748387333 0.08959527824620572 23-002552
3 0.1332546374367486 0.7689999999999984 0.10053951154441323 0.09107925801011803 23-002530
