3 0.7294704890387851 0.16384317032040496 0.11566483827739706 0.10269814502529512 17-000302
2 0.4105295109612154 0.4158431703204038 0.06394490184244038 0.06526138279932549 17-000775
3 0.7294704890387851 0.16384317032040496 0.11566483827739706 0.10269814502529512 17-000302
2 0.4105295109612154 0.4158431703204038 0.06394490184244038 0.06526138279932549 17-000775
3 0.7294704890387851 0.16384317032040496 0.11566483827739706 0.10269814502529512 17-000302
2 0.4105295109612154 0.4158431703204038 0.06394490184244038 0.06526138279932549 17-000775
3 0.7294704890387851 0.16384317032040496 0.11566483827739706 0.10269814502529512 17-000302
2 0.4105295109612154 0.4158431703204038 0.06394490184244038 0.06526138279932549 17-000775
3 0.7294704890387851 0.16384317032040496 0.11566483827739706 0.10269814502529512 17-000302
2 0.4105295109612154 0.4158431703204038 0.06394490184244038 0.06526138279932549 17-000775
