4 0.1843136593591976 0.6611568296795943 0.08367962835625929 0.07470489038785827 17-000509
4 0.22862731871838043 0.8695295109612151 0.06411983204963119 0.060202360876897114 17-000735
4 0.1843136593591976 0.6611568296795943 0.08367962835625929 0.07470489038785827 17-000509
4 0.22862731871838043 0.8695295109612151 0.06411983204963119 0.060202360876897114 17-000735
4 0.1843136593591976 0.6611568296795943 0.08367962835625929 0.07470489038785827 17-000509
4 0.22862731871838043 0.8695295109612151 0.06411983204963119 0.060202360876897114 17-000735
4 0.1843136593591976 0.6611568296795943 0.08367962835625929 0.07470489038785827 17-000509
4 0.22862731871838043 0.8695295109612151 0.06411983204963119 0.060202360876897114 17-000735
4 0.1843136593591976 0.6611568296795943 0.08367962835625929 0.07470489038785827 17-000509
4 0.22862731871838043 0.8695295109612151 0.06411983204963119 0.060202360876897114 17-000735
