3 0.36299999999999955 0.4699999999999989 0.1498490344843273 0.1359696458684654 23-001745
1 0.10300000000000864 0.5399999999999991 0.10683495916506115 0.09015177065767291 23-002488
3 0.23400000000000887 0.7950000000000017 0.09002945997055713 0.07568296795952782 23-002914
1 0.7439999999999998 0.9038338954468796 0.30529990203348933 0.21156543001686495 23-000797
3 0.36299999999999955 0.4699999999999989 0.1498490344843273 0.1359696458684654 23-001745
1 0.10300000000000864 0.5399999999999991 0.10683495916506115 0.09015177065767291 23-002488
3 0.23400000000000887 0.7950000000000017 0.09002945997055713 0.07568296795952782 23-002914
1 0.7439999999999998 0.9038338954468796 0.30529990203348933 0.21156543001686495 23-000797
3 0.36299999999999955 0.4699999999999989 0.1498490344843273 0.1359696458684654 23-001745
1 0.10300000000000864 0.5399999999999991 0.10683495916506115 0.09015177065767291 23-002488
3 0.23400000000000887 0.7950000000000017 0.09002945997055713 0.07568296795952782 23-002914
1 0.7439999999999998 0.9038338954468796 0.30529990203348933 0.21156543001686495 23-000797
3 0.36299999999999955 0.4699999999999989 0.1498490344843273 0.1359696458684654 23-001745
1 0.10300000000000864 0.5399999999999991 0.10683495916506115 0.09015177065767291 23-002488
3 0.23400000000000887 0.7950000000000017 0.09002945997055713 0.07568296795952782 23-002914
1 0.7439999999999998 0.9038338954468796 0.30529990203348933 0.21156543001686495 23-000797
