1 0.3089999999999975 0.061620573355818324 0.26048523751481184 0.1355652613828003 23-000986
4 0.3546273187183852 0.31599999999999895 0.08582808517193107 0.07308600337268134 23-003040
3 0.7583136593591815 0.7049999999999983 0.09543122756879069 0.0842158516020237 23-002688
1 0.8206273187183933 0.8656863406408102 0.07662507370827401 0.0638111298482292 23-003317
1 0.27531365935917734 0.9216863406408111 0.0854279542387287 0.075682967959528 23-002995
1 0.3089999999999975 0.061620573355818324 0.26048523751481184 0.1355652613828003 23-000986
4 0.3546273187183852 0.31599999999999895 0.08582808517193107 0.07308600337268134 23-003040
3 0.7583136593591815 0.7049999999999983 0.09543122756879069 0.0842158516020237 23-002688
1 0.8206273187183933 0.8656863406408102 0.07662507370827401 0.0638111298482292 23-003317
1 0.27531365935917734 0.9216863406408111 0.0854279542387287 0.075682967959528 23-002995
1 0.3089999999999975 0.061620573355818324 0.26048523751481184 0.1355652613828003 23-000986
4 0.3546273187183852 0.31599999999999895 0.08582808517193107 0.07308600337268134 23-003040
3 0.7583136593591815 0.7049999999999983 0.09543122756879069 0.0842158516020237 23-002688
1 0.8206273187183933 0.8656863406408102 0.07662507370827401 0.0638111298482292 23-003317
1 0.27531365935917734 0.9216863406408111 0.0854279542387287 0.075682967959528 23-002995
1 0.3089999999999975 0.061620573355818324 0.26048523751481184 0.1355652613828003 23-000986
4 0.3546273187183852 0.31599999999999895 0.08582808517193107 0.07308600337268134 23-003040
3 0.7583136593591815 0.7049999999999983 0.09543122756879069 0.0842158516020237 23-002688
1 0.8206273187183933 0.8656863406408102 0.07662507370827401 0.0638111298482292 23-003317
1 0.27531365935917734 0.9216863406408111 0.0854279542387287 0.075682967959528 23-002995
1 0.3089999999999975 0.061620573355818324 0.26048523751481184 0.1355652613828003 23-000986
4 0.3546273187183852 0.31599999999999895 0.08582808517193107 0.07308600337268134 23-003040
3 0.7583136593591815 0.7049999999999983 0.09543122756879069 0.0842158516020237 23-002688
1 0.8206273187183933 0.8656863406408102 0.07662507370827401 0.0638111298482292 23-003317
1 0.27531365935917734 0.9216863406408111 0.0854279542387287 0.075682967959528 23-002995
1 0.3089999999999975 0.061620573355818324 0.26048523751481184 0.1355652613828003 23-000986
4 0.3546273187183852 0.31599999999999895 0.08582808517193107 0.07308600337268134 23-003040
3 0.7583136593591815 0.7049999999999983 0.09543122756879069 0.0842158516020237 23-002688
1 0.8206273187183933 0.8656863406408102 0.07662507370827401 0.0638111298482292 23-003317
1 0.27531365935917734 0.9216863406408111 0.0854279542387287 0.075682967959528 23-002995
1 0.3089999999999975 0.061620573355818324 0.26048523751481184 0.1355652613828003 23-000986
4 0.3546273187183852 0.31599999999999895 0.08582808517193107 0.07308600337268134 23-003040
3 0.7583136593591815 0.7049999999999983 0.09543122756879069 0.0842158516020237 23-002688
1 0.8206273187183933 0.8656863406408102 0.07662507370827401 0.0638111298482292 23-003317
1 0.27531365935917734 0.9216863406408111 0.0854279542387287 0.075682967959528 23-002995
1 0.3089999999999975 0.061620573355818324 0.26048523751481184 0.1355652613828003 23-000986
4 0.3546273187183852 0.31599999999999895 0.08582808517193107 0.07308600337268134 23-003040
3 0.7583136593591815 0.7049999999999983 0.09543122756879069 0.0842158516020237 23-002688
1 0.8206273187183933 0.8656863406408102 0.07662507370827401 0.0638111298482292 23-003317
1 0.27531365935917734 0.9216863406408111 0.0854279542387287 0.075682967959528 23-002995
