1 0.6659999999999968 0.044376897133220634 0.17805826527510202 0.09762917369308542 23-001447
3 0.9664020234919112 0.6430000000000007 0.07391554831779518 0.08236087689713327 23-002725
1 0.6440000000000055 0.6829999999999998 0.42974062225945947 0.37247892074198996 23-000499
1 0.6659999999999968 0.044376897133220634 0.17805826527510202 0.09762917369308542 23-001447
3 0.9664020234919112 0.6430000000000007 0.07391554831779518 0.08236087689713327 23-002725
1 0.6440000000000055 0.6829999999999998 0.42974062225945947 0.37247892074198996 23-000499
1 0.6659999999999968 0.044376897133220634 0.17805826527510202 0.09762917369308542 23-001447
3 0.9664020234919112 0.6430000000000007 0.07391554831779518 0.08236087689713327 23-002725
1 0.6440000000000055 0.6829999999999998 0.42974062225945947 0.37247892074198996 23-000499
1 0.6659999999999968 0.044376897133220634 0.17805826527510202 0.09762917369308542 23-001447
3 0.9664020234919112 0.6430000000000007 0.07391554831779518 0.08236087689713327 23-002725
1 0.6440000000000055 0.6829999999999998 0.42974062225945947 0.37247892074198996 23-000499
1 0.6659999999999968 0.044376897133220634 0.17805826527510202 0.09762917369308542 23-001447
3 0.9664020234919112 0.6430000000000007 0.07391554831779518 0.08236087689713327 23-002725
1 0.6440000000000055 0.6829999999999998 0.42974062225945947 0.37247892074198996 23-000499
1 0.6659999999999968 0.044376897133220634 0.17805826527510202 0.09762917369308542 23-001447
3 0.9664020234919112 0.6430000000000007 0.07391554831779518 0.08236087689713327 23-002725
1 0.6440000000000055 0.6829999999999998 0.42974062225945947 0.37247892074198996 23-000499
