3 0.24447048903878574 0.0813726812816183 0.07152737625433254 0.063575042158516 17-000627
3 0.9671483190214342 0.26000000000000156 0.06570336195713179 0.10303541315345693 17-000348
3 0.24447048903878574 0.0813726812816183 0.07152737625433254 0.063575042158516 17-000627
3 0.9671483190214342 0.26000000000000156 0.06570336195713179 0.10303541315345693 17-000348
3 0.24447048903878574 0.0813726812816183 0.07152737625433254 0.063575042158516 17-000627
3 0.9671483190214342 0.26000000000000156 0.06570336195713179 0.10303541315345693 17-000348
3 0.24447048903878574 0.0813726812816183 0.07152737625433254 0.063575042158516 17-000627
3 0.9671483190214342 0.26000000000000156 0.06570336195713179 0.10303541315345693 17-000348
3 0.24447048903878574 0.0813726812816183 0.07152737625433254 0.063575042158516 17-000627
3 0.9671483190214342 0.26000000000000156 0.06570336195713179 0.10303541315345693 17-000348
