1 0.09813785288603091 0.14961214165261383 0.06342075291259247 0.054907251264755486 23-003912
3 0.9800399047631222 0.3309999999999995 0.04391220952113105 0.0658516020236087 23-003355
3 0.9269999999999925 0.4299999999999997 0.07922592477409002 0.06566610455311982 23-003278
1 0.7779999999999916 0.4959999999999986 0.07442435357566059 0.06288364249578428 23-003426
1 0.7489368758545732 0.5886340640809443 0.07042304424363591 0.057133220910623936 23-003645
3 0.3849999999999909 0.5899999999999999 0.0632206874459912 0.05639123102866788 23-003875
3 0.6500000000000057 0.8410000000000011 0.1644538135462179 0.14543001686340642 23-001591
1 0.09813785288603091 0.14961214165261383 0.06342075291259247 0.054907251264755486 23-003912
3 0.9800399047631222 0.3309999999999995 0.04391220952113105 0.0658516020236087 23-003355
3 0.9269999999999925 0.4299999999999997 0.07922592477409002 0.06566610455311982 23-003278
1 0.7779999999999916 0.4959999999999986 0.07442435357566059 0.06288364249578428 23-003426
1 0.7489368758545732 0.5886340640809443 0.07042304424363591 0.057133220910623936 23-003645
3 0.3849999999999909 0.5899999999999999 0.0632206874459912 0.05639123102866788 23-003875
3 0.6500000000000057 0.8410000000000011 0.1644538135462179 0.14543001686340642 23-001591
1 0.09813785288603091 0.14961214165261383 0.06342075291259247 0.054907251264755486 23-003912
3 0.9800399047631222 0.3309999999999995 0.04391220952113105 0.0658516020236087 23-003355
3 0.9269999999999925 0.4299999999999997 0.07922592477409002 0.06566610455311982 23-003278
1 0.7779999999999916 0.4959999999999986 0.07442435357566059 0.06288364249578428 23-003426
1 0.7489368758545732 0.5886340640809443 0.07042304424363591 0.057133220910623936 23-003645
3 0.3849999999999909 0.5899999999999999 0.0632206874459912 0.05639123102866788 23-003875
3 0.6500000000000057 0.8410000000000011 0.1644538135462179 0.14543001686340642 23-001591
1 0.09813785288603091 0.14961214165261383 0.06342075291259247 0.054907251264755486 23-003912
3 0.9800399047631222 0.3309999999999995 0.04391220952113105 0.0658516020236087 23-003355
3 0.9269999999999925 0.4299999999999997 0.07922592477409002 0.06566610455311982 23-003278
1 0.7779999999999916 0.4959999999999986 0.07442435357566059 0.06288364249578428 23-003426
1 0.7489368758545732 0.5886340640809443 0.07042304424363591 0.057133220910623936 23-003645
3 0.3849999999999909 0.5899999999999999 0.0632206874459912 0.05639123102866788 23-003875
3 0.6500000000000057 0.8410000000000011 0.1644538135462179 0.14543001686340642 23-001591
1 0.09813785288603091 0.14961214165261383 0.06342075291259247 0.054907251264755486 23-003912
3 0.9800399047631222 0.3309999999999995 0.04391220952113105 0.0658516020236087 23-003355
3 0.9269999999999925 0.4299999999999997 0.07922592477409002 0.06566610455311982 23-003278
1 0.7779999999999916 0.4959999999999986 0.07442435357566059 0.06288364249578428 23-003426
1 0.7489368758545732 0.5886340640809443 0.07042304424363591 0.057133220910623936 23-003645
3 0.3849999999999909 0.5899999999999999 0.0632206874459912 0.05639123102866788 23-003875
3 0.6500000000000057 0.8410000000000011 0.1644538135462179 0.14543001686340642 23-001591
1 0.09813785288603091 0.14961214165261383 0.06342075291259247 0.054907251264755486 23-003912
3 0.9800399047631222 0.3309999999999995 0.04391220952113105 0.0658516020236087 23-003355
3 0.9269999999999925 0.4299999999999997 0.07922592477409002 0.06566610455311982 23-003278
1 0.7779999999999916 0.4959999999999986 0.07442435357566059 0.06288364249578428 23-003426
1 0.7489368758545732 0.5886340640809443 0.07042304424363591 0.057133220910623936 23-003645
3 0.3849999999999909 0.5899999999999999 0.0632206874459912 0.05639123102866788 23-003875
3 0.6500000000000057 0.8410000000000011 0.1644538135462179 0.14543001686340642 23-001591
1 0.09813785288603091 0.14961214165261383 0.06342075291259247 0.054907251264755486 23-003912
3 0.9800399047631222 0.3309999999999995 0.04391220952113105 0.0658516020236087 23-003355
3 0.9269999999999925 0.4299999999999997 0.07922592477409002 0.06566610455311982 23-003278
1 0.7779999999999916 0.4959999999999986 0.07442435357566059 0.06288364249578428 23-003426
1 0.7489368758545732 0.5886340640809443 0.07042304424363591 0.057133220910623936 23-003645
3 0.3849999999999909 0.5899999999999999 0.0632206874459912 0.05639123102866788 23-003875
3 0.6500000000000057 0.8410000000000011 0.1644538135462179 0.14543001686340642 23-001591
