4 0.8189999999999884 0.2300000000000004 0.0697249173086772 0.05935919055649239 23-003617
1 0.4370000000000118 0.8900000000000006 0.1745138103737412 0.14524451939291727 23-001557
4 0.8189999999999884 0.2300000000000004 0.0697249173086772 0.05935919055649239 23-003617
1 0.4370000000000118 0.8900000000000006 0.1745138103737412 0.14524451939291727 23-001557
4 0.8189999999999884 0.2300000000000004 0.0697249173086772 0.05935919055649239 23-003617
1 0.4370000000000118 0.8900000000000006 0.1745138103737412 0.14524451939291727 23-001557
4 0.8189999999999884 0.2300000000000004 0.0697249173086772 0.05935919055649239 23-003617
1 0.4370000000000118 0.8900000000000006 0.1745138103737412 0.14524451939291727 23-001557
4 0.8189999999999884 0.2300000000000004 0.0697249173086772 0.05935919055649239 23-003617
1 0.4370000000000118 0.8900000000000006 0.1745138103737412 0.14524451939291727 23-001557
