3 0.32599999999999335 0.18299999999999983 0.2216688122530199 0.19458684654300165 23-001167
1 0.45799999999999835 0.370000000000001 0.21985515833458616 0.17492411467116356 23-001231
3 0.26900000000000546 0.8947301854974699 0.2793027034388051 0.23159359190556653 23-000895
3 0.32599999999999335 0.18299999999999983 0.2216688122530199 0.19458684654300165 23-001167
1 0.45799999999999835 0.370000000000001 0.21985515833458616 0.17492411467116356 23-001231
3 0.26900000000000546 0.8947301854974699 0.2793027034388051 0.23159359190556653 23-000895
3 0.32599999999999335 0.18299999999999983 0.2216688122530199 0.19458684654300165 23-001167
1 0.45799999999999835 0.370000000000001 0.21985515833458616 0.17492411467116356 23-001231
3 0.26900000000000546 0.8947301854974699 0.2793027034388051 0.23159359190556653 23-000895
3 0.32599999999999335 0.18299999999999983 0.2216688122530199 0.19458684654300165 23-001167
1 0.45799999999999835 0.370000000000001 0.21985515833458616 0.17492411467116356 23-001231
3 0.26900000000000546 0.8947301854974699 0.2793027034388051 0.23159359190556653 23-000895
3 0.32599999999999335 0.18299999999999983 0.2216688122530199 0.19458684654300165 23-001167
1 0.45799999999999835 0.370000000000001 0.21985515833458616 0.17492411467116356 23-001231
3 0.26900000000000546 0.8947301854974699 0.2793027034388051 0.23159359190556653 23-000895
3 0.32599999999999335 0.18299999999999983 0.2216688122530199 0.19458684654300165 23-001167
1 0.45799999999999835 0.370000000000001 0.21985515833458616 0.17492411467116356 23-001231
3 0.26900000000000546 0.8947301854974699 0.2793027034388051 0.23159359190556653 23-000895
