2 0.49399999999999983 0.14099999999999824 0.1301564991525487 0.11222596964586848 23-002061
3 0.8830000000000098 0.4750000000000015 0.09705898064729841 0.0827318718381112 23-002702
3 0.1560000000000059 0.6340000000000003 0.31635542227717756 0.2851096121416527 23-000755
4 0.5490000000000066 0.9308642495784142 0.1888386025146183 0.1520986509274889 23-001398
2 0.49399999999999983 0.14099999999999824 0.1301564991525487 0.11222596964586848 23-002061
3 0.8830000000000098 0.4750000000000015 0.09705898064729841 0.0827318718381112 23-002702
3 0.1560000000000059 0.6340000000000003 0.31635542227717756 0.2851096121416527 23-000755
4 0.5490000000000066 0.9308642495784142 0.1888386025146183 0.1520986509274889 23-001398
2 0.49399999999999983 0.14099999999999824 0.1301564991525487 0.11222596964586848 23-002061
3 0.8830000000000098 0.4750000000000015 0.09705898064729841 0.0827318718381112 23-002702
3 0.1560000000000059 0.6340000000000003 0.31635542227717756 0.2851096121416527 23-000755
4 0.5490000000000066 0.9308642495784142 0.1888386025146183 0.1520986509274889 23-001398
2 0.49399999999999983 0.14099999999999824 0.1301564991525487 0.11222596964586848 23-002061
3 0.8830000000000098 0.4750000000000015 0.09705898064729841 0.0827318718381112 23-002702
3 0.1560000000000059 0.6340000000000003 0.31635542227717756 0.2851096121416527 23-000755
4 0.5490000000000066 0.9308642495784142 0.1888386025146183 0.1520986509274889 23-001398
2 0.49399999999999983 0.14099999999999824 0.1301564991525487 0.11222596964586848 23-002061
3 0.8830000000000098 0.4750000000000015 0.09705898064729841 0.0827318718381112 23-002702
3 0.1560000000000059 0.6340000000000003 0.31635542227717756 0.2851096121416527 23-000755
4 0.5490000000000066 0.9308642495784142 0.1888386025146183 0.1520986509274889 23-001398
2 0.49399999999999983 0.14099999999999824 0.1301564991525487 0.11222596964586848 23-002061
3 0.8830000000000098 0.4750000000000015 0.09705898064729841 0.0827318718381112 23-002702
3 0.1560000000000059 0.6340000000000003 0.31635542227717756 0.2851096121416527 23-000755
4 0.5490000000000066 0.9308642495784142 0.1888386025146183 0.1520986509274889 23-001398
2 0.49399999999999983 0.14099999999999824 0.1301564991525487 0.11222596964586848 23-002061
3 0.8830000000000098 0.4750000000000015 0.09705898064729841 0.0827318718381112 23-002702
3 0.1560000000000059 0.6340000000000003 0.31635542227717756 0.2851096121416527 23-000755
4 0.5490000000000066 0.9308642495784142 0.1888386025146183 0.1520986509274889 23-001398
