4 0.061313659359178735 0.15768634064080825 0.10761769820725553 0.09330522765598653 23-002463
4 0.8836273187183815 0.2890590219224272 0.07533238874507872 0.06399662731871836 23-003412
1 0.8458027163075155 0.7899999999999991 0.339234024123466 0.32128161888701534 23-000631
4 0.061313659359178735 0.15768634064080825 0.10761769820725553 0.09330522765598653 23-002463
4 0.8836273187183815 0.2890590219224272 0.07533238874507872 0.06399662731871836 23-003412
1 0.8458027163075155 0.7899999999999991 0.339234024123466 0.32128161888701534 23-000631
4 0.061313659359178735 0.15768634064080825 0.10761769820725553 0.09330522765598653 23-002463
4 0.8836273187183815 0.2890590219224272 0.07533238874507872 0.06399662731871836 23-003412
1 0.8458027163075155 0.7899999999999991 0.339234024123466 0.32128161888701534 23-000631
4 0.061313659359178735 0.15768634064080825 0.10761769820725553 0.09330522765598653 23-002463
4 0.8836273187183815 0.2890590219224272 0.07533238874507872 0.06399662731871836 23-003412
1 0.8458027163075155 0.7899999999999991 0.339234024123466 0.32128161888701534 23-000631
4 0.061313659359178735 0.15768634064080825 0.10761769820725553 0.09330522765598653 23-002463
4 0.8836273187183815 0.2890590219224272 0.07533238874507872 0.06399662731871836 23-003412
1 0.8458027163075155 0.7899999999999991 0.339234024123466 0.32128161888701534 23-000631
4 0.061313659359178735 0.15768634064080825 0.10761769820725553 0.09330522765598653 23-002463
4 0.8836273187183815 0.2890590219224272 0.07533238874507872 0.06399662731871836 23-003412
1 0.8458027163075155 0.7899999999999991 0.339234024123466 0.32128161888701534 23-000631
