2 0.568000000000012 0.1732023608768974 0.6848952755718355 0.3810451939291743 23-000238
2 0.4300000000000068 0.2699999999999996 0.12995344689178023 0.10814502529510961 23-002104
3 0.2400000000000091 0.4600000000000008 0.07127134352971069 0.06399662731871832 23-003484
1 0.04789606524078056 0.597999999999999 0.10537134352971723 0.11575042158516018 23-001950
1 0.617999999999995 0.7079999999999984 0.3786924663330783 0.32035413153457004 23-000635
4 0.9099999999999966 0.9672833052276565 0.13056260367408545 0.07197672849915601 23-002049
2 0.568000000000012 0.1732023608768974 0.6848952755718355 0.3810451939291743 23-000238
2 0.4300000000000068 0.2699999999999996 0.12995344689178023 0.10814502529510961 23-002104
3 0.2400000000000091 0.4600000000000008 0.07127134352971069 0.06399662731871832 23-003484
1 0.04789606524078056 0.597999999999999 0.10537134352971723 0.11575042158516018 23-001950
1 0.617999999999995 0.7079999999999984 0.3786924663330783 0.32035413153457004 23-000635
4 0.9099999999999966 0.9672833052276565 0.13056260367408545 0.07197672849915601 23-002049
2 0.568000000000012 0.1732023608768974 0.6848952755718355 0.3810451939291743 23-000238
2 0.4300000000000068 0.2699999999999996 0.12995344689178023 0.10814502529510961 23-002104
3 0.2400000000000091 0.4600000000000008 0.07127134352971069 0.06399662731871832 23-003484
1 0.04789606524078056 0.597999999999999 0.10537134352971723 0.11575042158516018 23-001950
1 0.617999999999995 0.7079999999999984 0.3786924663330783 0.32035413153457004 23-000635
4 0.9099999999999966 0.9672833052276565 0.13056260367408545 0.07197672849915601 23-002049
2 0.568000000000012 0.1732023608768974 0.6848952755718355 0.3810451939291743 23-000238
2 0.4300000000000068 0.2699999999999996 0.12995344689178023 0.10814502529510961 23-002104
3 0.2400000000000091 0.4600000000000008 0.07127134352971069 0.06399662731871832 23-003484
1 0.04789606524078056 0.597999999999999 0.10537134352971723 0.11575042158516018 23-001950
1 0.617999999999995 0.7079999999999984 0.3786924663330783 0.32035413153457004 23-000635
4 0.9099999999999966 0.9672833052276565 0.13056260367408545 0.07197672849915601 23-002049
2 0.568000000000012 0.1732023608768974 0.6848952755718355 0.3810451939291743 23-000238
2 0.4300000000000068 0.2699999999999996 0.12995344689178023 0.10814502529510961 23-002104
3 0.2400000000000091 0.4600000000000008 0.07127134352971069 0.06399662731871832 23-003484
1 0.04789606524078056 0.597999999999999 0.10537134352971723 0.11575042158516018 23-001950
1 0.617999999999995 0.7079999999999984 0.3786924663330783 0.32035413153457004 23-000635
4 0.9099999999999966 0.9672833052276565 0.13056260367408545 0.07197672849915601 23-002049
2 0.568000000000012 0.1732023608768974 0.6848952755718355 0.3810451939291743 23-000238
2 0.4300000000000068 0.2699999999999996 0.12995344689178023 0.10814502529510961 23-002104
3 0.2400000000000091 0.4600000000000008 0.07127134352971069 0.06399662731871832 23-003484
1 0.04789606524078056 0.597999999999999 0.10537134352971723 0.11575042158516018 23-001950
1 0.617999999999995 0.7079999999999984 0.3786924663330783 0.32035413153457004 23-000635
4 0.9099999999999966 0.9672833052276565 0.13056260367408545 0.07197672849915601 23-002049
2 0.568000000000012 0.1732023608768974 0.6848952755718355 0.3810451939291743 23-000238
2 0.4300000000000068 0.2699999999999996 0.12995344689178023 0.10814502529510961 23-002104
3 0.2400000000000091 0.4600000000000008 0.07127134352971069 0.06399662731871832 23-003484
1 0.04789606524078056 0.597999999999999 0.10537134352971723 0.11575042158516018 23-001950
1 0.617999999999995 0.7079999999999984 0.3786924663330783 0.32035413153457004 23-000635
4 0.9099999999999966 0.9672833052276565 0.13056260367408545 0.07197672849915601 23-002049
2 0.568000000000012 0.1732023608768974 0.6848952755718355 0.3810451939291743 23-000238
2 0.4300000000000068 0.2699999999999996 0.12995344689178023 0.10814502529510961 23-002104
3 0.2400000000000091 0.4600000000000008 0.07127134352971069 0.06399662731871832 23-003484
1 0.04789606524078056 0.597999999999999 0.10537134352971723 0.11575042158516018 23-001950
1 0.617999999999995 0.7079999999999984 0.3786924663330783 0.32035413153457004 23-000635
4 0.9099999999999966 0.9672833052276565 0.13056260367408545 0.07197672849915601 23-002049
2 0.568000000000012 0.1732023608768974 0.6848952755718355 0.3810451939291743 23-000238
2 0.4300000000000068 0.2699999999999996 0.12995344689178023 0.10814502529510961 23-002104
3 0.2400000000000091 0.4600000000000008 0.07127134352971069 0.06399662731871832 23-003484
1 0.04789606524078056 0.597999999999999 0.10537134352971723 0.11575042158516018 23-001950
1 0.617999999999995 0.7079999999999984 0.3786924663330783 0.32035413153457004 23-000635
4 0.9099999999999966 0.9672833052276565 0.13056260367408545 0.07197672849915601 23-002049
