3 0.4379999999999882 0.2560000000000002 0.09807424195114045 0.08217537942664414 23-002701
1 0.6279999999999859 0.6930000000000014 0.19208743868691258 0.15989881956155133 23-001395
3 0.4379999999999882 0.2560000000000002 0.09807424195114045 0.08217537942664414 23-002701
1 0.6279999999999859 0.6930000000000014 0.19208743868691258 0.15989881956155133 23-001395
3 0.4379999999999882 0.2560000000000002 0.09807424195114045 0.08217537942664414 23-002701
1 0.6279999999999859 0.6930000000000014 0.19208743868691258 0.15989881956155133 23-001395
3 0.4379999999999882 0.2560000000000002 0.09807424195114045 0.08217537942664414 23-002701
1 0.6279999999999859 0.6930000000000014 0.19208743868691258 0.15989881956155133 23-001395
3 0.4379999999999882 0.2560000000000002 0.09807424195114045 0.08217537942664414 23-002701
1 0.6279999999999859 0.6930000000000014 0.19208743868691258 0.15989881956155133 23-001395
