4 0.6776273187183784 0.3423726812816175 0.07728826791660356 0.06930860033726807 17-000634
4 0.770627318718382 0.8668431703204044 0.07819512999689654 0.07251264755480608 17-000577
4 0.6776273187183784 0.3423726812816175 0.07728826791660356 0.06930860033726807 17-000634
4 0.770627318718382 0.8668431703204044 0.07819512999689654 0.07251264755480608 17-000577
4 0.6776273187183784 0.3423726812816175 0.07728826791660356 0.06930860033726807 17-000634
4 0.770627318718382 0.8668431703204044 0.07819512999689654 0.07251264755480608 17-000577
4 0.6776273187183784 0.3423726812816175 0.07728826791660356 0.06930860033726807 17-000634
4 0.770627318718382 0.8668431703204044 0.07819512999689654 0.07251264755480608 17-000577
4 0.6776273187183784 0.3423726812816175 0.07728826791660356 0.06930860033726807 17-000634
4 0.770627318718382 0.8668431703204044 0.07819512999689654 0.07251264755480608 17-000577
