2 0.6246273187183812 0.3613136593591901 0.14252740066193387 0.12006745362563236 17-000239
2 0.9782013542698345 0.9599021922428336 0.04359729146033103 0.07470489038785827 17-000582
2 0.6246273187183812 0.3613136593591901 0.14252740066193387 0.12006745362563236 17-000239
2 0.9782013542698345 0.9599021922428336 0.04359729146033103 0.07470489038785827 17-000582
2 0.6246273187183812 0.3613136593591901 0.14252740066193387 0.12006745362563236 17-000239
2 0.9782013542698345 0.9599021922428336 0.04359729146033103 0.07470489038785827 17-000582
2 0.6246273187183812 0.3613136593591901 0.14252740066193387 0.12006745362563236 17-000239
2 0.9782013542698345 0.9599021922428336 0.04359729146033103 0.07470489038785827 17-000582
2 0.6246273187183812 0.3613136593591901 0.14252740066193387 0.12006745362563236 17-000239
2 0.9782013542698345 0.9599021922428336 0.04359729146033103 0.07470489038785827 17-000582
