3 0.8379999999999939 0.14999999999999858 0.06713301065120852 0.05639123102866779 23-003801
1 0.806999999999988 0.9050000000000011 0.14552308101527237 0.1196458684654301 23-001904
3 0.8379999999999939 0.14999999999999858 0.06713301065120852 0.05639123102866779 23-003801
1 0.806999999999988 0.9050000000000011 0.14552308101527237 0.1196458684654301 23-001904
3 0.8379999999999939 0.14999999999999858 0.06713301065120852 0.05639123102866779 23-003801
1 0.806999999999988 0.9050000000000011 0.14552308101527237 0.1196458684654301 23-001904
3 0.8379999999999939 0.14999999999999858 0.06713301065120852 0.05639123102866779 23-003801
1 0.806999999999988 0.9050000000000011 0.14552308101527237 0.1196458684654301 23-001904
3 0.8379999999999939 0.14999999999999858 0.06713301065120852 0.05639123102866779 23-003801
1 0.806999999999988 0.9050000000000011 0.14552308101527237 0.1196458684654301 23-001904
