2 0.6743136593591925 0.6455885328836442 0.08614906854631264 0.07993254637436759 17-000470
3 0.8613136593591901 0.6930000000000014 0.2742863828009087 0.24553119730185483 17-000094
3 0.15668634064081058 0.7325295109612147 0.08096266310410777 0.07554806070826299 17-000539
2 0.6743136593591925 0.6455885328836442 0.08614906854631264 0.07993254637436759 17-000470
3 0.8613136593591901 0.6930000000000014 0.2742863828009087 0.24553119730185483 17-000094
3 0.15668634064081058 0.7325295109612147 0.08096266310410777 0.07554806070826299 17-000539
2 0.6743136593591925 0.6455885328836442 0.08614906854631264 0.07993254637436759 17-000470
3 0.8613136593591901 0.6930000000000014 0.2742863828009087 0.24553119730185483 17-000094
3 0.15668634064081058 0.7325295109612147 0.08096266310410777 0.07554806070826299 17-000539
2 0.6743136593591925 0.6455885328836442 0.08614906854631264 0.07993254637436759 17-000470
3 0.8613136593591901 0.6930000000000014 0.2742863828009087 0.24553119730185483 17-000094
3 0.15668634064081058 0.7325295109612147 0.08096266310410777 0.07554806070826299 17-000539
2 0.6743136593591925 0.6455885328836442 0.08614906854631264 0.07993254637436759 17-000470
3 0.8613136593591901 0.6930000000000014 0.2742863828009087 0.24553119730185483 17-000094
3 0.15668634064081058 0.7325295109612147 0.08096266310410777 0.07554806070826299 17-000539
2 0.6743136593591925 0.6455885328836442 0.08614906854631264 0.07993254637436759 17-000470
3 0.8613136593591901 0.6930000000000014 0.2742863828009087 0.24553119730185483 17-000094
3 0.15668634064081058 0.7325295109612147 0.08096266310410777 0.07554806070826299 17-000539
