3 0.19900000000001228 0.0470000000000006 0.07634333223445369 0.06640809443507589 23-003346
3 0.6469999999999914 0.0779999999999994 0.19505414375183494 0.1665767284991569 23-001350
3 0.9399999999999978 0.22400000000000017 0.11461733525816095 0.09089376053962898 23-002424
1 0.9425877210568537 0.23400000000000176 0.12630701367492206 0.1873524451939292 23-001228
2 0.2844000243841158 0.9264502529510961 0.12259961396364015 0.11000000000000003 23-002145
3 0.19900000000001228 0.0470000000000006 0.07634333223445369 0.06640809443507589 23-003346
3 0.6469999999999914 0.0779999999999994 0.19505414375183494 0.1665767284991569 23-001350
3 0.9399999999999978 0.22400000000000017 0.11461733525816095 0.09089376053962898 23-002424
1 0.9425877210568537 0.23400000000000176 0.12630701367492206 0.1873524451939292 23-001228
2 0.2844000243841158 0.9264502529510961 0.12259961396364015 0.11000000000000003 23-002145
3 0.19900000000001228 0.0470000000000006 0.07634333223445369 0.06640809443507589 23-003346
3 0.6469999999999914 0.0779999999999994 0.19505414375183494 0.1665767284991569 23-001350
3 0.9399999999999978 0.22400000000000017 0.11461733525816095 0.09089376053962898 23-002424
1 0.9425877210568537 0.23400000000000176 0.12630701367492206 0.1873524451939292 23-001228
2 0.2844000243841158 0.9264502529510961 0.12259961396364015 0.11000000000000003 23-002145
3 0.19900000000001228 0.0470000000000006 0.07634333223445369 0.06640809443507589 23-003346
3 0.6469999999999914 0.0779999999999994 0.19505414375183494 0.1665767284991569 23-001350
3 0.9399999999999978 0.22400000000000017 0.11461733525816095 0.09089376053962898 23-002424
1 0.9425877210568537 0.23400000000000176 0.12630701367492206 0.1873524451939292 23-001228
2 0.2844000243841158 0.9264502529510961 0.12259961396364015 0.11000000000000003 23-002145
3 0.19900000000001228 0.0470000000000006 0.07634333223445369 0.06640809443507589 23-003346
3 0.6469999999999914 0.0779999999999994 0.19505414375183494 0.1665767284991569 23-001350
3 0.9399999999999978 0.22400000000000017 0.11461733525816095 0.09089376053962898 23-002424
1 0.9425877210568537 0.23400000000000176 0.12630701367492206 0.1873524451939292 23-001228
2 0.2844000243841158 0.9264502529510961 0.12259961396364015 0.11000000000000003 23-002145
