2 0.6999999999999886 0.45899999999999963 0.07736670129925881 0.06919055649241142 23-003270
3 0.9480000000000075 0.6060000000000016 0.0702031178456237 0.05954468802698136 23-003619
3 0.578000000000003 0.7300000000000004 0.25093009469018823 0.2083136593591907 23-001050
3 0.4689999999999941 0.8129999999999988 0.08186952518440074 0.06919055649241161 23-003190
2 0.6999999999999886 0.45899999999999963 0.07736670129925881 0.06919055649241142 23-003270
3 0.9480000000000075 0.6060000000000016 0.0702031178456237 0.05954468802698136 23-003619
3 0.578000000000003 0.7300000000000004 0.25093009469018823 0.2083136593591907 23-001050
3 0.4689999999999941 0.8129999999999988 0.08186952518440074 0.06919055649241161 23-003190
2 0.6999999999999886 0.45899999999999963 0.07736670129925881 0.06919055649241142 23-003270
3 0.9480000000000075 0.6060000000000016 0.0702031178456237 0.05954468802698136 23-003619
3 0.578000000000003 0.7300000000000004 0.25093009469018823 0.2083136593591907 23-001050
3 0.4689999999999941 0.8129999999999988 0.08186952518440074 0.06919055649241161 23-003190
2 0.6999999999999886 0.45899999999999963 0.07736670129925881 0.06919055649241142 23-003270
3 0.9480000000000075 0.6060000000000016 0.0702031178456237 0.05954468802698136 23-003619
3 0.578000000000003 0.7300000000000004 0.25093009469018823 0.2083136593591907 23-001050
3 0.4689999999999941 0.8129999999999988 0.08186952518440074 0.06919055649241161 23-003190
