1 0.06856829679595096 0.03662647554806055 0.1322937100138839 0.0732529510961211 17-000276
4 0.16984317032040167 0.5730000000000004 0.1786596287338963 0.15767284991568298 17-000156
3 0.49596121416526084 0.9209999999999995 0.0919523588795083 0.07689713322091048 17-000448
1 0.06856829679595096 0.03662647554806055 0.1322937100138839 0.0732529510961211 17-000276
4 0.16984317032040167 0.5730000000000004 0.1786596287338963 0.15767284991568298 17-000156
3 0.49596121416526084 0.9209999999999995 0.0919523588795083 0.07689713322091048 17-000448
1 0.06856829679595096 0.03662647554806055 0.1322937100138839 0.0732529510961211 17-000276
4 0.16984317032040167 0.5730000000000004 0.1786596287338963 0.15767284991568298 17-000156
3 0.49596121416526084 0.9209999999999995 0.0919523588795083 0.07689713322091048 17-000448
1 0.06856829679595096 0.03662647554806055 0.1322937100138839 0.0732529510961211 17-000276
4 0.16984317032040167 0.5730000000000004 0.1786596287338963 0.15767284991568298 17-000156
3 0.49596121416526084 0.9209999999999995 0.0919523588795083 0.07689713322091048 17-000448
1 0.06856829679595096 0.03662647554806055 0.1322937100138839 0.0732529510961211 17-000276
4 0.16984317032040167 0.5730000000000004 0.1786596287338963 0.15767284991568298 17-000156
3 0.49596121416526084 0.9209999999999995 0.0919523588795083 0.07689713322091048 17-000448
1 0.06856829679595096 0.03662647554806055 0.1322937100138839 0.0732529510961211 17-000276
4 0.16984317032040167 0.5730000000000004 0.1786596287338963 0.15767284991568298 17-000156
3 0.49596121416526084 0.9209999999999995 0.0919523588795083 0.07689713322091048 17-000448
