3 0.1511568296795963 0.34652951096121537 0.10458144842938587 0.09173693086003369 17-000359
3 0.3782546374367673 0.43937268128161877 0.06493741883944511 0.06256323777403039 17-000678
3 0.1511568296795963 0.34652951096121537 0.10458144842938587 0.09173693086003369 17-000359
3 0.3782546374367673 0.43937268128161877 0.06493741883944511 0.06256323777403039 17-000678
3 0.1511568296795963 0.34652951096121537 0.10458144842938587 0.09173693086003369 17-000359
3 0.3782546374367673 0.43937268128161877 0.06493741883944511 0.06256323777403039 17-000678
3 0.1511568296795963 0.34652951096121537 0.10458144842938587 0.09173693086003369 17-000359
3 0.3782546374367673 0.43937268128161877 0.06493741883944511 0.06256323777403039 17-000678
3 0.1511568296795963 0.34652951096121537 0.10458144842938587 0.09173693086003369 17-000359
3 0.3782546374367673 0.43937268128161877 0.06493741883944511 0.06256323777403039 17-000678
