1 0.7549999999999955 0.03500000000000014 0.07675267986037554 0.0678920741989882 23-003316
1 0.8319999999999936 0.245000000000001 0.14654645008007738 0.12001686340640812 23-001898
3 0.9039999999999964 0.5249999999999986 0.14859318820968737 0.11278246205733558 23-001940
1 0.40299999999999164 0.5479999999999983 0.24990672562538335 0.21795952782462058 23-001025
1 0.7740000000000009 0.5850000000000009 0.14818384058376521 0.11927487352445197 23-001859
1 0.7549999999999955 0.03500000000000014 0.07675267986037554 0.0678920741989882 23-003316
1 0.8319999999999936 0.245000000000001 0.14654645008007738 0.12001686340640812 23-001898
3 0.9039999999999964 0.5249999999999986 0.14859318820968737 0.11278246205733558 23-001940
1 0.40299999999999164 0.5479999999999983 0.24990672562538335 0.21795952782462058 23-001025
1 0.7740000000000009 0.5850000000000009 0.14818384058376521 0.11927487352445197 23-001859
1 0.7549999999999955 0.03500000000000014 0.07675267986037554 0.0678920741989882 23-003316
1 0.8319999999999936 0.245000000000001 0.14654645008007738 0.12001686340640812 23-001898
3 0.9039999999999964 0.5249999999999986 0.14859318820968737 0.11278246205733558 23-001940
1 0.40299999999999164 0.5479999999999983 0.24990672562538335 0.21795952782462058 23-001025
1 0.7740000000000009 0.5850000000000009 0.14818384058376521 0.11927487352445197 23-001859
1 0.7549999999999955 0.03500000000000014 0.07675267986037554 0.0678920741989882 23-003316
1 0.8319999999999936 0.245000000000001 0.14654645008007738 0.12001686340640812 23-001898
3 0.9039999999999964 0.5249999999999986 0.14859318820968737 0.11278246205733558 23-001940
1 0.40299999999999164 0.5479999999999983 0.24990672562538335 0.21795952782462058 23-001025
1 0.7740000000000009 0.5850000000000009 0.14818384058376521 0.11927487352445197 23-001859
1 0.7549999999999955 0.03500000000000014 0.07675267986037554 0.0678920741989882 23-003316
1 0.8319999999999936 0.245000000000001 0.14654645008007738 0.12001686340640812 23-001898
3 0.9039999999999964 0.5249999999999986 0.14859318820968737 0.11278246205733558 23-001940
1 0.40299999999999164 0.5479999999999983 0.24990672562538335 0.21795952782462058 23-001025
1 0.7740000000000009 0.5850000000000009 0.14818384058376521 0.11927487352445197 23-001859
