1 0.23900000000000432 0.254999999999999 0.10110886360273492 0.07104553119730185 23-002881
3 0.46399999999999864 0.38400000000000034 0.07020311784562357 0.05973018549747042 23-003604
1 0.23900000000000432 0.254999999999999 0.10110886360273492 0.07104553119730185 23-002881
3 0.46399999999999864 0.38400000000000034 0.07020311784562357 0.05973018549747042 23-003604
1 0.23900000000000432 0.254999999999999 0.10110886360273492 0.07104553119730185 23-002881
3 0.46399999999999864 0.38400000000000034 0.07020311784562357 0.05973018549747042 23-003604
1 0.23900000000000432 0.254999999999999 0.10110886360273492 0.07104553119730185 23-002881
3 0.46399999999999864 0.38400000000000034 0.07020311784562357 0.05973018549747042 23-003604
1 0.23900000000000432 0.254999999999999 0.10110886360273492 0.07104553119730185 23-002881
3 0.46399999999999864 0.38400000000000034 0.07020311784562357 0.05973018549747042 23-003604
