2 0.3959999999999866 0.1269999999999989 0.12648841640989916 0.10684654300168632 23-002137
3 0.6129999999999995 0.3619999999999983 0.22821130145151697 0.18327150084317034 23-001189
1 0.49799999999999045 0.7469999999999999 0.24949737799946126 0.19996627318718369 23-001080
2 0.3959999999999866 0.1269999999999989 0.12648841640989916 0.10684654300168632 23-002137
3 0.6129999999999995 0.3619999999999983 0.22821130145151697 0.18327150084317034 23-001189
1 0.49799999999999045 0.7469999999999999 0.24949737799946126 0.19996627318718369 23-001080
2 0.3959999999999866 0.1269999999999989 0.12648841640989916 0.10684654300168632 23-002137
3 0.6129999999999995 0.3619999999999983 0.22821130145151697 0.18327150084317034 23-001189
1 0.49799999999999045 0.7469999999999999 0.24949737799946126 0.19996627318718369 23-001080
2 0.3959999999999866 0.1269999999999989 0.12648841640989916 0.10684654300168632 23-002137
3 0.6129999999999995 0.3619999999999983 0.22821130145151697 0.18327150084317034 23-001189
1 0.49799999999999045 0.7469999999999999 0.24949737799946126 0.19996627318718369 23-001080
2 0.3959999999999866 0.1269999999999989 0.12648841640989916 0.10684654300168632 23-002137
3 0.6129999999999995 0.3619999999999983 0.22821130145151697 0.18327150084317034 23-001189
1 0.49799999999999045 0.7469999999999999 0.24949737799946126 0.19996627318718369 23-001080
2 0.3959999999999866 0.1269999999999989 0.12648841640989916 0.10684654300168632 23-002137
3 0.6129999999999995 0.3619999999999983 0.22821130145151697 0.18327150084317034 23-001189
1 0.49799999999999045 0.7469999999999999 0.24949737799946126 0.19996627318718369 23-001080
