4 0.5260000000000105 0.16900000000000048 0.35539470415650976 0.30848229342327155 23-000678
3 0.6370000000000005 0.6239999999999988 0.07223469596677022 0.05806070826306925 23-003635
4 0.5260000000000105 0.16900000000000048 0.35539470415650976 0.30848229342327155 23-000678
3 0.6370000000000005 0.6239999999999988 0.07223469596677022 0.05806070826306925 23-003635
4 0.5260000000000105 0.16900000000000048 0.35539470415650976 0.30848229342327155 23-000678
3 0.6370000000000005 0.6239999999999988 0.07223469596677022 0.05806070826306925 23-003635
4 0.5260000000000105 0.16900000000000048 0.35539470415650976 0.30848229342327155 23-000678
3 0.6370000000000005 0.6239999999999988 0.07223469596677022 0.05806070826306925 23-003635
4 0.5260000000000105 0.16900000000000048 0.35539470415650976 0.30848229342327155 23-000678
3 0.6370000000000005 0.6239999999999988 0.07223469596677022 0.05806070826306925 23-003635
