1 0.8186273187183838 0.34537268128161763 0.11020950756072947 0.09553119730185503 23-002428
3 0.36699999999999017 0.8470000000000013 0.16510787649547481 0.14394603709949422 23-001623
1 0.8186273187183838 0.34537268128161763 0.11020950756072947 0.09553119730185503 23-002428
3 0.36699999999999017 0.8470000000000013 0.16510787649547481 0.14394603709949422 23-001623
1 0.8186273187183838 0.34537268128161763 0.11020950756072947 0.09553119730185503 23-002428
3 0.36699999999999017 0.8470000000000013 0.16510787649547481 0.14394603709949422 23-001623
1 0.8186273187183838 0.34537268128161763 0.11020950756072947 0.09553119730185503 23-002428
3 0.36699999999999017 0.8470000000000013 0.16510787649547481 0.14394603709949422 23-001623
1 0.8186273187183838 0.34537268128161763 0.11020950756072947 0.09553119730185503 23-002428
3 0.36699999999999017 0.8470000000000013 0.16510787649547481 0.14394603709949422 23-001623
