1 0.5869999999999891 0.26000000000000156 0.1455013161616372 0.12780775716694767 23-001851
3 0.045251200055679924 0.5030000000000001 0.09955264012249584 0.09330522765598658 23-002421
4 0.5159999999999911 0.6380000000000017 0.06707507482628672 0.05305227655986496 23-003932
1 0.5869999999999891 0.26000000000000156 0.1455013161616372 0.12780775716694767 23-001851
3 0.045251200055679924 0.5030000000000001 0.09955264012249584 0.09330522765598658 23-002421
4 0.5159999999999911 0.6380000000000017 0.06707507482628672 0.05305227655986496 23-003932
1 0.5869999999999891 0.26000000000000156 0.1455013161616372 0.12780775716694767 23-001851
3 0.045251200055679924 0.5030000000000001 0.09955264012249584 0.09330522765598658 23-002421
4 0.5159999999999911 0.6380000000000017 0.06707507482628672 0.05305227655986496 23-003932
1 0.5869999999999891 0.26000000000000156 0.1455013161616372 0.12780775716694767 23-001851
3 0.045251200055679924 0.5030000000000001 0.09955264012249584 0.09330522765598658 23-002421
4 0.5159999999999911 0.6380000000000017 0.06707507482628672 0.05305227655986496 23-003932
1 0.5869999999999891 0.26000000000000156 0.1455013161616372 0.12780775716694767 23-001851
3 0.045251200055679924 0.5030000000000001 0.09955264012249584 0.09330522765598658 23-002421
4 0.5159999999999911 0.6380000000000017 0.06707507482628672 0.05305227655986496 23-003932
1 0.5869999999999891 0.26000000000000156 0.1455013161616372 0.12780775716694767 23-001851
3 0.045251200055679924 0.5030000000000001 0.09955264012249584 0.09330522765598658 23-002421
4 0.5159999999999911 0.6380000000000017 0.06707507482628672 0.05305227655986496 23-003932
