4 0.5620000000000118 0.4409999999999989 0.07677516257039588 0.06306913996627315 23-003420
3 0.4159999999999968 0.8150000000000013 0.17460157939396487 0.15025295109612155 23-001532
1 0.8877842082335164 0.8937782462057328 0.24687474188626352 0.23368785834738803 23-000886
4 0.5620000000000118 0.4409999999999989 0.07677516257039588 0.06306913996627315 23-003420
3 0.4159999999999968 0.8150000000000013 0.17460157939396487 0.15025295109612155 23-001532
1 0.8877842082335164 0.8937782462057328 0.24687474188626352 0.23368785834738803 23-000886
4 0.5620000000000118 0.4409999999999989 0.07677516257039588 0.06306913996627315 23-003420
3 0.4159999999999968 0.8150000000000013 0.17460157939396487 0.15025295109612155 23-001532
1 0.8877842082335164 0.8937782462057328 0.24687474188626352 0.23368785834738803 23-000886
4 0.5620000000000118 0.4409999999999989 0.07677516257039588 0.06306913996627315 23-003420
3 0.4159999999999968 0.8150000000000013 0.17460157939396487 0.15025295109612155 23-001532
1 0.8877842082335164 0.8937782462057328 0.24687474188626352 0.23368785834738803 23-000886
4 0.5620000000000118 0.4409999999999989 0.07677516257039588 0.06306913996627315 23-003420
3 0.4159999999999968 0.8150000000000013 0.17460157939396487 0.15025295109612155 23-001532
1 0.8877842082335164 0.8937782462057328 0.24687474188626352 0.23368785834738803 23-000886
4 0.5620000000000118 0.4409999999999989 0.07677516257039588 0.06306913996627315 23-003420
3 0.4159999999999968 0.8150000000000013 0.17460157939396487 0.15025295109612155 23-001532
1 0.8877842082335164 0.8937782462057328 0.24687474188626352 0.23368785834738803 23-000886
