1 0.9579225724333725 0.42399999999999954 0.08415485513325505 0.08920741989881957 17-000394
2 0.8729409780775719 0.4383726812816176 0.07279756372755052 0.06391231028667792 17-000593
1 0.9579225724333725 0.42399999999999954 0.08415485513325505 0.08920741989881957 17-000394
2 0.8729409780775719 0.4383726812816176 0.07279756372755052 0.06391231028667792 17-000593
1 0.9579225724333725 0.42399999999999954 0.08415485513325505 0.08920741989881957 17-000394
2 0.8729409780775719 0.4383726812816176 0.07279756372755052 0.06391231028667792 17-000593
1 0.9579225724333725 0.42399999999999954 0.08415485513325505 0.08920741989881957 17-000394
2 0.8729409780775719 0.4383726812816176 0.07279756372755052 0.06391231028667792 17-000593
1 0.9579225724333725 0.42399999999999954 0.08415485513325505 0.08920741989881957 17-000394
2 0.8729409780775719 0.4383726812816176 0.07279756372755052 0.06391231028667792 17-000593
