4 0.9246863406408112 0.3816863406408084 0.15046426414907152 0.12529510961214171 17-000219
3 0.8423136593591847 0.7379999999999995 0.09362367087641123 0.08499156829679591 17-000399
3 0.652627318718387 0.8129021922428317 0.3129454244275731 0.2856661045531197 17-000079
4 0.9246863406408112 0.3816863406408084 0.15046426414907152 0.12529510961214171 17-000219
3 0.8423136593591847 0.7379999999999995 0.09362367087641123 0.08499156829679591 17-000399
3 0.652627318718387 0.8129021922428317 0.3129454244275731 0.2856661045531197 17-000079
4 0.9246863406408112 0.3816863406408084 0.15046426414907152 0.12529510961214171 17-000219
3 0.8423136593591847 0.7379999999999995 0.09362367087641123 0.08499156829679591 17-000399
3 0.652627318718387 0.8129021922428317 0.3129454244275731 0.2856661045531197 17-000079
4 0.9246863406408112 0.3816863406408084 0.15046426414907152 0.12529510961214171 17-000219
3 0.8423136593591847 0.7379999999999995 0.09362367087641123 0.08499156829679591 17-000399
3 0.652627318718387 0.8129021922428317 0.3129454244275731 0.2856661045531197 17-000079
4 0.9246863406408112 0.3816863406408084 0.15046426414907152 0.12529510961214171 17-000219
3 0.8423136593591847 0.7379999999999995 0.09362367087641123 0.08499156829679591 17-000399
3 0.652627318718387 0.8129021922428317 0.3129454244275731 0.2856661045531197 17-000079
4 0.9246863406408112 0.3816863406408084 0.15046426414907152 0.12529510961214171 17-000219
3 0.8423136593591847 0.7379999999999995 0.09362367087641123 0.08499156829679591 17-000399
3 0.652627318718387 0.8129021922428317 0.3129454244275731 0.2856661045531197 17-000079
