3 0.8909999999999911 0.04094603709949356 0.14031916906949676 0.09008128161888584 23-002075
3 0.44800000000000745 0.3099999999999987 0.3383066019850624 0.2934569983136594 23-000725
4 0.9499999999999887 0.6819999999999986 0.06828588643144647 0.05602023608768976 23-003811
3 0.8909999999999911 0.04094603709949356 0.14031916906949676 0.09008128161888584 23-002075
3 0.44800000000000745 0.3099999999999987 0.3383066019850624 0.2934569983136594 23-000725
4 0.9499999999999887 0.6819999999999986 0.06828588643144647 0.05602023608768976 23-003811
3 0.8909999999999911 0.04094603709949356 0.14031916906949676 0.09008128161888584 23-002075
3 0.44800000000000745 0.3099999999999987 0.3383066019850624 0.2934569983136594 23-000725
4 0.9499999999999887 0.6819999999999986 0.06828588643144647 0.05602023608768976 23-003811
3 0.8909999999999911 0.04094603709949356 0.14031916906949676 0.09008128161888584 23-002075
3 0.44800000000000745 0.3099999999999987 0.3383066019850624 0.2934569983136594 23-000725
4 0.9499999999999887 0.6819999999999986 0.06828588643144647 0.05602023608768976 23-003811
3 0.8909999999999911 0.04094603709949356 0.14031916906949676 0.09008128161888584 23-002075
3 0.44800000000000745 0.3099999999999987 0.3383066019850624 0.2934569983136594 23-000725
4 0.9499999999999887 0.6819999999999986 0.06828588643144647 0.05602023608768976 23-003811
3 0.8909999999999911 0.04094603709949356 0.14031916906949676 0.09008128161888584 23-002075
3 0.44800000000000745 0.3099999999999987 0.3383066019850624 0.2934569983136594 23-000725
4 0.9499999999999887 0.6819999999999986 0.06828588643144647 0.05602023608768976 23-003811
