3 0.8470000000000084 0.11899999999999977 0.14927128222971683 0.12335581787521085 23-001866
1 0.5320000000000107 0.12368887015176988 0.3433031302605341 0.27211551433389375 23-000718
1 0.3830000000000098 0.25400000000000134 0.214642527167138 0.16657672849915686 23-001269
1 0.6670000000000016 0.25400000000000134 0.08160996183270416 0.07104553119730185 23-003186
3 0.8470000000000084 0.11899999999999977 0.14927128222971683 0.12335581787521085 23-001866
1 0.5320000000000107 0.12368887015176988 0.3433031302605341 0.27211551433389375 23-000718
1 0.3830000000000098 0.25400000000000134 0.214642527167138 0.16657672849915686 23-001269
1 0.6670000000000016 0.25400000000000134 0.08160996183270416 0.07104553119730185 23-003186
3 0.8470000000000084 0.11899999999999977 0.14927128222971683 0.12335581787521085 23-001866
1 0.5320000000000107 0.12368887015176988 0.3433031302605341 0.27211551433389375 23-000718
1 0.3830000000000098 0.25400000000000134 0.214642527167138 0.16657672849915686 23-001269
1 0.6670000000000016 0.25400000000000134 0.08160996183270416 0.07104553119730185 23-003186
3 0.8470000000000084 0.11899999999999977 0.14927128222971683 0.12335581787521085 23-001866
1 0.5320000000000107 0.12368887015176988 0.3433031302605341 0.27211551433389375 23-000718
1 0.3830000000000098 0.25400000000000134 0.214642527167138 0.16657672849915686 23-001269
1 0.6670000000000016 0.25400000000000134 0.08160996183270416 0.07104553119730185 23-003186
