2 0.08024140611211841 0.06627403035413083 0.16048281222423683 0.13254806070826167 17-000175
2 0.760627318718377 0.31184317032040465 0.0762727611748142 0.06947723440134905 17-000549
3 0.3591568296795947 0.5735295109612157 0.08697561359498474 0.0733558178752108 17-000537
2 0.04268634064080626 0.6316863406408084 0.07291912961504037 0.06711635750421578 17-000791
2 0.08024140611211841 0.06627403035413083 0.16048281222423683 0.13254806070826167 17-000175
2 0.760627318718377 0.31184317032040465 0.0762727611748142 0.06947723440134905 17-000549
3 0.3591568296795947 0.5735295109612157 0.08697561359498474 0.0733558178752108 17-000537
2 0.04268634064080626 0.6316863406408084 0.07291912961504037 0.06711635750421578 17-000791
2 0.08024140611211841 0.06627403035413083 0.16048281222423683 0.13254806070826167 17-000175
2 0.760627318718377 0.31184317032040465 0.0762727611748142 0.06947723440134905 17-000549
3 0.3591568296795947 0.5735295109612157 0.08697561359498474 0.0733558178752108 17-000537
2 0.04268634064080626 0.6316863406408084 0.07291912961504037 0.06711635750421578 17-000791
2 0.08024140611211841 0.06627403035413083 0.16048281222423683 0.13254806070826167 17-000175
2 0.760627318718377 0.31184317032040465 0.0762727611748142 0.06947723440134905 17-000549
3 0.3591568296795947 0.5735295109612157 0.08697561359498474 0.0733558178752108 17-000537
2 0.04268634064080626 0.6316863406408084 0.07291912961504037 0.06711635750421578 17-000791
