1 0.3935295109612195 0.13362731871838157 0.18661478904204248 0.14907251264755478 17-000174
3 0.7473136593591858 0.7695295109612136 0.08456626575803379 0.07706576728499165 17-000525
1 0.3935295109612195 0.13362731871838157 0.18661478904204248 0.14907251264755478 17-000174
3 0.7473136593591858 0.7695295109612136 0.08456626575803379 0.07706576728499165 17-000525
1 0.3935295109612195 0.13362731871838157 0.18661478904204248 0.14907251264755478 17-000174
3 0.7473136593591858 0.7695295109612136 0.08456626575803379 0.07706576728499165 17-000525
1 0.3935295109612195 0.13362731871838157 0.18661478904204248 0.14907251264755478 17-000174
3 0.7473136593591858 0.7695295109612136 0.08456626575803379 0.07706576728499165 17-000525
1 0.3935295109612195 0.13362731871838157 0.18661478904204248 0.14907251264755478 17-000174
3 0.7473136593591858 0.7695295109612136 0.08456626575803379 0.07706576728499165 17-000525
