3 0.057999999999992724 0.13100000000000023 0.08910475424591181 0.07419898819561552 23-003024
3 0.49799999999999045 0.16900000000000048 0.15843158406808153 0.13114671163575045 23-001761
2 0.8389999999999986 0.2510000000000012 0.07682162223537718 0.06251264755480605 23-003424
1 0.637791201588001 0.4505649241146712 0.14094373510393066 0.11741989881956154 23-001963
3 0.7842772932152935 0.7247470489038785 0.43144541356941296 0.49991568296795963 23-000332
3 0.3300000000000125 0.7950000000000017 0.0938930938432388 0.07735244519392918 23-002879
3 0.057999999999992724 0.13100000000000023 0.08910475424591181 0.07419898819561552 23-003024
3 0.49799999999999045 0.16900000000000048 0.15843158406808153 0.13114671163575045 23-001761
2 0.8389999999999986 0.2510000000000012 0.07682162223537718 0.06251264755480605 23-003424
1 0.637791201588001 0.4505649241146712 0.14094373510393066 0.11741989881956154 23-001963
3 0.7842772932152935 0.7247470489038785 0.43144541356941296 0.49991568296795963 23-000332
3 0.3300000000000125 0.7950000000000017 0.0938930938432388 0.07735244519392918 23-002879
3 0.057999999999992724 0.13100000000000023 0.08910475424591181 0.07419898819561552 23-003024
3 0.49799999999999045 0.16900000000000048 0.15843158406808153 0.13114671163575045 23-001761
2 0.8389999999999986 0.2510000000000012 0.07682162223537718 0.06251264755480605 23-003424
1 0.637791201588001 0.4505649241146712 0.14094373510393066 0.11741989881956154 23-001963
3 0.7842772932152935 0.7247470489038785 0.43144541356941296 0.49991568296795963 23-000332
3 0.3300000000000125 0.7950000000000017 0.0938930938432388 0.07735244519392918 23-002879
3 0.057999999999992724 0.13100000000000023 0.08910475424591181 0.07419898819561552 23-003024
3 0.49799999999999045 0.16900000000000048 0.15843158406808153 0.13114671163575045 23-001761
2 0.8389999999999986 0.2510000000000012 0.07682162223537718 0.06251264755480605 23-003424
1 0.637791201588001 0.4505649241146712 0.14094373510393066 0.11741989881956154 23-001963
3 0.7842772932152935 0.7247470489038785 0.43144541356941296 0.49991568296795963 23-000332
3 0.3300000000000125 0.7950000000000017 0.0938930938432388 0.07735244519392918 23-002879
3 0.057999999999992724 0.13100000000000023 0.08910475424591181 0.07419898819561552 23-003024
3 0.49799999999999045 0.16900000000000048 0.15843158406808153 0.13114671163575045 23-001761
2 0.8389999999999986 0.2510000000000012 0.07682162223537718 0.06251264755480605 23-003424
1 0.637791201588001 0.4505649241146712 0.14094373510393066 0.11741989881956154 23-001963
3 0.7842772932152935 0.7247470489038785 0.43144541356941296 0.49991568296795963 23-000332
3 0.3300000000000125 0.7950000000000017 0.0938930938432388 0.07735244519392918 23-002879
3 0.057999999999992724 0.13100000000000023 0.08910475424591181 0.07419898819561552 23-003024
3 0.49799999999999045 0.16900000000000048 0.15843158406808153 0.13114671163575045 23-001761
2 0.8389999999999986 0.2510000000000012 0.07682162223537718 0.06251264755480605 23-003424
1 0.637791201588001 0.4505649241146712 0.14094373510393066 0.11741989881956154 23-001963
3 0.7842772932152935 0.7247470489038785 0.43144541356941296 0.49991568296795963 23-000332
3 0.3300000000000125 0.7950000000000017 0.0938930938432388 0.07735244519392918 23-002879
