1 0.10931365935918055 0.19868634064080862 0.16696731987201235 0.12539629005059025 23-001753
4 0.9019999999999869 0.625 0.2040249045817606 0.16713322091062396 23-001326
3 0.47200000000000836 0.8900000000000006 0.27501724382908765 0.23799325463743695 23-000928
1 0.10931365935918055 0.19868634064080862 0.16696731987201235 0.12539629005059025 23-001753
4 0.9019999999999869 0.625 0.2040249045817606 0.16713322091062396 23-001326
3 0.47200000000000836 0.8900000000000006 0.27501724382908765 0.23799325463743695 23-000928
1 0.10931365935918055 0.19868634064080862 0.16696731987201235 0.12539629005059025 23-001753
4 0.9019999999999869 0.625 0.2040249045817606 0.16713322091062396 23-001326
3 0.47200000000000836 0.8900000000000006 0.27501724382908765 0.23799325463743695 23-000928
1 0.10931365935918055 0.19868634064080862 0.16696731987201235 0.12539629005059025 23-001753
4 0.9019999999999869 0.625 0.2040249045817606 0.16713322091062396 23-001326
3 0.47200000000000836 0.8900000000000006 0.27501724382908765 0.23799325463743695 23-000928
1 0.10931365935918055 0.19868634064080862 0.16696731987201235 0.12539629005059025 23-001753
4 0.9019999999999869 0.625 0.2040249045817606 0.16713322091062396 23-001326
3 0.47200000000000836 0.8900000000000006 0.27501724382908765 0.23799325463743695 23-000928
1 0.10931365935918055 0.19868634064080862 0.16696731987201235 0.12539629005059025 23-001753
4 0.9019999999999869 0.625 0.2040249045817606 0.16713322091062396 23-001326
3 0.47200000000000836 0.8900000000000006 0.27501724382908765 0.23799325463743695 23-000928
