1 0.18592467250566447 0.1462934232715009 0.4090342795124618 0.321845531197302 23-000540
3 0.9211337099749942 0.843 0.17350583805501293 0.23483979763912308 23-000915
1 0.18592467250566447 0.1462934232715009 0.4090342795124618 0.321845531197302 23-000540
3 0.9211337099749942 0.843 0.17350583805501293 0.23483979763912308 23-000915
1 0.18592467250566447 0.1462934232715009 0.4090342795124618 0.321845531197302 23-000540
3 0.9211337099749942 0.843 0.17350583805501293 0.23483979763912308 23-000915
1 0.18592467250566447 0.1462934232715009 0.4090342795124618 0.321845531197302 23-000540
3 0.9211337099749942 0.843 0.17350583805501293 0.23483979763912308 23-000915
1 0.18592467250566447 0.1462934232715009 0.4090342795124618 0.321845531197302 23-000540
3 0.9211337099749942 0.843 0.17350583805501293 0.23483979763912308 23-000915
