4 0.41200000000000614 0.370000000000001 0.07479164112138748 0.06306913996627315 23-003478
3 0.9453857792712859 0.5940000000000012 0.12015128560317136 0.11389544688026995 23-001965
3 0.8019999999999925 0.5949999999999989 0.1644995926911415 0.13671163575042147 23-001685
1 0.16599999999999682 0.8930000000000007 0.23719034501698447 0.19774030354131542 23-001146
4 0.41200000000000614 0.370000000000001 0.07479164112138748 0.06306913996627315 23-003478
3 0.9453857792712859 0.5940000000000012 0.12015128560317136 0.11389544688026995 23-001965
3 0.8019999999999925 0.5949999999999989 0.1644995926911415 0.13671163575042147 23-001685
1 0.16599999999999682 0.8930000000000007 0.23719034501698447 0.19774030354131542 23-001146
4 0.41200000000000614 0.370000000000001 0.07479164112138748 0.06306913996627315 23-003478
3 0.9453857792712859 0.5940000000000012 0.12015128560317136 0.11389544688026995 23-001965
3 0.8019999999999925 0.5949999999999989 0.1644995926911415 0.13671163575042147 23-001685
1 0.16599999999999682 0.8930000000000007 0.23719034501698447 0.19774030354131542 23-001146
4 0.41200000000000614 0.370000000000001 0.07479164112138748 0.06306913996627315 23-003478
3 0.9453857792712859 0.5940000000000012 0.12015128560317136 0.11389544688026995 23-001965
3 0.8019999999999925 0.5949999999999989 0.1644995926911415 0.13671163575042147 23-001685
1 0.16599999999999682 0.8930000000000007 0.23719034501698447 0.19774030354131542 23-001146
