3 0.8335497470489015 0.05808010118043786 0.23647515610173314 0.11616020236087572 17-000126
2 0.9277841483979786 0.517156829679596 0.0793822773358879 0.06610455311973026 17-000712
3 0.8335497470489015 0.05808010118043786 0.23647515610173314 0.11616020236087572 17-000126
2 0.9277841483979786 0.517156829679596 0.0793822773358879 0.06610455311973026 17-000712
3 0.8335497470489015 0.05808010118043786 0.23647515610173314 0.11616020236087572 17-000126
2 0.9277841483979786 0.517156829679596 0.0793822773358879 0.06610455311973026 17-000712
3 0.8335497470489015 0.05808010118043786 0.23647515610173314 0.11616020236087572 17-000126
2 0.9277841483979786 0.517156829679596 0.0793822773358879 0.06610455311973026 17-000712
3 0.8335497470489015 0.05808010118043786 0.23647515610173314 0.11616020236087572 17-000126
2 0.9277841483979786 0.517156829679596 0.0793822773358879 0.06610455311973026 17-000712
