2 0.92297194356844 0.8190978077571662 0.15405611286311993 0.1865092748735246 17-000134
2 0.7266863406408038 0.9096526138279936 0.40585297398762893 0.1806947723440128 17-000052
3 0.17409780775717376 0.9576332209106241 0.13028370632721284 0.08473355817875185 17-000317
2 0.92297194356844 0.8190978077571662 0.15405611286311993 0.1865092748735246 17-000134
2 0.7266863406408038 0.9096526138279936 0.40585297398762893 0.1806947723440128 17-000052
3 0.17409780775717376 0.9576332209106241 0.13028370632721284 0.08473355817875185 17-000317
2 0.92297194356844 0.8190978077571662 0.15405611286311993 0.1865092748735246 17-000134
2 0.7266863406408038 0.9096526138279936 0.40585297398762893 0.1806947723440128 17-000052
3 0.17409780775717376 0.9576332209106241 0.13028370632721284 0.08473355817875185 17-000317
2 0.92297194356844 0.8190978077571662 0.15405611286311993 0.1865092748735246 17-000134
2 0.7266863406408038 0.9096526138279936 0.40585297398762893 0.1806947723440128 17-000052
3 0.17409780775717376 0.9576332209106241 0.13028370632721284 0.08473355817875185 17-000317
2 0.92297194356844 0.8190978077571662 0.15405611286311993 0.1865092748735246 17-000134
2 0.7266863406408038 0.9096526138279936 0.40585297398762893 0.1806947723440128 17-000052
3 0.17409780775717376 0.9576332209106241 0.13028370632721284 0.08473355817875185 17-000317
2 0.92297194356844 0.8190978077571662 0.15405611286311993 0.1865092748735246 17-000134
2 0.7266863406408038 0.9096526138279936 0.40585297398762893 0.1806947723440128 17-000052
3 0.17409780775717376 0.9576332209106241 0.13028370632721284 0.08473355817875185 17-000317
