1 0.12000000000000455 0.8490000000000002 0.23478284122248605 0.2018212478920743 23-001145
3 0.7659999999999911 0.9100000000000001 0.07168617916278257 0.05935919055649249 23-003655
1 0.12000000000000455 0.8490000000000002 0.23478284122248605 0.2018212478920743 23-001145
3 0.7659999999999911 0.9100000000000001 0.07168617916278257 0.05935919055649249 23-003655
1 0.12000000000000455 0.8490000000000002 0.23478284122248605 0.2018212478920743 23-001145
3 0.7659999999999911 0.9100000000000001 0.07168617916278257 0.05935919055649249 23-003655
1 0.12000000000000455 0.8490000000000002 0.23478284122248605 0.2018212478920743 23-001145
3 0.7659999999999911 0.9100000000000001 0.07168617916278257 0.05935919055649249 23-003655
1 0.12000000000000455 0.8490000000000002 0.23478284122248605 0.2018212478920743 23-001145
3 0.7659999999999911 0.9100000000000001 0.07168617916278257 0.05935919055649249 23-003655
