1 0.5210000000000008 0.4466070826306925 0.8142300554180489 0.6541315345699831 17-000008
2 0.3709999999999951 0.9759030354131533 0.11337136457158728 0.04819392917369339 17-000328
1 0.5210000000000008 0.4466070826306925 0.8142300554180489 0.6541315345699831 17-000008
2 0.3709999999999951 0.9759030354131533 0.11337136457158728 0.04819392917369339 17-000328
1 0.5210000000000008 0.4466070826306925 0.8142300554180489 0.6541315345699831 17-000008
2 0.3709999999999951 0.9759030354131533 0.11337136457158728 0.04819392917369339 17-000328
1 0.5210000000000008 0.4466070826306925 0.8142300554180489 0.6541315345699831 17-000008
2 0.3709999999999951 0.9759030354131533 0.11337136457158728 0.04819392917369339 17-000328
1 0.5210000000000008 0.4466070826306925 0.8142300554180489 0.6541315345699831 17-000008
2 0.3709999999999951 0.9759030354131533 0.11337136457158728 0.04819392917369339 17-000328
