3 0.45496121416524976 0.5809409780775716 0.08638607395954125 0.0797639123102866 17-000465
1 0.6716273187183924 0.8811155143338953 0.329201490582639 0.23776897133220923 17-000055
3 0.45496121416524976 0.5809409780775716 0.08638607395954125 0.0797639123102866 17-000465
1 0.6716273187183924 0.8811155143338953 0.329201490582639 0.23776897133220923 17-000055
3 0.45496121416524976 0.5809409780775716 0.08638607395954125 0.0797639123102866 17-000465
1 0.6716273187183924 0.8811155143338953 0.329201490582639 0.23776897133220923 17-000055
3 0.45496121416524976 0.5809409780775716 0.08638607395954125 0.0797639123102866 17-000465
1 0.6716273187183924 0.8811155143338953 0.329201490582639 0.23776897133220923 17-000055
3 0.45496121416524976 0.5809409780775716 0.08638607395954125 0.0797639123102866 17-000465
1 0.6716273187183924 0.8811155143338953 0.329201490582639 0.23776897133220923 17-000055
