3 0.08231365935919374 0.47531365935919045 0.16164990614473376 0.15244519392917366 17-000154
3 0.17978414839797388 0.8785295109612141 0.0960102420342397 0.0917369308600336 17-000356
3 0.08231365935919374 0.47531365935919045 0.16164990614473376 0.15244519392917366 17-000154
3 0.17978414839797388 0.8785295109612141 0.0960102420342397 0.0917369308600336 17-000356
3 0.08231365935919374 0.47531365935919045 0.16164990614473376 0.15244519392917366 17-000154
3 0.17978414839797388 0.8785295109612141 0.0960102420342397 0.0917369308600336 17-000356
3 0.08231365935919374 0.47531365935919045 0.16164990614473376 0.15244519392917366 17-000154
3 0.17978414839797388 0.8785295109612141 0.0960102420342397 0.0917369308600336 17-000356
3 0.08231365935919374 0.47531365935919045 0.16164990614473376 0.15244519392917366 17-000154
3 0.17978414839797388 0.8785295109612141 0.0960102420342397 0.0917369308600336 17-000356
