3 0.4733136593591849 0.284372681281619 0.1162576366165112 0.11551433389544688 17-000258
3 0.09515682967959892 0.7288431703204049 0.05905687100532871 0.058010118043844816 17-000724
3 0.4733136593591849 0.284372681281619 0.1162576366165112 0.11551433389544688 17-000258
3 0.09515682967959892 0.7288431703204049 0.05905687100532871 0.058010118043844816 17-000724
3 0.4733136593591849 0.284372681281619 0.1162576366165112 0.11551433389544688 17-000258
3 0.09515682967959892 0.7288431703204049 0.05905687100532871 0.058010118043844816 17-000724
3 0.4733136593591849 0.284372681281619 0.1162576366165112 0.11551433389544688 17-000258
3 0.09515682967959892 0.7288431703204049 0.05905687100532871 0.058010118043844816 17-000724
3 0.4733136593591849 0.284372681281619 0.1162576366165112 0.11551433389544688 17-000258
3 0.09515682967959892 0.7288431703204049 0.05905687100532871 0.058010118043844816 17-000724
