4 0.7637841483979771 0.32084317032040455 0.09253134489492795 0.08853288364249579 17-000380
4 0.2552546374367627 0.6421568296795951 0.0629729417027571 0.058516020236087575 17-000793
4 0.7637841483979771 0.32084317032040455 0.09253134489492795 0.08853288364249579 17-000380
4 0.2552546374367627 0.6421568296795951 0.0629729417027571 0.058516020236087575 17-000793
4 0.7637841483979771 0.32084317032040455 0.09253134489492795 0.08853288364249579 17-000380
4 0.2552546374367627 0.6421568296795951 0.0629729417027571 0.058516020236087575 17-000793
4 0.7637841483979771 0.32084317032040455 0.09253134489492795 0.08853288364249579 17-000380
4 0.2552546374367627 0.6421568296795951 0.0629729417027571 0.058516020236087575 17-000793
4 0.7637841483979771 0.32084317032040455 0.09253134489492795 0.08853288364249579 17-000380
4 0.2552546374367627 0.6421568296795951 0.0629729417027571 0.058516020236087575 17-000793
