2 0.7823136593591824 0.07200000000000006 0.09324752267454495 0.08514333895446882 23-002613
3 0.13700000000000045 0.0950000000000002 0.05758313153208956 0.055834738617200674 23-003924
2 0.24399999999999977 0.9729620573355818 0.07857311173572219 0.059483473861720385 23-002982
3 0.09800000000001319 0.9754258010118044 0.07931611988452338 0.05406323777403047 23-003009
2 0.7823136593591824 0.07200000000000006 0.09324752267454495 0.08514333895446882 23-002613
3 0.13700000000000045 0.0950000000000002 0.05758313153208956 0.055834738617200674 23-003924
2 0.24399999999999977 0.9729620573355818 0.07857311173572219 0.059483473861720385 23-002982
3 0.09800000000001319 0.9754258010118044 0.07931611988452338 0.05406323777403047 23-003009
2 0.7823136593591824 0.07200000000000006 0.09324752267454495 0.08514333895446882 23-002613
3 0.13700000000000045 0.0950000000000002 0.05758313153208956 0.055834738617200674 23-003924
2 0.24399999999999977 0.9729620573355818 0.07857311173572219 0.059483473861720385 23-002982
3 0.09800000000001319 0.9754258010118044 0.07931611988452338 0.05406323777403047 23-003009
2 0.7823136593591824 0.07200000000000006 0.09324752267454495 0.08514333895446882 23-002613
3 0.13700000000000045 0.0950000000000002 0.05758313153208956 0.055834738617200674 23-003924
2 0.24399999999999977 0.9729620573355818 0.07857311173572219 0.059483473861720385 23-002982
3 0.09800000000001319 0.9754258010118044 0.07931611988452338 0.05406323777403047 23-003009
