3 0.8965916387014381 0.2140000000000004 0.2068167225971239 0.24435075885328833 17-000099
3 0.2083136593591843 0.23599999999999977 0.0887408361772331 0.09443507588532883 17-000388
3 0.8965916387014381 0.2140000000000004 0.2068167225971239 0.24435075885328833 17-000099
3 0.2083136593591843 0.23599999999999977 0.0887408361772331 0.09443507588532883 17-000388
3 0.8965916387014381 0.2140000000000004 0.2068167225971239 0.24435075885328833 17-000099
3 0.2083136593591843 0.23599999999999977 0.0887408361772331 0.09443507588532883 17-000388
3 0.8965916387014381 0.2140000000000004 0.2068167225971239 0.24435075885328833 17-000099
3 0.2083136593591843 0.23599999999999977 0.0887408361772331 0.09443507588532883 17-000388
3 0.8965916387014381 0.2140000000000004 0.2068167225971239 0.24435075885328833 17-000099
3 0.2083136593591843 0.23599999999999977 0.0887408361772331 0.09443507588532883 17-000388
