3 0.9515728744902638 0.028897976391231085 0.1065396761214192 0.06357554806070838 23-002240
1 0.4883136593591996 0.6087453625632381 0.08888430860220571 0.07698145025295106 23-002786
3 0.9515728744902638 0.028897976391231085 0.1065396761214192 0.06357554806070838 23-002240
1 0.4883136593591996 0.6087453625632381 0.08888430860220571 0.07698145025295106 23-002786
3 0.9515728744902638 0.028897976391231085 0.1065396761214192 0.06357554806070838 23-002240
1 0.4883136593591996 0.6087453625632381 0.08888430860220571 0.07698145025295106 23-002786
3 0.9515728744902638 0.028897976391231085 0.1065396761214192 0.06357554806070838 23-002240
1 0.4883136593591996 0.6087453625632381 0.08888430860220571 0.07698145025295106 23-002786
3 0.9515728744902638 0.028897976391231085 0.1065396761214192 0.06357554806070838 23-002240
1 0.4883136593591996 0.6087453625632381 0.08888430860220571 0.07698145025295106 23-002786
