1 0.4699999999999989 0.017900505902192138 0.06582645448782604 0.03938111298482271 23-003626
3 0.907999999999987 0.03929258010118028 0.1805578737505059 0.08644367622259663 23-001380
1 0.4699999999999989 0.017900505902192138 0.06582645448782604 0.03938111298482271 23-003626
3 0.907999999999987 0.03929258010118028 0.1805578737505059 0.08644367622259663 23-001380
1 0.4699999999999989 0.017900505902192138 0.06582645448782604 0.03938111298482271 23-003626
3 0.907999999999987 0.03929258010118028 0.1805578737505059 0.08644367622259663 23-001380
1 0.4699999999999989 0.017900505902192138 0.06582645448782604 0.03938111298482271 23-003626
3 0.907999999999987 0.03929258010118028 0.1805578737505059 0.08644367622259663 23-001380
1 0.4699999999999989 0.017900505902192138 0.06582645448782604 0.03938111298482271 23-003626
3 0.907999999999987 0.03929258010118028 0.1805578737505059 0.08644367622259663 23-001380
