3 0.8230000000000075 0.030337268128161784 0.11935807208293651 0.06674198988195593 23-002074
3 0.08799999999999386 0.2300000000000004 0.09012372369444822 0.08607082630691403 23-002649
2 0.06056829679594119 0.8323136593591902 0.06833761693360027 0.06158516020236084 23-003480
3 0.8230000000000075 0.030337268128161784 0.11935807208293651 0.06674198988195593 23-002074
3 0.08799999999999386 0.2300000000000004 0.09012372369444822 0.08607082630691403 23-002649
2 0.06056829679594119 0.8323136593591902 0.06833761693360027 0.06158516020236084 23-003480
3 0.8230000000000075 0.030337268128161784 0.11935807208293651 0.06674198988195593 23-002074
3 0.08799999999999386 0.2300000000000004 0.09012372369444822 0.08607082630691403 23-002649
2 0.06056829679594119 0.8323136593591902 0.06833761693360027 0.06158516020236084 23-003480
3 0.8230000000000075 0.030337268128161784 0.11935807208293651 0.06674198988195593 23-002074
3 0.08799999999999386 0.2300000000000004 0.09012372369444822 0.08607082630691403 23-002649
2 0.06056829679594119 0.8323136593591902 0.06833761693360027 0.06158516020236084 23-003480
3 0.8230000000000075 0.030337268128161784 0.11935807208293651 0.06674198988195593 23-002074
3 0.08799999999999386 0.2300000000000004 0.09012372369444822 0.08607082630691403 23-002649
2 0.06056829679594119 0.8323136593591902 0.06833761693360027 0.06158516020236084 23-003480
3 0.8230000000000075 0.030337268128161784 0.11935807208293651 0.06674198988195593 23-002074
3 0.08799999999999386 0.2300000000000004 0.09012372369444822 0.08607082630691403 23-002649
2 0.06056829679594119 0.8323136593591902 0.06833761693360027 0.06158516020236084 23-003480
