1 0.041586057120926875 0.37899999999999956 0.09148932566603914 0.14042158516020237 23-001677
1 0.5403136593591922 0.546372681281619 0.06051696322457786 0.060101180438448545 23-003710
1 0.16994097807758304 0.7480000000000002 0.063868671957016 0.06084317032040479 23-003581
1 0.041586057120926875 0.37899999999999956 0.09148932566603914 0.14042158516020237 23-001677
1 0.5403136593591922 0.546372681281619 0.06051696322457786 0.060101180438448545 23-003710
1 0.16994097807758304 0.7480000000000002 0.063868671957016 0.06084317032040479 23-003581
1 0.041586057120926875 0.37899999999999956 0.09148932566603914 0.14042158516020237 23-001677
1 0.5403136593591922 0.546372681281619 0.06051696322457786 0.060101180438448545 23-003710
1 0.16994097807758304 0.7480000000000002 0.063868671957016 0.06084317032040479 23-003581
1 0.041586057120926875 0.37899999999999956 0.09148932566603914 0.14042158516020237 23-001677
1 0.5403136593591922 0.546372681281619 0.06051696322457786 0.060101180438448545 23-003710
1 0.16994097807758304 0.7480000000000002 0.063868671957016 0.06084317032040479 23-003581
1 0.041586057120926875 0.37899999999999956 0.09148932566603914 0.14042158516020237 23-001677
1 0.5403136593591922 0.546372681281619 0.06051696322457786 0.060101180438448545 23-003710
1 0.16994097807758304 0.7480000000000002 0.063868671957016 0.06084317032040479 23-003581
1 0.041586057120926875 0.37899999999999956 0.09148932566603914 0.14042158516020237 23-001677
1 0.5403136593591922 0.546372681281619 0.06051696322457786 0.060101180438448545 23-003710
1 0.16994097807758304 0.7480000000000002 0.063868671957016 0.06084317032040479 23-003581
