1 0.8811949946032014 0.1379999999999999 0.24720575049015747 0.25042158516020235 23-000869
1 0.6730000000000018 0.6130000000000004 0.08397892435164508 0.07865092748735242 23-002859
1 0.5183136593592007 0.694822934232715 0.15808892854666656 0.1530354131534572 23-001517
1 0.28643260560227557 0.8910202360876898 0.07131691358465632 0.06956155143338945 23-003235
1 0.8811949946032014 0.1379999999999999 0.24720575049015747 0.25042158516020235 23-000869
1 0.6730000000000018 0.6130000000000004 0.08397892435164508 0.07865092748735242 23-002859
1 0.5183136593592007 0.694822934232715 0.15808892854666656 0.1530354131534572 23-001517
1 0.28643260560227557 0.8910202360876898 0.07131691358465632 0.06956155143338945 23-003235
1 0.8811949946032014 0.1379999999999999 0.24720575049015747 0.25042158516020235 23-000869
1 0.6730000000000018 0.6130000000000004 0.08397892435164508 0.07865092748735242 23-002859
1 0.5183136593592007 0.694822934232715 0.15808892854666656 0.1530354131534572 23-001517
1 0.28643260560227557 0.8910202360876898 0.07131691358465632 0.06956155143338945 23-003235
1 0.8811949946032014 0.1379999999999999 0.24720575049015747 0.25042158516020235 23-000869
1 0.6730000000000018 0.6130000000000004 0.08397892435164508 0.07865092748735242 23-002859
1 0.5183136593592007 0.694822934232715 0.15808892854666656 0.1530354131534572 23-001517
1 0.28643260560227557 0.8910202360876898 0.07131691358465632 0.06956155143338945 23-003235
