2 0.13568634064079557 0.1913726812816186 0.08038979348078633 0.07661045531197302 23-002962
1 0.12631365935917646 0.4466863406408097 0.1156419302971869 0.11000000000000003 23-002117
3 0.3079409780775598 0.9180590219224285 0.06733344651174918 0.06362563237774034 23-003456
2 0.13568634064079557 0.1913726812816186 0.08038979348078633 0.07661045531197302 23-002962
1 0.12631365935917646 0.4466863406408097 0.1156419302971869 0.11000000000000003 23-002117
3 0.3079409780775598 0.9180590219224285 0.06733344651174918 0.06362563237774034 23-003456
2 0.13568634064079557 0.1913726812816186 0.08038979348078633 0.07661045531197302 23-002962
1 0.12631365935917646 0.4466863406408097 0.1156419302971869 0.11000000000000003 23-002117
3 0.3079409780775598 0.9180590219224285 0.06733344651174918 0.06362563237774034 23-003456
2 0.13568634064079557 0.1913726812816186 0.08038979348078633 0.07661045531197302 23-002962
1 0.12631365935917646 0.4466863406408097 0.1156419302971869 0.11000000000000003 23-002117
3 0.3079409780775598 0.9180590219224285 0.06733344651174918 0.06362563237774034 23-003456
2 0.13568634064079557 0.1913726812816186 0.08038979348078633 0.07661045531197302 23-002962
1 0.12631365935917646 0.4466863406408097 0.1156419302971869 0.11000000000000003 23-002117
3 0.3079409780775598 0.9180590219224285 0.06733344651174918 0.06362563237774034 23-003456
2 0.13568634064079557 0.1913726812816186 0.08038979348078633 0.07661045531197302 23-002962
1 0.12631365935917646 0.4466863406408097 0.1156419302971869 0.11000000000000003 23-002117
3 0.3079409780775598 0.9180590219224285 0.06733344651174918 0.06362563237774034 23-003456
