3 0.7186273187183895 0.4059999999999997 0.10799464135817928 0.09979763912310292 23-002280
2 0.30394097807756915 0.9340000000000002 0.0800167549959568 0.07252951096121416 23-003037
3 0.7186273187183895 0.4059999999999997 0.10799464135817928 0.09979763912310292 23-002280
2 0.30394097807756915 0.9340000000000002 0.0800167549959568 0.07252951096121416 23-003037
3 0.7186273187183895 0.4059999999999997 0.10799464135817928 0.09979763912310292 23-002280
2 0.30394097807756915 0.9340000000000002 0.0800167549959568 0.07252951096121416 23-003037
3 0.7186273187183895 0.4059999999999997 0.10799464135817928 0.09979763912310292 23-002280
2 0.30394097807756915 0.9340000000000002 0.0800167549959568 0.07252951096121416 23-003037
3 0.7186273187183895 0.4059999999999997 0.10799464135817928 0.09979763912310292 23-002280
2 0.30394097807756915 0.9340000000000002 0.0800167549959568 0.07252951096121416 23-003037
