1 0.632000000000005 0.36599999999999966 0.09550105782300475 0.08365935919055652 23-002608
3 0.2529999999999859 0.5380000000000003 0.3489246085235814 0.33964586846543 23-000595
3 0.703000000000003 0.9740952782462058 0.10727516084227945 0.05699038785834738 23-002412
1 0.632000000000005 0.36599999999999966 0.09550105782300475 0.08365935919055652 23-002608
3 0.2529999999999859 0.5380000000000003 0.3489246085235814 0.33964586846543 23-000595
3 0.703000000000003 0.9740952782462058 0.10727516084227945 0.05699038785834738 23-002412
1 0.632000000000005 0.36599999999999966 0.09550105782300475 0.08365935919055652 23-002608
3 0.2529999999999859 0.5380000000000003 0.3489246085235814 0.33964586846543 23-000595
3 0.703000000000003 0.9740952782462058 0.10727516084227945 0.05699038785834738 23-002412
1 0.632000000000005 0.36599999999999966 0.09550105782300475 0.08365935919055652 23-002608
3 0.2529999999999859 0.5380000000000003 0.3489246085235814 0.33964586846543 23-000595
3 0.703000000000003 0.9740952782462058 0.10727516084227945 0.05699038785834738 23-002412
1 0.632000000000005 0.36599999999999966 0.09550105782300475 0.08365935919055652 23-002608
3 0.2529999999999859 0.5380000000000003 0.3489246085235814 0.33964586846543 23-000595
3 0.703000000000003 0.9740952782462058 0.10727516084227945 0.05699038785834738 23-002412
1 0.632000000000005 0.36599999999999966 0.09550105782300475 0.08365935919055652 23-002608
3 0.2529999999999859 0.5380000000000003 0.3489246085235814 0.33964586846543 23-000595
3 0.703000000000003 0.9740952782462058 0.10727516084227945 0.05699038785834738 23-002412
