3 0.28600000000000136 0.04900000000000038 0.10465869350466285 0.09516020236087688 23-002376
1 0.5449999999999875 0.3150000000000004 0.40069328370356644 0.36060708263069147 23-000516
3 0.9656410471119815 0.5659999999999998 0.07558969635364056 0.07698145025295106 23-002915
1 0.2609999999999956 0.8358558178752108 0.4640491713787105 0.3611172006745364 23-000389
3 0.5889999999999986 0.8559999999999999 0.15624047816053235 0.1409780775716694 23-001605
3 0.28600000000000136 0.04900000000000038 0.10465869350466285 0.09516020236087688 23-002376
1 0.5449999999999875 0.3150000000000004 0.40069328370356644 0.36060708263069147 23-000516
3 0.9656410471119815 0.5659999999999998 0.07558969635364056 0.07698145025295106 23-002915
1 0.2609999999999956 0.8358558178752108 0.4640491713787105 0.3611172006745364 23-000389
3 0.5889999999999986 0.8559999999999999 0.15624047816053235 0.1409780775716694 23-001605
3 0.28600000000000136 0.04900000000000038 0.10465869350466285 0.09516020236087688 23-002376
1 0.5449999999999875 0.3150000000000004 0.40069328370356644 0.36060708263069147 23-000516
3 0.9656410471119815 0.5659999999999998 0.07558969635364056 0.07698145025295106 23-002915
1 0.2609999999999956 0.8358558178752108 0.4640491713787105 0.3611172006745364 23-000389
3 0.5889999999999986 0.8559999999999999 0.15624047816053235 0.1409780775716694 23-001605
3 0.28600000000000136 0.04900000000000038 0.10465869350466285 0.09516020236087688 23-002376
1 0.5449999999999875 0.3150000000000004 0.40069328370356644 0.36060708263069147 23-000516
3 0.9656410471119815 0.5659999999999998 0.07558969635364056 0.07698145025295106 23-002915
1 0.2609999999999956 0.8358558178752108 0.4640491713787105 0.3611172006745364 23-000389
3 0.5889999999999986 0.8559999999999999 0.15624047816053235 0.1409780775716694 23-001605
3 0.28600000000000136 0.04900000000000038 0.10465869350466285 0.09516020236087688 23-002376
1 0.5449999999999875 0.3150000000000004 0.40069328370356644 0.36060708263069147 23-000516
3 0.9656410471119815 0.5659999999999998 0.07558969635364056 0.07698145025295106 23-002915
1 0.2609999999999956 0.8358558178752108 0.4640491713787105 0.3611172006745364 23-000389
3 0.5889999999999986 0.8559999999999999 0.15624047816053235 0.1409780775716694 23-001605
