4 0.4153136593591921 0.07237268128161885 0.06017874876518113 0.05564924114671164 23-003861
4 0.8983136593591962 0.1639999999999997 0.16521122331807495 0.15489038785834738 23-001472
3 0.12131365935918101 0.3385682967959532 0.09736996306415954 0.08569983136593591 23-002564
1 0.05616462838029354 0.5098819561551433 0.11232925676058708 0.15730185497470503 23-001390
3 0.28662731871837316 0.5406273187183807 0.14951241929237546 0.13875210792580098 23-001656
3 0.5396273187183874 0.5496273187183811 0.06485101186806785 0.0602866779089376 23-003585
3 0.8596273187183806 0.5586273187183814 0.06092631086164295 0.05397976391231027 23-003888
1 0.9451693464725925 0.6070000000000002 0.12062743776029629 0.18568296795952785 23-001206
3 0.40500000000000114 0.9580000000000003 0.08821232738250162 0.08588532883642506 23-002677
4 0.4153136593591921 0.07237268128161885 0.06017874876518113 0.05564924114671164 23-003861
4 0.8983136593591962 0.1639999999999997 0.16521122331807495 0.15489038785834738 23-001472
3 0.12131365935918101 0.3385682967959532 0.09736996306415954 0.08569983136593591 23-002564
1 0.05616462838029354 0.5098819561551433 0.11232925676058708 0.15730185497470503 23-001390
3 0.28662731871837316 0.5406273187183807 0.14951241929237546 0.13875210792580098 23-001656
3 0.5396273187183874 0.5496273187183811 0.06485101186806785 0.0602866779089376 23-003585
3 0.8596273187183806 0.5586273187183814 0.06092631086164295 0.05397976391231027 23-003888
1 0.9451693464725925 0.6070000000000002 0.12062743776029629 0.18568296795952785 23-001206
3 0.40500000000000114 0.9580000000000003 0.08821232738250162 0.08588532883642506 23-002677
4 0.4153136593591921 0.07237268128161885 0.06017874876518113 0.05564924114671164 23-003861
4 0.8983136593591962 0.1639999999999997 0.16521122331807495 0.15489038785834738 23-001472
3 0.12131365935918101 0.3385682967959532 0.09736996306415954 0.08569983136593591 23-002564
1 0.05616462838029354 0.5098819561551433 0.11232925676058708 0.15730185497470503 23-001390
3 0.28662731871837316 0.5406273187183807 0.14951241929237546 0.13875210792580098 23-001656
3 0.5396273187183874 0.5496273187183811 0.06485101186806785 0.0602866779089376 23-003585
3 0.8596273187183806 0.5586273187183814 0.06092631086164295 0.05397976391231027 23-003888
1 0.9451693464725925 0.6070000000000002 0.12062743776029629 0.18568296795952785 23-001206
3 0.40500000000000114 0.9580000000000003 0.08821232738250162 0.08588532883642506 23-002677
4 0.4153136593591921 0.07237268128161885 0.06017874876518113 0.05564924114671164 23-003861
4 0.8983136593591962 0.1639999999999997 0.16521122331807495 0.15489038785834738 23-001472
3 0.12131365935918101 0.3385682967959532 0.09736996306415954 0.08569983136593591 23-002564
1 0.05616462838029354 0.5098819561551433 0.11232925676058708 0.15730185497470503 23-001390
3 0.28662731871837316 0.5406273187183807 0.14951241929237546 0.13875210792580098 23-001656
3 0.5396273187183874 0.5496273187183811 0.06485101186806785 0.0602866779089376 23-003585
3 0.8596273187183806 0.5586273187183814 0.06092631086164295 0.05397976391231027 23-003888
1 0.9451693464725925 0.6070000000000002 0.12062743776029629 0.18568296795952785 23-001206
3 0.40500000000000114 0.9580000000000003 0.08821232738250162 0.08588532883642506 23-002677
4 0.4153136593591921 0.07237268128161885 0.06017874876518113 0.05564924114671164 23-003861
4 0.8983136593591962 0.1639999999999997 0.16521122331807495 0.15489038785834738 23-001472
3 0.12131365935918101 0.3385682967959532 0.09736996306415954 0.08569983136593591 23-002564
1 0.05616462838029354 0.5098819561551433 0.11232925676058708 0.15730185497470503 23-001390
3 0.28662731871837316 0.5406273187183807 0.14951241929237546 0.13875210792580098 23-001656
3 0.5396273187183874 0.5496273187183811 0.06485101186806785 0.0602866779089376 23-003585
3 0.8596273187183806 0.5586273187183814 0.06092631086164295 0.05397976391231027 23-003888
1 0.9451693464725925 0.6070000000000002 0.12062743776029629 0.18568296795952785 23-001206
3 0.40500000000000114 0.9580000000000003 0.08821232738250162 0.08588532883642506 23-002677
4 0.4153136593591921 0.07237268128161885 0.06017874876518113 0.05564924114671164 23-003861
4 0.8983136593591962 0.1639999999999997 0.16521122331807495 0.15489038785834738 23-001472
3 0.12131365935918101 0.3385682967959532 0.09736996306415954 0.08569983136593591 23-002564
1 0.05616462838029354 0.5098819561551433 0.11232925676058708 0.15730185497470503 23-001390
3 0.28662731871837316 0.5406273187183807 0.14951241929237546 0.13875210792580098 23-001656
3 0.5396273187183874 0.5496273187183811 0.06485101186806785 0.0602866779089376 23-003585
3 0.8596273187183806 0.5586273187183814 0.06092631086164295 0.05397976391231027 23-003888
1 0.9451693464725925 0.6070000000000002 0.12062743776029629 0.18568296795952785 23-001206
3 0.40500000000000114 0.9580000000000003 0.08821232738250162 0.08588532883642506 23-002677
4 0.4153136593591921 0.07237268128161885 0.06017874876518113 0.05564924114671164 23-003861
4 0.8983136593591962 0.1639999999999997 0.16521122331807495 0.15489038785834738 23-001472
3 0.12131365935918101 0.3385682967959532 0.09736996306415954 0.08569983136593591 23-002564
1 0.05616462838029354 0.5098819561551433 0.11232925676058708 0.15730185497470503 23-001390
3 0.28662731871837316 0.5406273187183807 0.14951241929237546 0.13875210792580098 23-001656
3 0.5396273187183874 0.5496273187183811 0.06485101186806785 0.0602866779089376 23-003585
3 0.8596273187183806 0.5586273187183814 0.06092631086164295 0.05397976391231027 23-003888
1 0.9451693464725925 0.6070000000000002 0.12062743776029629 0.18568296795952785 23-001206
3 0.40500000000000114 0.9580000000000003 0.08821232738250162 0.08588532883642506 23-002677
4 0.4153136593591921 0.07237268128161885 0.06017874876518113 0.05564924114671164 23-003861
4 0.8983136593591962 0.1639999999999997 0.16521122331807495 0.15489038785834738 23-001472
3 0.12131365935918101 0.3385682967959532 0.09736996306415954 0.08569983136593591 23-002564
1 0.05616462838029354 0.5098819561551433 0.11232925676058708 0.15730185497470503 23-001390
3 0.28662731871837316 0.5406273187183807 0.14951241929237546 0.13875210792580098 23-001656
3 0.5396273187183874 0.5496273187183811 0.06485101186806785 0.0602866779089376 23-003585
3 0.8596273187183806 0.5586273187183814 0.06092631086164295 0.05397976391231027 23-003888
1 0.9451693464725925 0.6070000000000002 0.12062743776029629 0.18568296795952785 23-001206
3 0.40500000000000114 0.9580000000000003 0.08821232738250162 0.08588532883642506 23-002677
4 0.4153136593591921 0.07237268128161885 0.06017874876518113 0.05564924114671164 23-003861
4 0.8983136593591962 0.1639999999999997 0.16521122331807495 0.15489038785834738 23-001472
3 0.12131365935918101 0.3385682967959532 0.09736996306415954 0.08569983136593591 23-002564
1 0.05616462838029354 0.5098819561551433 0.11232925676058708 0.15730185497470503 23-001390
3 0.28662731871837316 0.5406273187183807 0.14951241929237546 0.13875210792580098 23-001656
3 0.5396273187183874 0.5496273187183811 0.06485101186806785 0.0602866779089376 23-003585
3 0.8596273187183806 0.5586273187183814 0.06092631086164295 0.05397976391231027 23-003888
1 0.9451693464725925 0.6070000000000002 0.12062743776029629 0.18568296795952785 23-001206
3 0.40500000000000114 0.9580000000000003 0.08821232738250162 0.08588532883642506 23-002677
4 0.4153136593591921 0.07237268128161885 0.06017874876518113 0.05564924114671164 23-003861
4 0.8983136593591962 0.1639999999999997 0.16521122331807495 0.15489038785834738 23-001472
3 0.12131365935918101 0.3385682967959532 0.09736996306415954 0.08569983136593591 23-002564
1 0.05616462838029354 0.5098819561551433 0.11232925676058708 0.15730185497470503 23-001390
3 0.28662731871837316 0.5406273187183807 0.14951241929237546 0.13875210792580098 23-001656
3 0.5396273187183874 0.5496273187183811 0.06485101186806785 0.0602866779089376 23-003585
3 0.8596273187183806 0.5586273187183814 0.06092631086164295 0.05397976391231027 23-003888
1 0.9451693464725925 0.6070000000000002 0.12062743776029629 0.18568296795952785 23-001206
3 0.40500000000000114 0.9580000000000003 0.08821232738250162 0.08588532883642506 23-002677
4 0.4153136593591921 0.07237268128161885 0.06017874876518113 0.05564924114671164 23-003861
4 0.8983136593591962 0.1639999999999997 0.16521122331807495 0.15489038785834738 23-001472
3 0.12131365935918101 0.3385682967959532 0.09736996306415954 0.08569983136593591 23-002564
1 0.05616462838029354 0.5098819561551433 0.11232925676058708 0.15730185497470503 23-001390
3 0.28662731871837316 0.5406273187183807 0.14951241929237546 0.13875210792580098 23-001656
3 0.5396273187183874 0.5496273187183811 0.06485101186806785 0.0602866779089376 23-003585
3 0.8596273187183806 0.5586273187183814 0.06092631086164295 0.05397976391231027 23-003888
1 0.9451693464725925 0.6070000000000002 0.12062743776029629 0.18568296795952785 23-001206
3 0.40500000000000114 0.9580000000000003 0.08821232738250162 0.08588532883642506 23-002677
4 0.4153136593591921 0.07237268128161885 0.06017874876518113 0.05564924114671164 23-003861
4 0.8983136593591962 0.1639999999999997 0.16521122331807495 0.15489038785834738 23-001472
3 0.12131365935918101 0.3385682967959532 0.09736996306415954 0.08569983136593591 23-002564
1 0.05616462838029354 0.5098819561551433 0.11232925676058708 0.15730185497470503 23-001390
3 0.28662731871837316 0.5406273187183807 0.14951241929237546 0.13875210792580098 23-001656
3 0.5396273187183874 0.5496273187183811 0.06485101186806785 0.0602866779089376 23-003585
3 0.8596273187183806 0.5586273187183814 0.06092631086164295 0.05397976391231027 23-003888
1 0.9451693464725925 0.6070000000000002 0.12062743776029629 0.18568296795952785 23-001206
3 0.40500000000000114 0.9580000000000003 0.08821232738250162 0.08588532883642506 23-002677
