2 0.10984317032039938 0.07178414839797691 0.0663638998493596 0.06627318718381113 17-000649
3 0.9133136593591967 0.2980978077571672 0.09407166833923755 0.0903878583473862 17-000401
2 0.10984317032039938 0.07178414839797691 0.0663638998493596 0.06627318718381113 17-000649
3 0.9133136593591967 0.2980978077571672 0.09407166833923755 0.0903878583473862 17-000401
2 0.10984317032039938 0.07178414839797691 0.0663638998493596 0.06627318718381113 17-000649
3 0.9133136593591967 0.2980978077571672 0.09407166833923755 0.0903878583473862 17-000401
2 0.10984317032039938 0.07178414839797691 0.0663638998493596 0.06627318718381113 17-000649
3 0.9133136593591967 0.2980978077571672 0.09407166833923755 0.0903878583473862 17-000401
2 0.10984317032039938 0.07178414839797691 0.0663638998493596 0.06627318718381113 17-000649
3 0.9133136593591967 0.2980978077571672 0.09407166833923755 0.0903878583473862 17-000401
