4 0.6157841483979809 0.06447048903878601 0.08349703339466068 0.07672849915682968 17-000518
4 0.08400000000000318 0.8386273187183817 0.07465845699570933 0.07689713322091066 17-000609
4 0.6157841483979809 0.06447048903878601 0.08349703339466068 0.07672849915682968 17-000518
4 0.08400000000000318 0.8386273187183817 0.07465845699570933 0.07689713322091066 17-000609
4 0.6157841483979809 0.06447048903878601 0.08349703339466068 0.07672849915682968 17-000518
4 0.08400000000000318 0.8386273187183817 0.07465845699570933 0.07689713322091066 17-000609
4 0.6157841483979809 0.06447048903878601 0.08349703339466068 0.07672849915682968 17-000518
4 0.08400000000000318 0.8386273187183817 0.07465845699570933 0.07689713322091066 17-000609
4 0.6157841483979809 0.06447048903878601 0.08349703339466068 0.07672849915682968 17-000518
4 0.08400000000000318 0.8386273187183817 0.07465845699570933 0.07689713322091066 17-000609
