2 0.20662731871838907 0.3460000000000001 0.09590807569013254 0.08607082630691403 23-002568
3 0.29699999999999704 0.3879999999999999 0.12288222197798226 0.11055649241146721 23-002057
4 0.6510000000000105 0.5030000000000001 0.10415017594475343 0.09961214165261371 23-002324
2 0.20662731871838907 0.3460000000000001 0.09590807569013254 0.08607082630691403 23-002568
3 0.29699999999999704 0.3879999999999999 0.12288222197798226 0.11055649241146721 23-002057
4 0.6510000000000105 0.5030000000000001 0.10415017594475343 0.09961214165261371 23-002324
2 0.20662731871838907 0.3460000000000001 0.09590807569013254 0.08607082630691403 23-002568
3 0.29699999999999704 0.3879999999999999 0.12288222197798226 0.11055649241146721 23-002057
4 0.6510000000000105 0.5030000000000001 0.10415017594475343 0.09961214165261371 23-002324
2 0.20662731871838907 0.3460000000000001 0.09590807569013254 0.08607082630691403 23-002568
3 0.29699999999999704 0.3879999999999999 0.12288222197798226 0.11055649241146721 23-002057
4 0.6510000000000105 0.5030000000000001 0.10415017594475343 0.09961214165261371 23-002324
2 0.20662731871838907 0.3460000000000001 0.09590807569013254 0.08607082630691403 23-002568
3 0.29699999999999704 0.3879999999999999 0.12288222197798226 0.11055649241146721 23-002057
4 0.6510000000000105 0.5030000000000001 0.10415017594475343 0.09961214165261371 23-002324
2 0.20662731871838907 0.3460000000000001 0.09590807569013254 0.08607082630691403 23-002568
3 0.29699999999999704 0.3879999999999999 0.12288222197798226 0.11055649241146721 23-002057
4 0.6510000000000105 0.5030000000000001 0.10415017594475343 0.09961214165261371 23-002324
