2 0.1349999999999909 0.11899999999999977 0.06293967467164946 0.0608431703204047 23-003629
1 0.625 0.20899999999999963 0.14049034524921744 0.13244519392917364 23-001777
3 0.11400000000000432 0.6150000000000002 0.0754901455139129 0.07160202360876904 23-003136
2 0.1349999999999909 0.11899999999999977 0.06293967467164946 0.0608431703204047 23-003629
1 0.625 0.20899999999999963 0.14049034524921744 0.13244519392917364 23-001777
3 0.11400000000000432 0.6150000000000002 0.0754901455139129 0.07160202360876904 23-003136
2 0.1349999999999909 0.11899999999999977 0.06293967467164946 0.0608431703204047 23-003629
1 0.625 0.20899999999999963 0.14049034524921744 0.13244519392917364 23-001777
3 0.11400000000000432 0.6150000000000002 0.0754901455139129 0.07160202360876904 23-003136
2 0.1349999999999909 0.11899999999999977 0.06293967467164946 0.0608431703204047 23-003629
1 0.625 0.20899999999999963 0.14049034524921744 0.13244519392917364 23-001777
3 0.11400000000000432 0.6150000000000002 0.0754901455139129 0.07160202360876904 23-003136
2 0.1349999999999909 0.11899999999999977 0.06293967467164946 0.0608431703204047 23-003629
1 0.625 0.20899999999999963 0.14049034524921744 0.13244519392917364 23-001777
3 0.11400000000000432 0.6150000000000002 0.0754901455139129 0.07160202360876904 23-003136
2 0.1349999999999909 0.11899999999999977 0.06293967467164946 0.0608431703204047 23-003629
1 0.625 0.20899999999999963 0.14049034524921744 0.13244519392917364 23-001777
3 0.11400000000000432 0.6150000000000002 0.0754901455139129 0.07160202360876904 23-003136
