3 0.5827841483979797 0.841843170320404 0.09213443746237449 0.09005059021922425 17-000377
2 0.9191568296795969 0.8960000000000007 0.13362331192552557 0.1295109612141652 17-000217
3 0.5827841483979797 0.841843170320404 0.09213443746237449 0.09005059021922425 17-000377
2 0.9191568296795969 0.8960000000000007 0.13362331192552557 0.1295109612141652 17-000217
3 0.5827841483979797 0.841843170320404 0.09213443746237449 0.09005059021922425 17-000377
2 0.9191568296795969 0.8960000000000007 0.13362331192552557 0.1295109612141652 17-000217
3 0.5827841483979797 0.841843170320404 0.09213443746237449 0.09005059021922425 17-000377
2 0.9191568296795969 0.8960000000000007 0.13362331192552557 0.1295109612141652 17-000217
3 0.5827841483979797 0.841843170320404 0.09213443746237449 0.09005059021922425 17-000377
2 0.9191568296795969 0.8960000000000007 0.13362331192552557 0.1295109612141652 17-000217
