3 0.1490000000000009 0.07068634064081028 0.1185079331887779 0.10332209106239462 23-002144
3 0.3810000000000002 0.28500000000000014 0.09409266961581257 0.08254637436762224 23-002657
3 0.8146273187183931 0.48600000000000065 0.09428047933560452 0.08755480607082623 23-002576
3 0.28131365935917757 0.8193136593591903 0.07042864492201549 0.06566610455311964 23-003343
3 0.1490000000000009 0.07068634064081028 0.1185079331887779 0.10332209106239462 23-002144
3 0.3810000000000002 0.28500000000000014 0.09409266961581257 0.08254637436762224 23-002657
3 0.8146273187183931 0.48600000000000065 0.09428047933560452 0.08755480607082623 23-002576
3 0.28131365935917757 0.8193136593591903 0.07042864492201549 0.06566610455311964 23-003343
3 0.1490000000000009 0.07068634064081028 0.1185079331887779 0.10332209106239462 23-002144
3 0.3810000000000002 0.28500000000000014 0.09409266961581257 0.08254637436762224 23-002657
3 0.8146273187183931 0.48600000000000065 0.09428047933560452 0.08755480607082623 23-002576
3 0.28131365935917757 0.8193136593591903 0.07042864492201549 0.06566610455311964 23-003343
3 0.1490000000000009 0.07068634064081028 0.1185079331887779 0.10332209106239462 23-002144
3 0.3810000000000002 0.28500000000000014 0.09409266961581257 0.08254637436762224 23-002657
3 0.8146273187183931 0.48600000000000065 0.09428047933560452 0.08755480607082623 23-002576
3 0.28131365935917757 0.8193136593591903 0.07042864492201549 0.06566610455311964 23-003343
