4 0.9043136593591964 0.07156829679595278 0.09868465430016861 0.0897807757166948 23-002495
3 0.7400000000000091 0.365 0.1680607082630693 0.14450252951096126 23-001507
1 0.6443136593591771 0.42756829679595276 0.06214165261382803 0.05898819561551436 23-003675
3 0.45931365935920326 0.7651365935919056 0.4270151770657673 0.37118043844856685 23-000477
2 0.2599999999999909 0.9279999999999999 0.17139966273187185 0.15229342327150086 23-001468
4 0.9043136593591964 0.07156829679595278 0.09868465430016861 0.0897807757166948 23-002495
3 0.7400000000000091 0.365 0.1680607082630693 0.14450252951096126 23-001507
1 0.6443136593591771 0.42756829679595276 0.06214165261382803 0.05898819561551436 23-003675
3 0.45931365935920326 0.7651365935919056 0.4270151770657673 0.37118043844856685 23-000477
2 0.2599999999999909 0.9279999999999999 0.17139966273187185 0.15229342327150086 23-001468
4 0.9043136593591964 0.07156829679595278 0.09868465430016861 0.0897807757166948 23-002495
3 0.7400000000000091 0.365 0.1680607082630693 0.14450252951096126 23-001507
1 0.6443136593591771 0.42756829679595276 0.06214165261382803 0.05898819561551436 23-003675
3 0.45931365935920326 0.7651365935919056 0.4270151770657673 0.37118043844856685 23-000477
2 0.2599999999999909 0.9279999999999999 0.17139966273187185 0.15229342327150086 23-001468
4 0.9043136593591964 0.07156829679595278 0.09868465430016861 0.0897807757166948 23-002495
3 0.7400000000000091 0.365 0.1680607082630693 0.14450252951096126 23-001507
1 0.6443136593591771 0.42756829679595276 0.06214165261382803 0.05898819561551436 23-003675
3 0.45931365935920326 0.7651365935919056 0.4270151770657673 0.37118043844856685 23-000477
2 0.2599999999999909 0.9279999999999999 0.17139966273187185 0.15229342327150086 23-001468
4 0.9043136593591964 0.07156829679595278 0.09868465430016861 0.0897807757166948 23-002495
3 0.7400000000000091 0.365 0.1680607082630693 0.14450252951096126 23-001507
1 0.6443136593591771 0.42756829679595276 0.06214165261382803 0.05898819561551436 23-003675
3 0.45931365935920326 0.7651365935919056 0.4270151770657673 0.37118043844856685 23-000477
2 0.2599999999999909 0.9279999999999999 0.17139966273187185 0.15229342327150086 23-001468
