1 0.42099999999999227 0.255 0.1138954468802699 0.10480607082630694 23-002169
2 0.7256273187183946 0.7142546374367622 0.05973018549747042 0.05527824620573351 23-003870
1 0.42099999999999227 0.255 0.1138954468802699 0.10480607082630694 23-002169
2 0.7256273187183946 0.7142546374367622 0.05973018549747042 0.05527824620573351 23-003870
1 0.42099999999999227 0.255 0.1138954468802699 0.10480607082630694 23-002169
2 0.7256273187183946 0.7142546374367622 0.05973018549747042 0.05527824620573351 23-003870
1 0.42099999999999227 0.255 0.1138954468802699 0.10480607082630694 23-002169
2 0.7256273187183946 0.7142546374367622 0.05973018549747042 0.05527824620573351 23-003870
1 0.42099999999999227 0.255 0.1138954468802699 0.10480607082630694 23-002169
2 0.7256273187183946 0.7142546374367622 0.05973018549747042 0.05527824620573351 23-003870
