2 0.6500000000000057 0.22553962900505903 0.6948735244519396 0.4961871838111299 23-000215
2 0.3026273187183927 0.5819409780775717 0.076795952782462 0.07123102866779091 23-003106
1 0.9860092748735221 0.799 0.030779595278251366 0.05360876897133215 23-003929
2 0.6500000000000057 0.22553962900505903 0.6948735244519396 0.4961871838111299 23-000215
2 0.3026273187183927 0.5819409780775717 0.076795952782462 0.07123102866779091 23-003106
1 0.9860092748735221 0.799 0.030779595278251366 0.05360876897133215 23-003929
2 0.6500000000000057 0.22553962900505903 0.6948735244519396 0.4961871838111299 23-000215
2 0.3026273187183927 0.5819409780775717 0.076795952782462 0.07123102866779091 23-003106
1 0.9860092748735221 0.799 0.030779595278251366 0.05360876897133215 23-003929
2 0.6500000000000057 0.22553962900505903 0.6948735244519396 0.4961871838111299 23-000215
2 0.3026273187183927 0.5819409780775717 0.076795952782462 0.07123102866779091 23-003106
1 0.9860092748735221 0.799 0.030779595278251366 0.05360876897133215 23-003929
2 0.6500000000000057 0.22553962900505903 0.6948735244519396 0.4961871838111299 23-000215
2 0.3026273187183927 0.5819409780775717 0.076795952782462 0.07123102866779091 23-003106
1 0.9860092748735221 0.799 0.030779595278251366 0.05360876897133215 23-003929
2 0.6500000000000057 0.22553962900505903 0.6948735244519396 0.4961871838111299 23-000215
2 0.3026273187183927 0.5819409780775717 0.076795952782462 0.07123102866779091 23-003106
1 0.9860092748735221 0.799 0.030779595278251366 0.05360876897133215 23-003929
