1 0.39294097807756784 0.43584148397976363 0.44433904134609115 0.4266441821247894 15-000073
2 0.571313659359198 0.7880000000000003 0.21209231053654037 0.13801011804384491 15-000283
3 0.8590000000000089 0.9477554806070823 0.16763957049513414 0.11493794266441912 15-000298
1 0.39294097807756784 0.43584148397976363 0.44433904134609115 0.4266441821247894 15-000073
2 0.571313659359198 0.7880000000000003 0.21209231053654037 0.13801011804384491 15-000283
3 0.8590000000000089 0.9477554806070823 0.16763957049513414 0.11493794266441912 15-000298
1 0.39294097807756784 0.43584148397976363 0.44433904134609115 0.4266441821247894 15-000073
2 0.571313659359198 0.7880000000000003 0.21209231053654037 0.13801011804384491 15-000283
3 0.8590000000000089 0.9477554806070823 0.16763957049513414 0.11493794266441912 15-000298
1 0.39294097807756784 0.43584148397976363 0.44433904134609115 0.4266441821247894 15-000073
2 0.571313659359198 0.7880000000000003 0.21209231053654037 0.13801011804384491 15-000283
3 0.8590000000000089 0.9477554806070823 0.16763957049513414 0.11493794266441912 15-000298
1 0.39294097807756784 0.43584148397976363 0.44433904134609115 0.4266441821247894 15-000073
2 0.571313659359198 0.7880000000000003 0.21209231053654037 0.13801011804384491 15-000283
3 0.8590000000000089 0.9477554806070823 0.16763957049513414 0.11493794266441912 15-000298
1 0.39294097807756784 0.43584148397976363 0.44433904134609115 0.4266441821247894 15-000073
2 0.571313659359198 0.7880000000000003 0.21209231053654037 0.13801011804384491 15-000283
3 0.8590000000000089 0.9477554806070823 0.16763957049513414 0.11493794266441912 15-000298
