3 0.07231365935920284 0.13631365935919046 0.11132020917148783 0.10276559865092749 15-000506
4 0.8770000000000094 0.39700000000000024 0.2569217687138907 0.2461551433389544 15-000168
3 0.07231365935920284 0.13631365935919046 0.11132020917148783 0.10276559865092749 15-000506
4 0.8770000000000094 0.39700000000000024 0.2569217687138907 0.2461551433389544 15-000168
3 0.07231365935920284 0.13631365935919046 0.11132020917148783 0.10276559865092749 15-000506
4 0.8770000000000094 0.39700000000000024 0.2569217687138907 0.2461551433389544 15-000168
3 0.07231365935920284 0.13631365935919046 0.11132020917148783 0.10276559865092749 15-000506
4 0.8770000000000094 0.39700000000000024 0.2569217687138907 0.2461551433389544 15-000168
3 0.07231365935920284 0.13631365935919046 0.11132020917148783 0.10276559865092749 15-000506
4 0.8770000000000094 0.39700000000000024 0.2569217687138907 0.2461551433389544 15-000168
