4 0.36825463743676223 0.08662731871838097 0.11286930767952061 0.10590219224283307 09-000148
3 0.21509780775717058 0.32031365935918976 0.1151482003746127 0.11028667790893756 09-000143
4 0.36825463743676223 0.08662731871838097 0.11286930767952061 0.10590219224283307 09-000148
3 0.21509780775717058 0.32031365935918976 0.1151482003746127 0.11028667790893756 09-000143
4 0.36825463743676223 0.08662731871838097 0.11286930767952061 0.10590219224283307 09-000148
3 0.21509780775717058 0.32031365935918976 0.1151482003746127 0.11028667790893756 09-000143
4 0.36825463743676223 0.08662731871838097 0.11286930767952061 0.10590219224283307 09-000148
3 0.21509780775717058 0.32031365935918976 0.1151482003746127 0.11028667790893756 09-000143
4 0.36825463743676223 0.08662731871838097 0.11286930767952061 0.10590219224283307 09-000148
3 0.21509780775717058 0.32031365935918976 0.1151482003746127 0.11028667790893756 09-000143
