1 0.10699999999999932 0.32564586846542987 0.16612603662933262 0.15340640809443504 15-000310
2 0.7849999999999966 0.4339999999999993 0.13597302313154278 0.11667790893760543 15-000412
1 0.05500000000000682 0.6410590219224276 0.09880327064370126 0.0907082630691401 15-000591
1 0.10699999999999932 0.32564586846542987 0.16612603662933262 0.15340640809443504 15-000310
2 0.7849999999999966 0.4339999999999993 0.13597302313154278 0.11667790893760543 15-000412
1 0.05500000000000682 0.6410590219224276 0.09880327064370126 0.0907082630691401 15-000591
1 0.10699999999999932 0.32564586846542987 0.16612603662933262 0.15340640809443504 15-000310
2 0.7849999999999966 0.4339999999999993 0.13597302313154278 0.11667790893760543 15-000412
1 0.05500000000000682 0.6410590219224276 0.09880327064370126 0.0907082630691401 15-000591
1 0.10699999999999932 0.32564586846542987 0.16612603662933262 0.15340640809443504 15-000310
2 0.7849999999999966 0.4339999999999993 0.13597302313154278 0.11667790893760543 15-000412
1 0.05500000000000682 0.6410590219224276 0.09880327064370126 0.0907082630691401 15-000591
1 0.10699999999999932 0.32564586846542987 0.16612603662933262 0.15340640809443504 15-000310
2 0.7849999999999966 0.4339999999999993 0.13597302313154278 0.11667790893760543 15-000412
1 0.05500000000000682 0.6410590219224276 0.09880327064370126 0.0907082630691401 15-000591
1 0.10699999999999932 0.32564586846542987 0.16612603662933262 0.15340640809443504 15-000310
2 0.7849999999999966 0.4339999999999993 0.13597302313154278 0.11667790893760543 15-000412
1 0.05500000000000682 0.6410590219224276 0.09880327064370126 0.0907082630691401 15-000591
