2 0.44662731871836975 0.4573726812816195 0.07596034956332538 0.06325463743676221 15-000866
3 0.4403136593591978 0.6899999999999995 0.06986829145298354 0.06195615514333897 15-000936
2 0.44662731871836975 0.4573726812816195 0.07596034956332538 0.06325463743676221 15-000866
3 0.4403136593591978 0.6899999999999995 0.06986829145298354 0.06195615514333897 15-000936
2 0.44662731871836975 0.4573726812816195 0.07596034956332538 0.06325463743676221 15-000866
3 0.4403136593591978 0.6899999999999995 0.06986829145298354 0.06195615514333897 15-000936
2 0.44662731871836975 0.4573726812816195 0.07596034956332538 0.06325463743676221 15-000866
3 0.4403136593591978 0.6899999999999995 0.06986829145298354 0.06195615514333897 15-000936
2 0.44662731871836975 0.4573726812816195 0.07596034956332538 0.06325463743676221 15-000866
3 0.4403136593591978 0.6899999999999995 0.06986829145298354 0.06195615514333897 15-000936
