2 0.16831365935917805 0.24011804384485708 0.17072036561726892 0.12354131534569981 15-000354
3 0.026142360585618456 0.49000000000000016 0.05751319328836062 0.05676222596964601 15-001044
3 0.1570000000000107 0.6493912310286678 0.14816157150434878 0.134114671163575 15-000370
3 0.29400000000001114 0.6806863406408097 0.42613179726863654 0.39139966273187177 15-000081
2 0.16831365935917805 0.24011804384485708 0.17072036561726892 0.12354131534569981 15-000354
3 0.026142360585618456 0.49000000000000016 0.05751319328836062 0.05676222596964601 15-001044
3 0.1570000000000107 0.6493912310286678 0.14816157150434878 0.134114671163575 15-000370
3 0.29400000000001114 0.6806863406408097 0.42613179726863654 0.39139966273187177 15-000081
2 0.16831365935917805 0.24011804384485708 0.17072036561726892 0.12354131534569981 15-000354
3 0.026142360585618456 0.49000000000000016 0.05751319328836062 0.05676222596964601 15-001044
3 0.1570000000000107 0.6493912310286678 0.14816157150434878 0.134114671163575 15-000370
3 0.29400000000001114 0.6806863406408097 0.42613179726863654 0.39139966273187177 15-000081
2 0.16831365935917805 0.24011804384485708 0.17072036561726892 0.12354131534569981 15-000354
3 0.026142360585618456 0.49000000000000016 0.05751319328836062 0.05676222596964601 15-001044
3 0.1570000000000107 0.6493912310286678 0.14816157150434878 0.134114671163575 15-000370
3 0.29400000000001114 0.6806863406408097 0.42613179726863654 0.39139966273187177 15-000081
