3 0.2980000000000018 0.7110000000000003 0.32404369509660785 0.3118212478920742 15-000124
2 0.25499999999999545 0.9100000000000001 0.12674983471920415 0.11593591905564925 15-000428
3 0.2980000000000018 0.7110000000000003 0.32404369509660785 0.3118212478920742 15-000124
2 0.25499999999999545 0.9100000000000001 0.12674983471920415 0.11593591905564925 15-000428
3 0.2980000000000018 0.7110000000000003 0.32404369509660785 0.3118212478920742 15-000124
2 0.25499999999999545 0.9100000000000001 0.12674983471920415 0.11593591905564925 15-000428
3 0.2980000000000018 0.7110000000000003 0.32404369509660785 0.3118212478920742 15-000124
2 0.25499999999999545 0.9100000000000001 0.12674983471920415 0.11593591905564925 15-000428
3 0.2980000000000018 0.7110000000000003 0.32404369509660785 0.3118212478920742 15-000124
2 0.25499999999999545 0.9100000000000001 0.12674983471920415 0.11593591905564925 15-000428
