1 0.27899999999999636 0.11899999999999977 0.11349629761966189 0.10629005059021926 15-000486
3 0.09467203156522205 0.38400000000000034 0.20827846944348855 0.3665430016863407 15-000094
1 0.27899999999999636 0.11899999999999977 0.11349629761966189 0.10629005059021926 15-000486
3 0.09467203156522205 0.38400000000000034 0.20827846944348855 0.3665430016863407 15-000094
1 0.27899999999999636 0.11899999999999977 0.11349629761966189 0.10629005059021926 15-000486
3 0.09467203156522205 0.38400000000000034 0.20827846944348855 0.3665430016863407 15-000094
1 0.27899999999999636 0.11899999999999977 0.11349629761966189 0.10629005059021926 15-000486
3 0.09467203156522205 0.38400000000000034 0.20827846944348855 0.3665430016863407 15-000094
1 0.27899999999999636 0.11899999999999977 0.11349629761966189 0.10629005059021926 15-000486
3 0.09467203156522205 0.38400000000000034 0.20827846944348855 0.3665430016863407 15-000094
