3 0.47047048903878486 0.1767453625632377 0.0799280857325926 0.0794266441821248 09-000251
2 0.6209612141652608 0.8618431703204054 0.08930489712178726 0.09123102866779093 09-000234
3 0.47047048903878486 0.1767453625632377 0.0799280857325926 0.0794266441821248 09-000251
2 0.6209612141652608 0.8618431703204054 0.08930489712178726 0.09123102866779093 09-000234
3 0.47047048903878486 0.1767453625632377 0.0799280857325926 0.0794266441821248 09-000251
2 0.6209612141652608 0.8618431703204054 0.08930489712178726 0.09123102866779093 09-000234
3 0.47047048903878486 0.1767453625632377 0.0799280857325926 0.0794266441821248 09-000251
2 0.6209612141652608 0.8618431703204054 0.08930489712178726 0.09123102866779093 09-000234
3 0.47047048903878486 0.1767453625632377 0.0799280857325926 0.0794266441821248 09-000251
2 0.6209612141652608 0.8618431703204054 0.08930489712178726 0.09123102866779093 09-000234
