3 0.37958853288365657 0.5840000000000001 0.052825004887802514 0.04983136593591917 15-001101
3 0.21874536256322685 0.638 0.14471006702557712 0.1426475548060707 15-000345
3 0.37958853288365657 0.5840000000000001 0.052825004887802514 0.04983136593591917 15-001101
3 0.21874536256322685 0.638 0.14471006702557712 0.1426475548060707 15-000345
3 0.37958853288365657 0.5840000000000001 0.052825004887802514 0.04983136593591917 15-001101
3 0.21874536256322685 0.638 0.14471006702557712 0.1426475548060707 15-000345
3 0.37958853288365657 0.5840000000000001 0.052825004887802514 0.04983136593591917 15-001101
3 0.21874536256322685 0.638 0.14471006702557712 0.1426475548060707 15-000345
3 0.37958853288365657 0.5840000000000001 0.052825004887802514 0.04983136593591917 15-001101
3 0.21874536256322685 0.638 0.14471006702557712 0.1426475548060707 15-000345
