3 0.6880387858347509 0.3120590219224269 0.10411985954064337 0.09092748735244523 15-000602
3 0.19094097807756963 0.8290000000000006 0.09863227503441042 0.08607082630691412 15-000624
3 0.6880387858347509 0.3120590219224269 0.10411985954064337 0.09092748735244523 15-000602
3 0.19094097807756963 0.8290000000000006 0.09863227503441042 0.08607082630691412 15-000624
3 0.6880387858347509 0.3120590219224269 0.10411985954064337 0.09092748735244523 15-000602
3 0.19094097807756963 0.8290000000000006 0.09863227503441042 0.08607082630691412 15-000624
3 0.6880387858347509 0.3120590219224269 0.10411985954064337 0.09092748735244523 15-000602
3 0.19094097807756963 0.8290000000000006 0.09863227503441042 0.08607082630691412 15-000624
3 0.6880387858347509 0.3120590219224269 0.10411985954064337 0.09092748735244523 15-000602
3 0.19094097807756963 0.8290000000000006 0.09863227503441042 0.08607082630691412 15-000624
