3 0.6463136593591867 0.5357453625632377 0.31590337176335487 0.2641483979763913 15-000141
1 0.5415682967959642 0.6997453625632392 0.08042631757369789 0.07067453625632372 15-000802
3 0.6463136593591867 0.5357453625632377 0.31590337176335487 0.2641483979763913 15-000141
1 0.5415682967959642 0.6997453625632392 0.08042631757369789 0.07067453625632372 15-000802
3 0.6463136593591867 0.5357453625632377 0.31590337176335487 0.2641483979763913 15-000141
1 0.5415682967959642 0.6997453625632392 0.08042631757369789 0.07067453625632372 15-000802
3 0.6463136593591867 0.5357453625632377 0.31590337176335487 0.2641483979763913 15-000141
1 0.5415682967959642 0.6997453625632392 0.08042631757369789 0.07067453625632372 15-000802
3 0.6463136593591867 0.5357453625632377 0.31590337176335487 0.2641483979763913 15-000141
1 0.5415682967959642 0.6997453625632392 0.08042631757369789 0.07067453625632372 15-000802
