2 0.3467841483979755 0.8553338954468813 0.15436487480359468 0.14384485666104546 09-000097
3 0.6362546374367629 0.891843170320403 0.19800341214352926 0.17959527824620575 09-000053
2 0.3467841483979755 0.8553338954468813 0.15436487480359468 0.14384485666104546 09-000097
3 0.6362546374367629 0.891843170320403 0.19800341214352926 0.17959527824620575 09-000053
2 0.3467841483979755 0.8553338954468813 0.15436487480359468 0.14384485666104546 09-000097
3 0.6362546374367629 0.891843170320403 0.19800341214352926 0.17959527824620575 09-000053
2 0.3467841483979755 0.8553338954468813 0.15436487480359468 0.14384485666104546 09-000097
3 0.6362546374367629 0.891843170320403 0.19800341214352926 0.17959527824620575 09-000053
2 0.3467841483979755 0.8553338954468813 0.15436487480359468 0.14384485666104546 09-000097
3 0.6362546374367629 0.891843170320403 0.19800341214352926 0.17959527824620575 09-000053
