4 0.9230694247951933 0.3099999999999987 0.16924726545057509 0.2422596964586847 15-000166
2 0.1951958263742504 0.3260000000000005 0.4294308180233509 0.37118043844856674 15-000091
4 0.9230694247951933 0.3099999999999987 0.16924726545057509 0.2422596964586847 15-000166
2 0.1951958263742504 0.3260000000000005 0.4294308180233509 0.37118043844856674 15-000091
4 0.9230694247951933 0.3099999999999987 0.16924726545057509 0.2422596964586847 15-000166
2 0.1951958263742504 0.3260000000000005 0.4294308180233509 0.37118043844856674 15-000091
4 0.9230694247951933 0.3099999999999987 0.16924726545057509 0.2422596964586847 15-000166
2 0.1951958263742504 0.3260000000000005 0.4294308180233509 0.37118043844856674 15-000091
4 0.9230694247951933 0.3099999999999987 0.16924726545057509 0.2422596964586847 15-000166
2 0.1951958263742504 0.3260000000000005 0.4294308180233509 0.37118043844856674 15-000091
