3 0.362254637436762 0.13837268128162045 0.06254009631666915 0.05564924114671164 15-001125
2 0.12114459778815416 0.901588532883642 0.26651811513393925 0.2165052276559877 15-000128
3 0.362254637436762 0.13837268128162045 0.06254009631666915 0.05564924114671164 15-001125
2 0.12114459778815416 0.901588532883642 0.26651811513393925 0.2165052276559877 15-000128
3 0.362254637436762 0.13837268128162045 0.06254009631666915 0.05564924114671164 15-001125
2 0.12114459778815416 0.901588532883642 0.26651811513393925 0.2165052276559877 15-000128
3 0.362254637436762 0.13837268128162045 0.06254009631666915 0.05564924114671164 15-001125
2 0.12114459778815416 0.901588532883642 0.26651811513393925 0.2165052276559877 15-000128
3 0.362254637436762 0.13837268128162045 0.06254009631666915 0.05564924114671164 15-001125
2 0.12114459778815416 0.901588532883642 0.26651811513393925 0.2165052276559877 15-000128
