3 0.1447841483979773 0.48031365935918985 0.09013863471892228 0.0797639123102866 09-000279
3 0.7279409780775757 0.9742107925801018 0.12194437256264022 0.05157841483979651 09-000152
3 0.1447841483979773 0.48031365935918985 0.09013863471892228 0.0797639123102866 09-000279
3 0.7279409780775757 0.9742107925801018 0.12194437256264022 0.05157841483979651 09-000152
3 0.1447841483979773 0.48031365935918985 0.09013863471892228 0.0797639123102866 09-000279
3 0.7279409780775757 0.9742107925801018 0.12194437256264022 0.05157841483979651 09-000152
3 0.1447841483979773 0.48031365935918985 0.09013863471892228 0.0797639123102866 09-000279
3 0.7279409780775757 0.9742107925801018 0.12194437256264022 0.05157841483979651 09-000152
3 0.1447841483979773 0.48031365935918985 0.09013863471892228 0.0797639123102866 09-000279
3 0.7279409780775757 0.9742107925801018 0.12194437256264022 0.05157841483979651 09-000152
