3 0.10131365935918499 0.256372681281619 0.12044012495774217 0.10387858347386175 09-000165
3 0.2687841483979726 0.8644940978077565 0.3570389949968727 0.2710118043844868 09-000017
3 0.10131365935918499 0.256372681281619 0.12044012495774217 0.10387858347386175 09-000165
3 0.2687841483979726 0.8644940978077565 0.3570389949968727 0.2710118043844868 09-000017
3 0.10131365935918499 0.256372681281619 0.12044012495774217 0.10387858347386175 09-000165
3 0.2687841483979726 0.8644940978077565 0.3570389949968727 0.2710118043844868 09-000017
3 0.10131365935918499 0.256372681281619 0.12044012495774217 0.10387858347386175 09-000165
3 0.2687841483979726 0.8644940978077565 0.3570389949968727 0.2710118043844868 09-000017
3 0.10131365935918499 0.256372681281619 0.12044012495774217 0.10387858347386175 09-000165
3 0.2687841483979726 0.8644940978077565 0.3570389949968727 0.2710118043844868 09-000017
