3 0.903745362563229 0.3180000000000014 0.151899246375837 0.1281787521079258 15-000383
3 0.7006863406408217 0.6466273187183796 0.08647525031450504 0.07290050590219227 15-000769
3 0.903745362563229 0.3180000000000014 0.151899246375837 0.1281787521079258 15-000383
3 0.7006863406408217 0.6466273187183796 0.08647525031450504 0.07290050590219227 15-000769
3 0.903745362563229 0.3180000000000014 0.151899246375837 0.1281787521079258 15-000383
3 0.7006863406408217 0.6466273187183796 0.08647525031450504 0.07290050590219227 15-000769
3 0.903745362563229 0.3180000000000014 0.151899246375837 0.1281787521079258 15-000383
3 0.7006863406408217 0.6466273187183796 0.08647525031450504 0.07290050590219227 15-000769
3 0.903745362563229 0.3180000000000014 0.151899246375837 0.1281787521079258 15-000383
3 0.7006863406408217 0.6466273187183796 0.08647525031450504 0.07290050590219227 15-000769
