1 0.3400000000000034 0.07225548060708327 0.17556745429508439 0.14451096121416654 09-000079
1 0.08663176640065838 0.9150801011804385 0.17326353280131676 0.16983979763912288 09-000040
1 0.3400000000000034 0.07225548060708327 0.17556745429508439 0.14451096121416654 09-000079
1 0.08663176640065838 0.9150801011804385 0.17326353280131676 0.16983979763912288 09-000040
1 0.3400000000000034 0.07225548060708327 0.17556745429508439 0.14451096121416654 09-000079
1 0.08663176640065838 0.9150801011804385 0.17326353280131676 0.16983979763912288 09-000040
1 0.3400000000000034 0.07225548060708327 0.17556745429508439 0.14451096121416654 09-000079
1 0.08663176640065838 0.9150801011804385 0.17326353280131676 0.16983979763912288 09-000040
1 0.3400000000000034 0.07225548060708327 0.17556745429508439 0.14451096121416654 09-000079
1 0.08663176640065838 0.9150801011804385 0.17326353280131676 0.16983979763912288 09-000040
