3 0.4273136593591926 0.5680000000000014 0.317497663333389 0.25283305227656 15-000155
2 0.9104114671163639 0.710686340640809 0.06679775189221229 0.05827993254637428 15-001141
3 0.4273136593591926 0.5680000000000014 0.317497663333389 0.25283305227656 15-000155
2 0.9104114671163639 0.710686340640809 0.06679775189221229 0.05827993254637428 15-001141
3 0.4273136593591926 0.5680000000000014 0.317497663333389 0.25283305227656 15-000155
2 0.9104114671163639 0.710686340640809 0.06679775189221229 0.05827993254637428 15-001141
3 0.4273136593591926 0.5680000000000014 0.317497663333389 0.25283305227656 15-000155
2 0.9104114671163639 0.710686340640809 0.06679775189221229 0.05827993254637428 15-001141
3 0.4273136593591926 0.5680000000000014 0.317497663333389 0.25283305227656 15-000155
2 0.9104114671163639 0.710686340640809 0.06679775189221229 0.05827993254637428 15-001141
