4 0.8480978077571663 0.511529510961214 0.13076592236368415 0.12799325463743672 09-000114
3 0.730254637436757 0.6770590219224283 0.07761895284611448 0.07521079258010122 09-000248
4 0.8480978077571663 0.511529510961214 0.13076592236368415 0.12799325463743672 09-000114
3 0.730254637436757 0.6770590219224283 0.07761895284611448 0.07521079258010122 09-000248
4 0.8480978077571663 0.511529510961214 0.13076592236368415 0.12799325463743672 09-000114
3 0.730254637436757 0.6770590219224283 0.07761895284611448 0.07521079258010122 09-000248
4 0.8480978077571663 0.511529510961214 0.13076592236368415 0.12799325463743672 09-000114
3 0.730254637436757 0.6770590219224283 0.07761895284611448 0.07521079258010122 09-000248
4 0.8480978077571663 0.511529510961214 0.13076592236368415 0.12799325463743672 09-000114
3 0.730254637436757 0.6770590219224283 0.07761895284611448 0.07521079258010122 09-000248
