2 0.4350590219224352 0.1150000000000002 0.12668288937059705 0.11556492411467116 15-000425
3 0.7169409780775801 0.4202546374367623 0.05906914782969194 0.05657672849915685 15-001087
2 0.4350590219224352 0.1150000000000002 0.12668288937059705 0.11556492411467116 15-000425
3 0.7169409780775801 0.4202546374367623 0.05906914782969194 0.05657672849915685 15-001087
2 0.4350590219224352 0.1150000000000002 0.12668288937059705 0.11556492411467116 15-000425
3 0.7169409780775801 0.4202546374367623 0.05906914782969194 0.05657672849915685 15-001087
2 0.4350590219224352 0.1150000000000002 0.12668288937059705 0.11556492411467116 15-000425
3 0.7169409780775801 0.4202546374367623 0.05906914782969194 0.05657672849915685 15-001087
2 0.4350590219224352 0.1150000000000002 0.12668288937059705 0.11556492411467116 15-000425
3 0.7169409780775801 0.4202546374367623 0.05906914782969194 0.05657672849915685 15-001087
