3 0.9546273187183795 0.44737268128161883 0.06582645448782604 0.06177065767284991 15-000956
4 0.11362731871837134 0.8587841483979765 0.06306277136803742 0.0640472175379426 15-001046
3 0.9546273187183795 0.44737268128161883 0.06582645448782604 0.06177065767284991 15-000956
4 0.11362731871837134 0.8587841483979765 0.06306277136803742 0.0640472175379426 15-001046
3 0.9546273187183795 0.44737268128161883 0.06582645448782604 0.06177065767284991 15-000956
4 0.11362731871837134 0.8587841483979765 0.06306277136803742 0.0640472175379426 15-001046
3 0.9546273187183795 0.44737268128161883 0.06582645448782604 0.06177065767284991 15-000956
4 0.11362731871837134 0.8587841483979765 0.06306277136803742 0.0640472175379426 15-001046
3 0.9546273187183795 0.44737268128161883 0.06582645448782604 0.06177065767284991 15-000956
4 0.11362731871837134 0.8587841483979765 0.06306277136803742 0.0640472175379426 15-001046
