3 0.13019561551432982 0.10400000000000009 0.07243414982880238 0.06510961214165259 15-000863
3 0.8326273187183938 0.17799999999999994 0.07671688876469575 0.06863406408094438 15-000806
3 0.5420000000000016 0.754716694772344 0.5668111878634308 0.5396232715008431 15-000048
3 0.13019561551432982 0.10400000000000009 0.07243414982880238 0.06510961214165259 15-000863
3 0.8326273187183938 0.17799999999999994 0.07671688876469575 0.06863406408094438 15-000806
3 0.5420000000000016 0.754716694772344 0.5668111878634308 0.5396232715008431 15-000048
3 0.13019561551432982 0.10400000000000009 0.07243414982880238 0.06510961214165259 15-000863
3 0.8326273187183938 0.17799999999999994 0.07671688876469575 0.06863406408094438 15-000806
3 0.5420000000000016 0.754716694772344 0.5668111878634308 0.5396232715008431 15-000048
3 0.13019561551432982 0.10400000000000009 0.07243414982880238 0.06510961214165259 15-000863
3 0.8326273187183938 0.17799999999999994 0.07671688876469575 0.06863406408094438 15-000806
3 0.5420000000000016 0.754716694772344 0.5668111878634308 0.5396232715008431 15-000048
3 0.13019561551432982 0.10400000000000009 0.07243414982880238 0.06510961214165259 15-000863
3 0.8326273187183938 0.17799999999999994 0.07671688876469575 0.06863406408094438 15-000806
3 0.5420000000000016 0.754716694772344 0.5668111878634308 0.5396232715008431 15-000048
3 0.13019561551432982 0.10400000000000009 0.07243414982880238 0.06510961214165259 15-000863
3 0.8326273187183938 0.17799999999999994 0.07671688876469575 0.06863406408094438 15-000806
3 0.5420000000000016 0.754716694772344 0.5668111878634308 0.5396232715008431 15-000048
