3 0.03700000000000614 0.4429999999999996 0.06945485317774626 0.06807757166947724 15-000859
4 0.25225463743674836 0.681 0.1014822921765998 0.0921922428330522 15-000568
3 0.03700000000000614 0.4429999999999996 0.06945485317774626 0.06807757166947724 15-000859
4 0.25225463743674836 0.681 0.1014822921765998 0.0921922428330522 15-000568
3 0.03700000000000614 0.4429999999999996 0.06945485317774626 0.06807757166947724 15-000859
4 0.25225463743674836 0.681 0.1014822921765998 0.0921922428330522 15-000568
3 0.03700000000000614 0.4429999999999996 0.06945485317774626 0.06807757166947724 15-000859
4 0.25225463743674836 0.681 0.1014822921765998 0.0921922428330522 15-000568
3 0.03700000000000614 0.4429999999999996 0.06945485317774626 0.06807757166947724 15-000859
4 0.25225463743674836 0.681 0.1014822921765998 0.0921922428330522 15-000568
