3 0.3352546374367609 0.10962731871838155 0.1456986240668063 0.1352445193929174 09-000104
1 0.6327841483979768 0.15099999999999983 0.2748609785545787 0.26323777403035414 09-000026
3 0.3352546374367609 0.10962731871838155 0.1456986240668063 0.1352445193929174 09-000104
1 0.6327841483979768 0.15099999999999983 0.2748609785545787 0.26323777403035414 09-000026
3 0.3352546374367609 0.10962731871838155 0.1456986240668063 0.1352445193929174 09-000104
1 0.6327841483979768 0.15099999999999983 0.2748609785545787 0.26323777403035414 09-000026
3 0.3352546374367609 0.10962731871838155 0.1456986240668063 0.1352445193929174 09-000104
1 0.6327841483979768 0.15099999999999983 0.2748609785545787 0.26323777403035414 09-000026
3 0.3352546374367609 0.10962731871838155 0.1456986240668063 0.1352445193929174 09-000104
1 0.6327841483979768 0.15099999999999983 0.2748609785545787 0.26323777403035414 09-000026
