2 0.40845025295108867 0.6221365935919058 0.40872957624053163 0.3578246205733559 15-000088
3 0.7222546374367756 0.9086863406408094 0.0902854268428525 0.08480607082630685 15-000697
2 0.40845025295108867 0.6221365935919058 0.40872957624053163 0.3578246205733559 15-000088
3 0.7222546374367756 0.9086863406408094 0.0902854268428525 0.08480607082630685 15-000697
2 0.40845025295108867 0.6221365935919058 0.40872957624053163 0.3578246205733559 15-000088
3 0.7222546374367756 0.9086863406408094 0.0902854268428525 0.08480607082630685 15-000697
2 0.40845025295108867 0.6221365935919058 0.40872957624053163 0.3578246205733559 15-000088
3 0.7222546374367756 0.9086863406408094 0.0902854268428525 0.08480607082630685 15-000697
2 0.40845025295108867 0.6221365935919058 0.40872957624053163 0.3578246205733559 15-000088
3 0.7222546374367756 0.9086863406408094 0.0902854268428525 0.08480607082630685 15-000697
