3 0.2820978077571637 0.1559999999999997 0.08186041065866723 0.0770657672849916 09-000270
3 0.3504704890387803 0.8898431703204049 0.07555963153839924 0.07588532883642496 09-000288
3 0.2820978077571637 0.1559999999999997 0.08186041065866723 0.0770657672849916 09-000270
3 0.3504704890387803 0.8898431703204049 0.07555963153839924 0.07588532883642496 09-000288
3 0.2820978077571637 0.1559999999999997 0.08186041065866723 0.0770657672849916 09-000270
3 0.3504704890387803 0.8898431703204049 0.07555963153839924 0.07588532883642496 09-000288
3 0.2820978077571637 0.1559999999999997 0.08186041065866723 0.0770657672849916 09-000270
3 0.3504704890387803 0.8898431703204049 0.07555963153839924 0.07588532883642496 09-000288
3 0.2820978077571637 0.1559999999999997 0.08186041065866723 0.0770657672849916 09-000270
3 0.3504704890387803 0.8898431703204049 0.07555963153839924 0.07588532883642496 09-000288
