3 0.4369999999999976 0.49847048903878527 0.07188247437091014 0.06441821247892063 09-000361
3 0.6540978077571635 0.9518254637436763 0.10570924438168663 0.09634907251264754 09-000175
3 0.4369999999999976 0.49847048903878527 0.07188247437091014 0.06441821247892063 09-000361
3 0.6540978077571635 0.9518254637436763 0.10570924438168663 0.09634907251264754 09-000175
3 0.4369999999999976 0.49847048903878527 0.07188247437091014 0.06441821247892063 09-000361
3 0.6540978077571635 0.9518254637436763 0.10570924438168663 0.09634907251264754 09-000175
3 0.4369999999999976 0.49847048903878527 0.07188247437091014 0.06441821247892063 09-000361
3 0.6540978077571635 0.9518254637436763 0.10570924438168663 0.09634907251264754 09-000175
3 0.4369999999999976 0.49847048903878527 0.07188247437091014 0.06441821247892063 09-000361
3 0.6540978077571635 0.9518254637436763 0.10570924438168663 0.09634907251264754 09-000175
