4 0.8002546374367644 0.14431365935919135 0.09574091619752283 0.09460370994940982 09-000180
3 0.4082546374367685 0.5841568296795961 0.06667373678778901 0.06610455311973007 09-000360
4 0.8002546374367644 0.14431365935919135 0.09574091619752283 0.09460370994940982 09-000180
3 0.4082546374367685 0.5841568296795961 0.06667373678778901 0.06610455311973007 09-000360
4 0.8002546374367644 0.14431365935919135 0.09574091619752283 0.09460370994940982 09-000180
3 0.4082546374367685 0.5841568296795961 0.06667373678778901 0.06610455311973007 09-000360
4 0.8002546374367644 0.14431365935919135 0.09574091619752283 0.09460370994940982 09-000180
3 0.4082546374367685 0.5841568296795961 0.06667373678778901 0.06610455311973007 09-000360
4 0.8002546374367644 0.14431365935919135 0.09574091619752283 0.09460370994940982 09-000180
3 0.4082546374367685 0.5841568296795961 0.06667373678778901 0.06610455311973007 09-000360
