3 0.053421593317534224 0.19500000000000028 0.11752750529857531 0.14060708263069138 15-000349
1 0.8669187058779166 0.9033617200674534 0.29277884706858354 0.2126042158516025 15-000113
3 0.053421593317534224 0.19500000000000028 0.11752750529857531 0.14060708263069138 15-000349
1 0.8669187058779166 0.9033617200674534 0.29277884706858354 0.2126042158516025 15-000113
3 0.053421593317534224 0.19500000000000028 0.11752750529857531 0.14060708263069138 15-000349
1 0.8669187058779166 0.9033617200674534 0.29277884706858354 0.2126042158516025 15-000113
3 0.053421593317534224 0.19500000000000028 0.11752750529857531 0.14060708263069138 15-000349
1 0.8669187058779166 0.9033617200674534 0.29277884706858354 0.2126042158516025 15-000113
3 0.053421593317534224 0.19500000000000028 0.11752750529857531 0.14060708263069138 15-000349
1 0.8669187058779166 0.9033617200674534 0.29277884706858354 0.2126042158516025 15-000113
